userid,connectionid,status
Krystina_Zboncak,Luis_Ortiz,Request
Forrest,Jazmyn_Heathcote,Reject
Gail,Morgan,Reject
Narciso,Verlie,Reject
Kolby,Lori,Reject
Bessie_Prosacco,Maureen.Witting,Accept
Lelah,Valerie,Request
Jorge,Bennie,Accept
Dudley.Cummerata,Anna,Accept
Kaylah.Leuschke,Kirstin,Reject
Presley_Blanda,Cassandre,Reject
Cleo.Bahringer,Claudine,Reject
Kallie_Johns,Blaise_Hammes,Accept
Connie,Faye.Miller,Accept
Natalie,Luciano.Wolf,Accept
Toney.Vandervort,Orland_Crooks,Reject
Lisette_Hand,Verlie,Request
Gerard,Vita.Beer,Accept
Ollie_Gaylord,Darren,Request
Mona_Jerde,Tad,Accept
Brandyn,Germaine.Spencer,Request
Eliseo_Wehner,Abelardo_Romaguera,Reject
Brayan_Larkin,Rowena,Request
Vaughn,Cali,Accept
Alexandra.O'Keefe,Asia,Accept
Leola.Hayes,Kolby.Bartell,Request
Archibald,Wilfredo_Walter,Reject
Dario_Breitenberg,Ella.Leffler,Request
Carmel_Littel,Marisa,Reject
Jammie,Santino_Rosenbaum,Request
Lavada_Bayer,Adella.McDermott,Request
Carolina.Friesen,Jackson,Request
Erling.Reichert,Eloy,Reject
Arianna.Sanford,Peyton.Conroy,Reject
Krista_Kerluke,Louvenia.Kertzmann,Accept
Kasandra,Cierra.Gorczany,Accept
Eloisa.Marks,Kian_Kiehn,Request
Payton.Wisozk,Melissa,Request
Niko_Cronin,Bessie_Runolfsdottir,Reject
Filomena_Tromp,Shirley,Reject
Tyrique,Cielo_Rippin,Accept
Terrance.Lakin,Neva_Thompson,Accept
Zane.Ernser,Renee,Request
Adolphus,Lesley,Reject
Carmel,Elfrieda.Gerlach,Accept
Florencio.Goodwin,Rashad,Accept
Breanna_Kuhic,Norma.Adams,Accept
Luigi,Lemuel.Schmidt,Accept
Jett.Kling,Luciano.Wolf,Reject
Toney.Heidenreich,Brennon,Request
Gillian.Macejkovic,Krista_Mueller,Request
Bethany,Myah,Request
Jayden.Crooks,Meghan,Accept
Mertie,Ardith_Goodwin,Reject
Marshall.Schowalter,Skylar,Reject
Heather.Mitchell,Monserrate_Cummerata,Reject
Elise.Schmidt,Enrique_Langworth,Reject
Milton,Kirk.Gutkowski,Accept
Stanley_Johnson,Wilford,Accept
Dudley,Alexandre,Request
Sarah,Xander,Accept
Ella_Schoen,Kadin_Wolff,Accept
America_Predovic,Eliseo_Murazik,Request
Joseph,Valentin,Request
Bridie,Brenna.Pacocha,Request
Khalil,Abdiel_Towne,Reject
Adan_Rice,Mackenzie,Reject
Jalon,Myra,Request
Aisha.Nitzsche,Jules,Accept
Sydni,Briana_Beier,Reject
Barrett,Dahlia_Strosin,Accept
Ronaldo,Nikita,Reject
Kailey,Stuart,Reject
Florida,Bridgette,Request
Elisa,Brady_Upton,Reject
Seth,Maryse,Request
Santos.Bruen,Brando_Kuhic,Request
Morgan.Zboncak,Gayle.Rau,Reject
Simone,Daisha.Medhurst,Accept
Sidney,Lessie,Reject
Mario,Rachel_Zulauf,Request
Imelda_Barrows,Alexa,Reject
Ezekiel,Abagail,Request
Beulah_Koepp,Karl_HarÂªann,Accept
Raheem,Angus.Block,Reject
Ophelia,Fay.Homenick,Request
Roma.HarÂªann,Carlos_Moore,Reject
Armando,Dejuan.Haley,Accept
Rory_Luettgen,Alena,Request
Zelda_Connelly,Twila_Marks,Request
Clare,Alexanne,Reject
Freddie,Jayden,Request
Kassandra_Thompson,Sidney.Schuppe,Request
Sabina_Brakus,Teresa,Accept
Kadin,Gaylord_Watsica,Reject
Jordy,Lionel_Johnson,Accept
Lessie,Amaya_Harvey,Accept
Casey,Marcel_O'Connell,Accept
Lisette_Rohan,Adela,Reject
Martine,Toy.Wisoky,Request
Zelda,Joseph,Reject
Mollie.Watsica,Dixie,Reject
Yolanda,Jason,Accept
Freda,Orlando,Request
Reynold_Schulist,Scotty.Ledner,Reject
Jesus.Goodwin,Geoffrey,Accept
Lesly_Reilly,Christian,Request
Gracie,Vicky,Accept
Garrison.Koelpin,Aimee_Kreiger,Request
Kristian,Mario,Request
Tamara.Gaylord,Wilma,Request
Maribel_Medhurst,Daniella.Ebert,Accept
Shaun.Denesik,Leonardo.Ernser,Accept
Hallie,Green,Accept
Abbie.Murray,Annette.Jenkins,Reject
Domenick,Caleb.Murphy,Reject
Randall.Kshlerin,Kaylah,Request
Emelia,Wayne_Cremin,Request
Ken_Hills,Rollin,Accept
Vanessa_Cruickshank,Edythe.Hoppe,Accept
Lacy.Gottlieb,Carole,Accept
Kristofer_Parisian,Ed.Bashirian,Reject
Bryana.Wilkinson,Cara,Request
Cornell.McDermott,German_Hodkiewicz,Request
Madelynn.Moore,Bradford_Goldner,Request
Zetta,Saul,Reject
Percy,Layne,Accept
Luciano_Frami,Berniece.Hyatt,Request
Garfield_Collins,Lafayette,Reject
Laurie.Smitham,Reilly_Rau,Request
Myrtice,Jodie,Request
Faye,April_Larson,Reject
Elijah,Trevor.Tromp,Accept
Lavinia.Simonis,Verda,Reject
Halle_Howe,Raven.Krajcik,Accept
Sean,Edyth.Mosciski,Request
Dylan_Mayert,Alycia,Accept
Dixie,Selena,Request
Ubaldo,John,Accept
Mabel,Phyllis,Reject
Rickie,Violette.Quigley,Accept
Dedric,Casimir_Wintheiser,Accept
Toney,Zion_Langosh,Request
Blair_Bode,Roger.Jacobs,Reject
Ambrose,Albert_Dibbert,Accept
Anissa_Harvey,Barrett,Request
Alejandrin.D'Amore,Virgil_Mills,Accept
Jamison,Sandy,Reject
Roosevelt_Gislason,Berry.Dach,Accept
Dedrick.Beatty,Arnold,Reject
Karianne,Trisha,Reject
Clara,Lon_Mosciski,Request
Jordane_Boehm,Dolly_Murphy,Request
Anna,Alphonso,Reject
Anthony,Eleazar_Bayer,Accept
Maryam,Hassie,Reject
Bernardo,Antonetta.Adams,Request
Reilly.Anderson,Mack_HarÂªann,Reject
Emily,Wilber,Accept
Steve.Purdy,Adriana,Reject
Ricardo,Ila,Reject
Ulises_Windler,Rosamond,Accept
Constantin,Summer_Lesch,Reject
Jeromy,Santiago,Request
Ines,Lauretta,Reject
Catherine,Domingo.Abshire,Request
Audreanne.Ankunding,Brenna.Pacocha,Accept
Maurice.Hettinger,Edwin_Bergnaum,Request
Audreanne,Wanda,Request
Osborne_Murray,Marlin_Bernhard,Reject
Esta.Gibson,Donato.Adams,Accept
Rylee,Chance.Powlowski,Accept
Lily,Marianna,Accept
Betsy.Ortiz,Winona_Cormier,Request
Cielo.Donnelly,Kobe.Schneider,Accept
Russell_Eichmann,Vernon,Accept
Meta,Patricia,Reject
Aurore,Francis,Request
Germaine_Harris,Johnpaul,Request
Hudson,Ozella.Dietrich,Accept
Ruth.Greenfelder,Forest,Accept
Franco,Kaela,Accept
Rex,Mireya,Request
Tyrese,Florian.Pfannerstill,Reject
Cynthia,Addie,Request
Kacie,Gregorio_Feeney,Accept
Tatyana.Wunsch,Hal_Ledner,Request
Jaden.Hickle,Dakota,Accept
Bette,Leola,Reject
Vaughn,Eladio,Accept
Rudolph,Fanny.Koelpin,Request
Elnora,Myles.Boyer,Accept
Rylee,Camren_Parker,Request
Yasmeen,Cortez_Price,Request
Kattie,Filomena_Hyatt,Request
Vicenta,Mohammad_Schaden,Accept
Kyra,Green_Funk,Reject
Prudence_Nicolas,Harold,Request
Candace,Toby.Dickens,Accept
Jaunita.Kovacek,Morgan_Moen,Accept
Johathan.Collier,Erich,Request
Samson_Heidenreich,Madelynn,Request
Emil,Gabe,Reject
Brown,Tanner,Request
Helena.Koss,Albin,Request
Toby_Lynch,Jailyn_Klein,Request
Clare.Waelchi,Timmy_Considine,Reject
Rene_Gutkowski,Danika,Request
Matteo,Narciso,Reject
Oswald,Finn,Accept
Mylene,Jasen.Breitenberg,Reject
Jamal.Conroy,Myrtice,Request
Carey.Zieme,Kathryn,Accept
Cory.Murphy,Amalia.Bailey,Accept
August,Evelyn.Kuhn,Reject
Archibald.Cole,Mustafa,Request
Theresa,Anabelle,Reject
Sidney_Kessler,Karina,Request
Jermain.McKenzie,Freeman.Kuhic,Reject
Okey.Predovic,Markus,Accept
Dillan.Champlin,Eula.Schumm,Request
Selmer.McGlynn,Marion.Schroeder,Accept
Kendra,Nicolette.Purdy,Request
Shayna.Hegmann,Emory.Hudson,Accept
Ulices.Bode,Jerome_Hegmann,Reject
Berenice.Parker,Isabelle.Johns,Request
Mertie,Reuben,Reject
Mina_Kirlin,Stephan.Corkery,Accept
Miracle,Sheldon.Wunsch,Request
Soledad,Dora_Daugherty,Reject
Davonte,Bernard_Orn,Accept
Dave.Ryan,Destini.Farrell,Accept
Rene_Gutkowski,Destin_Kilback,Accept
Amira.Nikolaus,Mortimer_Kutch,Reject
Ward_Bergstrom,Eldridge,Request
Talon_Nienow,Margret,Reject
Arvel_Schimmel,Wilmer_Runte,Accept
Adrienne,Maybelle.Gleason,Accept
Deondre_Kemmer,Zita,Request
Bertrand.Hauck,Damion_Parisian,Accept
Maryjane_Brakus,Gabrielle.Fay,Request
Dedric_Harris,Hudson_Kerluke,Accept
Flavio,Barry.Bosco,Reject
Rozella,Frances,Accept
Florine_Beatty,Adaline.Sawayn,Request
Shad,Kaia_Schmeler,Request
Eunice_Predovic,Edmond,Reject
Shaylee.McCullough,Araceli,Accept
Bernhard_Lehner,Josefina_Nienow,Reject
Milan_Hessel,Quinn.Jacobson,Reject
Sim,Susanna,Accept
Seth,Delaney,Request
Rhiannon,Larissa,Accept
Dallin.Carter,Shannon.Krajcik,Request
Maxime,Christop_Reilly,Reject
Ian,Murray,Accept
Lavinia,Keira.Jenkins,Accept
Evalyn,Nicholas,Reject
Logan.Schmidt,Alfonzo.Feest,Reject
Seamus_Feeney,Lou.Schneider,Accept
Mariano_Walsh,Stanley,Reject
Demond,Rosendo,Accept
Myrna,Louie,Accept
Darren,Annabelle,Accept
Jordyn.Kovacek,Libby,Accept
Pierce,Dave,Request
Evie_Mueller,Thomas,Request
Ona.Grady,Raphael,Request
Myrtle,Bernadine.Schowalter,Request
Jeramie,Elvera_Sawayn,Request
Lilly,Wellington.Tromp,Accept
Vergie,Alisha.Rowe,Request
Kacie_D'Amore,Ellsworth.Dickens,Request
Sallie,Erick_Kautzer,Reject
Jules,Maxime,Reject
Nona,Gerda,Reject
Bailee.Gottlieb,Kaley_Zulauf,Request
Fanny,Guillermo_Dickens,Accept
Mariela.Howell,Chanelle_Rolfson,Reject
Godfrey.Kuhic,Bradford.Blanda,Reject
Beaulah.Greenholt,Royal_Brakus,Accept
Zelma.Koss,Rosemary,Reject
Audreanne,Adele,Accept
Therese.Tillman,Keyon,Accept
Pascale.Altenwerth,Cale.Gerhold,Accept
Jacinthe.Rippin,Fabiola,Accept
Howard.Bauch,Zackery.Aufderhar,Request
Tatyana,Electa_Dooley,Request
Stephen.Harber,Cristal.Langosh,Request
Orrin_Nitzsche,Nola,Request
Jarvis_Walker,Karli.Wehner,Accept
Richie,Abner.Miller,Reject
Richard_Howe,Lonzo_Nikolaus,Request
Alberto,Aliya,Accept
Gladyce,Robert,Accept
Lera_Mosciski,Tanya,Reject
Adrien,Braxton,Reject
Edmund.Keebler,Herman.Hammes,Accept
Eryn,Leann,Accept
Leif_Haag,Rafaela_Hirthe,Accept
Magnus,Orval,Request
Vladimir_Hudson,Maverick,Accept
Oswaldo,Leland_Renner,Accept
Meaghan_Morissette,Jamie,Reject
Jerel.Cummerata,Van_Rath,Accept
Micheal.Ebert,Mose,Reject
Kyler_Kris,Harmon,Request
Norbert,Einar,Request
Lamont,Jacinthe_Crist,Reject
Tatum,Skye.Wunsch,Request
Bernice_Rogahn,Tre,Request
Barton,Lucas,Request
Wilton.Harris,Clair,Accept
Vivian,Michele,Reject
Adella,Amelie,Accept
Shayna.Powlowski,Jeff.Kilback,Reject
Coleman.Donnelly,Bonita_Emard,Request
Kyleigh,Roma,Accept
Willa,Jettie,Request
Rossie,Ally,Reject
Meda.Sipes,Meda,Reject
Janessa.Yost,Alexis_Fahey,Reject
Felicita,Cornelius_Kautzer,Request
Mackenzie.Runolfsdottir,Maryse,Request
Kelvin,Roxane,Reject
Tyrique,Jammie,Reject
Bo.Boehm,Isobel_Kulas,Request
Terrence.Volkman,Nina,Request
Zoey,Pasquale.Hessel,Reject
Camren.Grant,Jaylon,Accept
Erna,Reva_Jenkins,Accept
Hilbert.Flatley,Coleman.Heller,Reject
Carlotta.Simonis,Jarrett.Gleichner,Request
Sharon_Barrows,Foster_Hahn,Reject
Joana,Makenzie,Request
Margaretta,Lexus.Hintz,Reject
Beulah,Ciara,Accept
Selmer.Zulauf,Anais.Walker,Request
Itzel_Ferry,Guadalupe,Request
Hanna,Aliza.Stiedemann,Accept
Michel_Grady,Mallie,Accept
Florence,Helene_Graham,Accept
Dominic.Windler,Vergie.Skiles,Reject
Giovanni.Murazik,Rachel_Harris,Reject
Faustino,Tyrese,Reject
Alfredo,Lavern,Request
Rashawn_Streich,General_Daugherty,Request
Guido_Quigley,Destini.Brown,Accept
Devante_Volkman,Evans.Casper,Accept
Verna,Vern,Request
Vincenzo.Bartell,Raegan_Bergstrom,Reject
Ellis_Lemke,Jalon_Abbott,Reject
Letha.Schmeler,Horace.Smith,Accept
Lavinia,Genesis,Request
Ressie,Herman_Jacobson,Request
Amelie_Cummerata,Terrell_Ledner,Reject
Joy.Windler,Cindy_Hills,Request
Natalie,Crystal,Reject
Oleta_Kemmer,Christa.Miller,Request
Uriah.Graham,Simone_Mills,Reject
Adrienne,Annabelle.Lind,Accept
Marilie,Richie,Request
Lera.Reinger,Reginald_Hilll,Request
Gregorio,Florence_Boyle,Request
Lambert,Talon,Reject
Elliott,Erick.Kuhic,Accept
Eloisa,Grace,Accept
Nasir,Sibyl.Kertzmann,Request
Danyka.Wehner,Karina,Request
Jane,Roberta,Accept
Watson,Hector,Reject
Mervin,Jacquelyn,Accept
Justine_Block,Rosalyn.Hoeger,Request
Norris_VonRueden,Marley.Reichert,Accept
Griffin,Clay_Tromp,Request
Dovie,Lavina,Reject
Jace_Mertz,Ewell_Pfannerstill,Request
Garry_Windler,Aimee,Accept
Erick,Jarrett,Accept
Gaston_Klocko,Pascale_Schowalter,Reject
Roosevelt_Gibson,Bryana,Reject
Alysa,Roxane_Beer,Reject
Louisa_Miller,Kareem_Kub,Reject
Danny.Collins,Emerald_Roob,Accept
Ed.Bashirian,Jayce,Reject
Deondre.Schowalter,Hipolito,Request
Orville.Rutherford,Dennis,Request
Carolyn,Reed,Reject
Adam_Dach,Leo_West,Reject
Abbey.Kovacek,Adolfo.Will,Accept
Verdie_Treutel,Madelynn,Reject
Ryleigh,Keven,Accept
Edwardo,Margaretta.Volkman,Accept
Cecile.Bauch,Patience.Braun,Reject
Xander,Dallas_Ankunding,Accept
Charley,Quincy.Kub,Reject
Dortha.Sipes,Verona,Request
Maurice,Maximo.Terry,Accept
Heather,Edyth,Reject
Bernadine,Eleanora.Dare,Accept
Giovanni,Mollie_Mraz,Request
Anna,Ethelyn,Reject
Garett,Beau,Reject
Maude,Santos,Request
Zelda,Griffin,Accept
Diego,Lora,Accept
Audra,Melody_Hermann,Request
Winnifred.Schuppe,Cara.Luettgen,Accept
Selmer,Rachelle,Accept
Torrey.West,Jeromy,Request
Kaitlyn,Letitia,Accept
Santiago,Susan,Accept
Dejuan_Medhurst,Enrico.VonRueden,Reject
Dorcas,Lyla_Lockman,Request
Aron_Fritsch,Alaina_Grady,Reject
Felipe_Koss,Rita_Hand,Reject
Erling,Ryan.Bayer,Reject
Vena_Ebert,Reta.Mitchell,Accept
Kristoffer.Rogahn,Estel_Skiles,Accept
Elvis_Prohaska,Maryam,Reject
Cynthia,Shaina,Accept
Francisca,Porter.Sipes,Reject
Leone.Towne,Curt,Accept
Salvatore_Brown,Coty_Johnston,Request
Brianne_Jacobson,Kristin_Mitchell,Request
Austyn,Alexanne.McKenzie,Accept
Jerrell.Borer,Earlene_Boyle,Accept
Tatum,Paris,Reject
Princess,Mara.Smith,Reject
Janis,Colt.Nolan,Accept
Anderson,Kennith,Reject
Julius,Brannon_Kautzer,Reject
Dakota,Alanna_Purdy,Request
Darrion,Amira,Request
Nola_Brown,Julien.Murray,Request
Rosie,Dewayne.Robel,Reject
Linda_Hintz,Daryl,Reject
Webster.Douglas,Roscoe,Request
Dianna.Ledner,Tina,Reject
Anika.O'Connell,Vladimir.Goyette,Request
Brenna.Pacocha,Blaise_Trantow,Request
Misty.Glover,Zachary.Langosh,Request
Cathrine_Lebsack,Eliane,Request
Lolita_Goodwin,Oleta.Pacocha,Accept
Fredrick_Bode,Wilbert,Accept
Giuseppe,Dejah_Bartell,Reject
Coty,Newton.Muller,Accept
Emilia,Halie.Howe,Request
Alvena,Sigurd.Roob,Request
Casandra_Gerlach,Ike_Conn,Accept
Nichole.Reichel,Enrico.Herzog,Request
Cleo,Shaina,Reject
Jorge.Yundt,Carolyn,Request
Marco,Daija.Jerde,Request
Grady.Keeling,Pansy.Watsica,Request
Philip,Julius.Harber,Reject
Name,Abdiel,Reject
Davin.Gutkowski,Kolby.Denesik,Accept
Brionna.Bode,Mose,Reject
Chase_Aufderhar,Priscilla,Accept
Manley_Klocko,Cortez_McCullough,Request
Bryon,Dawson_Boyer,Reject
Gregg_Toy,Dixie_Kunze,Request
Jeremie,Nicklaus_Rodriguez,Accept
Nakia,Nils_Homenick,Reject
Billy,Kendrick.Trantow,Accept
Pietro_Tremblay,Makenzie,Request
Audra,Jalon.O'Kon,Request
Rickey,Noe.Steuber,Request
Amber,Allen.Kautzer,Request
Wendell,Amely.Feest,Accept
Otho,Xander,Accept
Troy,Jimmy_Little,Reject
Vincenzo_Gusikowski,Asia.Schaefer,Request
Sonia.Labadie,Mylene_Jacobs,Accept
Idell.Nicolas,Micaela,Accept
Jaydon.Streich,Dina,Request
Adelia,Keith,Reject
Laron.Conroy,Dallin.O'Reilly,Request
Osborne.Dietrich,Treva,Request
Adriel,Pat_Wiegand,Request
Destiney,Lindsey,Reject
Ressie,Mallie,Request
Liliane,America_Predovic,Accept
Daren_Gleichner,Geoffrey.Turcotte,Request
Kiley_Konopelski,Ivah.Lind,Accept
Adalberto_Halvorson,Jane,Request
Sanford,Noah.Streich,Accept
Clementine_Bahringer,Lew,Accept
Makenzie,Zakary,Accept
Laurence,Beaulah,Reject
Wendell.Baumbach,Sofia_Gerlach,Reject
Mark,Mohamed.Metz,Reject
Alessandra.Dare,Jerry.Ward,Request
Margot.Kris,Khalil_Cartwright,Accept
Ransom,Myron,Request
Monte.Olson,Annalise.Nicolas,Request
Crystal,Nickolas,Accept
Cristian,Darron,Request
Eva.Reinger,Dane.Rolfson,Reject
Jameson.Smith,Joesph,Reject
Brionna,Corene,Reject
Roger,Sarina,Accept
Isadore,Angelita.Collins,Reject
Jeromy,Jordi.Jones,Accept
Vivienne.Kertzmann,Karen,Reject
Charity_Turcotte,Lowell_Jacobs,Reject
Anderson,Jaime.Hills,Request
Caleigh,Trace,Request
Katheryn,Kip_Mitchell,Request
Aaliyah_Friesen,Elwyn,Request
Aryanna.Swaniawski,Brent,Reject
Charles.Hamill,Giovanny.Grant,Request
Brennon.Raynor,Joannie_Crooks,Request
Vladimir.Haag,Bud_Koepp,Request
Skyla,Jeanette,Accept
Mia_Barton,Winnifred_Johnston,Accept
Laurie_Cummings,Vivianne.Hilpert,Accept
Damion_Kessler,Margret_Feest,Accept
Jarod_Bergnaum,Nola_Frami,Reject
Kyra.Rowe,Antonia,Request
Octavia.Schamberger,Anderson_Kuphal,Accept
Lamar_Eichmann,Jordan.Koss,Accept
Edmund.Goldner,Charlie.Roob,Reject
Lois,Margaret,Request
Marguerite,Donavon.Mann,Reject
Caleigh.Stehr,Eda.Bashirian,Request
Arianna,Clara,Accept
Margarett_Frami,Skye.Wunsch,Accept
Constantin_Waters,Theresa,Accept
Lolita_Wolf,Myrtie,Accept
Levi,Dolly_Ratke,Request
Troy,Wayne_Kulas,Accept
Benton,Freida.Reichert,Request
Mckenzie_Ratke,Tyrese,Accept
Lisa,Jannie_Kling,Reject
Shayne.Labadie,Greta.Cummings,Request
Whitney.Jerde,Clara,Accept
Trudie_Kozey,Theodore,Accept
Sigmund,Delaney,Accept
Lucinda.Bednar,Nels,Reject
Louie.Windler,Hollie,Reject
Petra.Murazik,Skye.Wunsch,Reject
Alex,Virgil,Request
Bria_Weissnat,Ellie,Accept
Madisen_Bartoletti,Stefanie.Purdy,Request
Preston,Ben,Accept
Concepcion.Leffler,Lonnie.Heaney,Request
Watson,Toni,Accept
Ava,Arturo_Mertz,Reject
Jamey,Jamal,Accept
Gaston,Jedidiah,Reject
Franco,Stanley,Accept
Ernesto.King,Matilda,Accept
Price.Fisher,Christelle,Request
Lynn_Upton,Allene,Request
Mckayla_Rowe,Tobin_Gleichner,Request
Francesca.Murray,Dashawn.Rowe,Request
Paris,Ellie,Reject
Rosalyn_Rolfson,Aurelio.Schaden,Reject
Linda,Nick,Reject
Oceane,Lolita,Accept
Charlie,Thad.Hermann,Accept
Mallie,Makenzie.Parisian,Request
Toney_GuÂªann,Russ.Cronin,Accept
Eladio_Carter,Cali_Howe,Reject
Bart.Corkery,Chelsey,Request
Katelyn,Eric_Lakin,Accept
Dakota,Houston.Bednar,Accept
Lexus_Lebsack,Charley_Sporer,Accept
Keeley.Pfeffer,Willie_Eichmann,Request
Uriel,Sylvia,Request
Queenie,Martine,Request
Rogelio_Considine,Monte,Reject
Mikayla_Hand,Eduardo,Request
Lance,Jake.Williamson,Accept
Sabryna,Catharine,Reject
Josefa.Witting,Anthony_Sipes,Request
Ryann,Catherine_Beier,Reject
Armando,Gretchen_Carter,Accept
Rasheed,Augustus,Request
Katheryn,Gabriella,Accept
Carmel_Blanda,Enola,Accept
Bailey_Haag,Kiley,Reject
Rose,Renee,Accept
Mariano,Nelson,Request
Alexie_Reinger,Kennedy.Predovic,Reject
Braeden,Ursula,Accept
Ramon,Forest.Langosh,Reject
Hilbert.Parker,Nyah.Roob,Request
Rhoda,Demarco,Reject
Winona,Carli,Request
Nannie.Bayer,Alyson.Sipes,Request
Orland,Uriel_Vandervort,Accept
Bettie,Rosalinda.Greenholt,Reject
Bette,Carroll.Hirthe,Reject
Zaria,Carol,Request
Ike_Klocko,Jacey,Reject
Miller.Hoeger,Kiera_Runolfsdottir,Reject
Anika_Little,Jayden,Request
Alanis,Chandler,Accept
Eldred_Marvin,Isabel_Rogahn,Request
Deion_Schowalter,Rhianna.Batz,Request
Connor,Marianne.Botsford,Accept
Narciso,Barry.Schowalter,Reject
Kimberly.Anderson,Henri.Terry,Accept
Isai.Fisher,Kyler,Request
Delaney_Beer,Luna_DuBuque,Accept
Brent.White,Jamaal,Reject
Carol.Kemmer,Joanne.Parisian,Reject
Richard.Heidenreich,Ellen.Mann,Reject
Adella.Hilpert,Sid.Mayer,Accept
Thaddeus.Grimes,Dariana,Reject
Reid,Jude,Reject
Johathan_Von,Lonnie_Bartell,Accept
Shawn,Lucienne.Dare,Reject
Dante,Camron.Mitchell,Accept
Lila_Aufderhar,Estelle,Accept
Kaleb,Florencio_Mraz,Accept
Edwin.Mayer,Ebba,Request
Hector,Samir,Request
Daija.Jerde,Suzanne,Accept
Montana_Brown,Mertie.Breitenberg,Request
Graciela,Joy,Reject
Crawford_Stroman,Thelma,Accept
Golda_Jaskolski,Berry_Fisher,Request
Kenneth,Glennie_Koch,Reject
Rosario.Aufderhar,Lauriane,Reject
Briana.O'Reilly,Mattie.Harvey,Reject
Darrell.Becker,Creola,Request
Wilson.Skiles,Nona.Stiedemann,Reject
Evert_Block,Eugenia_Mosciski,Accept
Gerda.Satterfield,Justus_Dickinson,Request
Flavie,Jovan.Hauck,Accept
Skye,Nathanial,Reject
Dakota.HarÂªann,Tamara,Request
Caterina,Orion_Kerluke,Accept
Sheldon,Jayden,Accept
Esther.Prohaska,Devyn,Reject
Jameson,Dan.Harris,Reject
Nicole,Whitney,Accept
Bridgette,Jo_Treutel,Reject
Vincenza_Morissette,Jettie.Mertz,Request
Nestor,Luciano.Smitham,Accept
Vivian.Hagenes,Rafaela.Torp,Accept
Kiara,Adella,Request
Eleanora,Kamren.Lesch,Accept
Jamey,Danika.Kertzmann,Reject
Berenice_Friesen,Rebeka,Request
Gia_Skiles,Alan,Request
Clarissa_Johnston,Janessa,Request
Willis.Adams,Esteban.Legros,Accept
Madalyn,Hermina_Johnston,Request
Shanelle_Raynor,Yvonne_Schneider,Request
Pansy_Wisozk,Rosanna,Reject
Madalyn,Britney,Accept
Elenor_Erdman,Velma,Request
Curt,William,Request
Adella_Schaefer,Angel_Block,Reject
Eleanore,Solon,Accept
Hilton_Kshlerin,Stacey_Champlin,Reject
Sven,Josephine,Request
Chyna,Dorris.O'Reilly,Accept
Willow_Schuster,Michaela,Request
Lowell_Ebert,Cleveland,Request
Lucius.Wolf,Jovanny,Request
Erna,Roosevelt_Gibson,Reject
Eda.Bashirian,Dorris,Accept
Kris.Beer,Bertrand,Reject
Sabrina,Benjamin_Raynor,Request
Vita,Dominique.Rowe,Request
Nichole,Jolie,Request
Deanna_Rolfson,Dorothy_Collier,Reject
Haylie,Melany.Kirlin,Reject
Vito_Lockman,Lina.Dietrich,Accept
Erich.O'Reilly,Darlene_Champlin,Accept
Eliseo,Leslie,Accept
Hank.Kuvalis,Cortez.Langworth,Reject
Westley,Hermina.Green,Request
Helene,Lucie_Greenfelder,Reject
Aubrey_Powlowski,Perry,Accept
Gretchen_Carter,Johnathon_Fritsch,Reject
Sylvester,Terrill,Reject
Vaughn,Crystal.Torphy,Request
Jarrett_Langworth,Eulalia,Accept
Adrain,Citlalli.Fay,Reject
Erick,Kylie,Request
Sigmund,Angela.Bauch,Reject
Nya,Trevion,Reject
Juwan.Kirlin,Gabriel,Request
Devon,Xzavier_McGlynn,Accept
Saul,Green,Reject
Dave_Leffler,Antwan,Reject
Hallie_Balistreri,Gust,Reject
Charlie_Braun,Derrick,Accept
Antone,Werner.Quigley,Accept
Giuseppe_Osinski,Emily.Schaden,Accept
Hayley.Mertz,Albin,Accept
Mireille.Sanford,Abbey_Robel,Reject
Hyman,Sylvia_Ullrich,Reject
Albina.Morissette,Abe,Accept
Araceli,Blanca_Wolf,Reject
Cleveland.Casper,Cruz,Reject
Madie_Spinka,Nedra,Accept
Shany,Eugenia,Request
Branson,Raheem.Feil,Request
Ericka,Brooklyn_Stehr,Reject
Jillian,Abelardo,Reject
Lillian,Tyree_Nitzsche,Request
Estevan,Rod.Rolfson,Request
Ericka.Tromp,Anne_Stokes,Accept
Alberto,Jesse,Request
Emmett,Beatrice_Dietrich,Reject
Anabel.Rice,Irma_Harris,Accept
Celestino,Clotilde,Request
Carissa,Daisha_Heidenreich,Accept
Remington,Magdalen.Metz,Accept
Beryl,Daron.Tromp,Accept
Sherman.Simonis,Alexandre.Okuneva,Request
Malachi.Hahn,Pearlie,Request
Leo,Theodora.Lynch,Reject
Jalen.Ward,Douglas_Koepp,Request
Beulah,Orland,Accept
Reuben,Kiera_Runolfsdottir,Reject
Vladimir.Johnson,Juliana.Johns,Request
Hiram,Ramon.Rippin,Accept
Kennedy,Pinkie_Bruen,Reject
Ezra,Althea.Bednar,Accept
Gordon.Morissette,Ezra.Reinger,Request
Clemmie.Yundt,Lottie,Reject
Vena_Stark,Adolfo,Accept
Faye,Katharina.Connelly,Request
Yasmine,Kenna,Accept
Yesenia.Schumm,Mathias.Price,Accept
Kelsi,Olin,Reject
Rita_Hand,Oma_Krajcik,Request
Annabell,Meaghan,Accept
Esteban.Legros,Demetris,Request
Mohammed,Krista_Leuschke,Accept
Ericka,Maurice,Accept
Griffin.Buckridge,Betty,Accept
Myrl.Armstrong,Darrion,Accept
Judy.Johns,Gregorio,Accept
Jovanny,Lonnie.Heaney,Accept
Katarina.Kuhlman,Bryce.Fisher,Request
Annetta.Lindgren,Leslie.Schoen,Accept
Dane,Andrew,Accept
Bernardo,Pauline,Request
Braeden,Penelope,Reject
Andre,Nola,Request
Wilhelmine,Carter_Kilback,Request
Melyna,Elmira,Reject
Kiana_Rowe,Bailee,Accept
Reinhold_Von,Kyler.Grady,Accept
Alize_Jakubowski,Rossie,Request
Myra_Lubowitz,Rowan,Reject
Carmine,Caitlyn.Klocko,Request
Hilma,Brannon_GuÂªann,Reject
Raleigh.Klein,Eliza.GuÂªann,Reject
Ruben,Leo,Request
Omari,Cooper,Request
Larry,Shemar,Request
Evert,Adela,Reject
Dahlia.Weber,Albertha.Lynch,Accept
Marilyne,Jaycee.Schuppe,Accept
Guiseppe,Lelah_Nikolaus,Request
Bailee,Rhianna,Reject
Jodie,Israel_Miller,Accept
Dawson_Weissnat,Filiberto.Ritchie,Reject
Luisa.Hyatt,Clare,Request
Onie,Linnie,Reject
Ulices,Nikko_Mohr,Accept
Rae.Bode,Birdie,Accept
Lamont.Johns,Retha,Reject
Ladarius_Mohr,Jordane,Request
Hubert,Maximo_Ward,Accept
Concepcion.Skiles,Amira,Request
Jules_Lebsack,Micah,Reject
Hilda,Lucius_Hansen,Reject
Belle_Hoppe,Rudolph_Kunze,Reject
Lisa.Wuckert,Tessie.Crona,Reject
Dusty.Tillman,Cleo.Mayert,Reject
Adam,Cassidy_Smith,Request
Scotty,Martin.Fay,Accept
Nathanial,Florencio.Goodwin,Reject
Greg,Trisha.Doyle,Accept
Johnpaul,Emelie_Herzog,Accept
Perry,Cassandre,Accept
Arjun,Adriel_Dooley,Accept
Rozella_Toy,Estella.Waelchi,Request
Casey.Barrows,Andre.Gleason,Reject
Kobe.Schneider,Keanu,Request
Grady_Schneider,Matilde,Reject
Leonor,Elta,Request
Octavia_Shields,Kylee,Request
Cheyanne.Heller,Dimitri,Reject
Laurence_Raynor,Tatyana,Accept
Destiney,Delia,Request
Jamison.Grady,Clare.Harvey,Request
Jakayla,Shayna_Rosenbaum,Reject
Danny,Daisy,Request
Rebekah.Huels,Alejandrin.D'Amore,Request
Elise,Solon,Request
Barbara.Bechtelar,Shaina.Lebsack,Accept
Gust,Vicenta.Berge,Accept
Bryana,Jannie,Reject
Arvel_Lehner,Jeff.Harris,Request
Celestine_Considine,Alex.Stokes,Reject
Jeremie_Senger,Imogene.Hessel,Accept
Devonte_Jaskolski,Haylee.Miller,Request
Marlee,Nicolas.Gulgowski,Accept
Webster.Hessel,Moshe.Schuppe,Request
Jackson.Goyette,Laisha,Request
Destany,Juliana.Veum,Reject
Daphnee.Wisoky,Gerry.Prohaska,Request
Constantin.Olson,Alexane,Request
Jedediah,Fay.Dicki,Reject
Zackery.Aufderhar,Alessia_Powlowski,Request
Taurean_Runolfsson,Willow,Reject
Damon,Stewart,Accept
Harley,Maria.Gulgowski,Request
Nestor,Maegan,Reject
Josefina,Prudence,Reject
Watson,Isabella_Miller,Request
Therese,Jermaine,Reject
Ulices,Hosea.Bayer,Reject
Xander_Legros,Reanna,Reject
Evangeline.Mueller,Rita_Bogan,Accept
Jadon,Gaetano_Willms,Request
Layla,Julien,Request
Alberto.Kuhlman,Chad_McDermott,Accept
Coy_Waelchi,Kristoffer.Considine,Reject
Laron,Marie,Request
Okey_Heaney,Paige_Berge,Reject
Odell,Keagan,Accept
Prince_Goldner,Alene_Kuhlman,Accept
Linwood.Blick,Terrill.Graham,Request
Felix,Terrell,Reject
Sean.Rosenbaum,Finn_Bayer,Reject
Jimmie,Maida.Watsica,Accept
Constantin_Wintheiser,Verdie_Paucek,Reject
Xzavier_McGlynn,Ceasar.Schoen,Request
Kim,Lenora.Schiller,Request
Collin_Runolfsdottir,Pascale,Accept
Johnpaul,Kenny,Request
Buck.Schultz,Ambrose,Accept
Rossie.Thiel,Dallin,Accept
Easton,Ansley,Reject
Destinee.Beer,Presley.Murphy,Reject
Ariel,Damon,Request
Cade,Asa,Reject
Aliza,Eula,Accept
Jesse,Stacy_Yost,Accept
Gianni.Franecki,Jaylen.Pfeffer,Request
Jakayla,Hobart.Kub,Request
Adrianna,Jay.Grady,Accept
Noemie.Bergnaum,Evangeline.Simonis,Accept
Anissa.Quigley,Cordia.Green,Reject
Ettie_Lowe,Aliza.Nader,Request
Urban,Garth,Accept
Nelda,Shea_Jenkins,Reject
Sarah,Kiel_Hoeger,Reject
Nettie_Purdy,Cale.Lubowitz,Reject
Caesar.Pagac,Bryce.Fisher,Accept
Malika_Glover,Lola,Accept
Carmelo_Lindgren,Steve,Reject
Greg.Gorczany,Angelica_Sawayn,Accept
Annette.Kozey,Meghan,Accept
Emmie.Barrows,Robin,Reject
Leilani_DuBuque,Isaiah.VonRueden,Accept
Letitia,Orlando,Accept
Jazmin,Maci,Accept
Wyman,Birdie.Murphy,Accept
Anita,Dawn_O'Hara,Reject
Norwood_Macejkovic,Lela,Accept
Emmanuel,Vincenza,Accept
Quinten,Vita,Accept
Kaia,Libbie.Lindgren,Accept
Grady,Nikolas,Accept
Walter,Destany.Kemmer,Request
Lazaro_Ondricka,Jayda_Pacocha,Request
Kristoffer.Prosacco,Pete.Hyatt,Accept
Asa,Kayley,Reject
Blaise_Hammes,Margaret_Steuber,Reject
Floyd,Karley.Schmitt,Request
Orlo,Edgardo_Doyle,Accept
Salma.Gulgowski,Morton.Pfeffer,Accept
Mitchel,Vivian,Reject
Rickey,Martine,Accept
Karli.Schaefer,Larissa,Accept
Reba.Thiel,Brant_Wolf,Request
Cordell,Meredith,Reject
Keegan_Gleason,Hester.Mitchell,Reject
Dorian_Jewess,Ethyl,Accept
Rick,Xavier_Schaden,Accept
Tania,Betsy,Accept
Arnulfo,Rodrick,Accept
Hilbert.Flatley,Chasity.Adams,Accept
Wilfrid.Nader,Paige.Cartwright,Accept
Aubrey,Lori,Request
Christa.Bins,Melisa,Request
Earlene.Crona,Brenden,Accept
Alta,Braulio_Roob,Accept
Halie_McGlynn,Evert_Sipes,Request
Jon,Kaycee_Heathcote,Accept
Damaris_Ratke,Kailee,Request
Verla_Mosciski,Camron,Accept
Tatyana,Eduardo,Accept
Margret.Sanford,Freida.Howe,Reject
Walter_Wilderman,Linnie,Request
Johanna.Cassin,Liliane.Gibson,Reject
Noemy.Schamberger,Grayson.Moore,Request
Jaleel,Al_Dooley,Request
Emerald_Streich,Maryam,Reject
Lilian,Judge,Reject
Dewayne,Mia,Accept
Emely,Celestine,Accept
Alejandra.Cummerata,Abelardo_Johnston,Reject
Buddy,Fernando.Rippin,Request
Lilla,Louisa,Reject
Garland_Hilll,Christiana.Mann,Reject
Cordell_Strosin,Desiree_Bergnaum,Reject
Julien,Gabe_Bashirian,Request
Michel.Paucek,Deanna,Reject
Liana,Luis,Accept
Aron,Deontae,Accept
Mable.Labadie,Kelly.Vandervort,Request
Maxime_Zemlak,Sabrina,Accept
Pansy_Batz,Zelma.Kohler,Reject
Tyler,Leila,Accept
Cristobal,Estella_Thompson,Accept
Rex,Carlee_Roberts,Accept
Royce,Alivia_Leuschke,Request
Lonzo,Fernando,Reject
Porter.King,Agnes_Luettgen,Request
Broderick.Muller,Ryan,Reject
Leon_Jerde,Kenton,Accept
Alejandra,Earline,Request
Liliane,Reagan_Blanda,Request
Cleveland_Harvey,Laurine,Accept
Meghan_Bergstrom,Patience.Sauer,Reject
Gregoria,Darby,Request
Jefferey,Adolph,Accept
Friedrich,Humberto,Accept
Arlie.Miller,Catherine,Accept
Royce_Sawayn,Alan,Accept
Buck.Legros,Samson,Request
Easton,Rusty.Turcotte,Accept
Kavon,Gaylord,Accept
Brionna,Dominique.Herman,Request
Gunnar,Addie_Fay,Reject
Janae,Leif_Lesch,Reject
Roxane_Beer,Britney,Reject
Lemuel,Westley.Monahan,Request
Marcia_Brakus,Mauricio,Request
Braxton.Kshlerin,Elton.Watsica,Reject
Marion,Lucius.Wolf,Accept
Caleb_Glover,Eugene_Kunze,Reject
Miguel.Hermiston,Jeremy,Reject
Cloyd_Morar,Marjorie,Reject
Green,Jacky_Rogahn,Request
Einar.Jast,Elton,Accept
Constantin.Weber,Jerad,Request
Karson.Steuber,Roberto,Reject
Judson,Clark,Request
Betsy_Kilback,Damaris,Reject
Jany,Liam,Accept
Sean,Berry,Accept
Lorenzo,Hunter_Padberg,Request
Pietro,Dimitri,Reject
Gilberto,Modesta,Accept
Alec,Noble.Rogahn,Request
Ismael.Friesen,Christelle.Cronin,Reject
Alexane,Joana.Adams,Accept
Timmy,Lydia,Request
Aaron,Kale.Reichel,Request
Kira.Anderson,Meredith.Kemmer,Request
Murray_Bogisich,Coleman,Reject
Dexter,Emanuel,Reject
Berniece,Kenton_McDermott,Reject
Rogers,Jazmin.Lang,Request
Bryon.Shields,Bud,Reject
Matilda,Garrick_Ledner,Accept
Joelle,Jamison.O'Conner,Reject
Esteban,Albertha_Hansen,Reject
Mona,Charlie,Request
Greta.Funk,Rowan,Reject
Odessa,Alexie,Request
Susie,Ernie_Abshire,Request
Prince,Jaqueline.Mitchell,Reject
Alexanne.Brown,Eleanora,Accept
Carmine_Satterfield,Clarissa_Bosco,Accept
Nayeli_Gusikowski,Jovanny_Mueller,Request
Erick,Zackary,Reject
Armani,Aletha.Stracke,Reject
Liliana,Winifred.Kshlerin,Accept
Cassandra,Cleve_Anderson,Reject
Chandler.Wiza,Alfredo,Request
Lilla.Baumbach,Troy,Reject
Laron.Kulas,Emie,Reject
Hassan,Sally,Accept
Rashawn_Lang,Merlin_Koepp,Accept
Margie,Noah.Simonis,Request
Lily_Sipes,Fiona.Koelpin,Reject
Loy,Marietta,Request
Flossie,Landen.Davis,Accept
Kurtis.Trantow,Hilda,Accept
Bertrand,Jaquelin.Douglas,Reject
Flavie,Ruth.Hettinger,Accept
Melvina,Daphney,Request
Darrell,Dariana_Collins,Request
Elliott_Koelpin,Lorenzo.Bartoletti,Reject
Christian,Shanel,Request
Adan_Rice,Verlie_Balistreri,Reject
Pearlie_Goodwin,Wyman.Towne,Reject
Omari,Ahmad,Reject
Asha.Wilkinson,Leonel,Request
Kenya,Wilford.Toy,Reject
Jacinto,Andrew_Quigley,Accept
Blanca_Douglas,Beatrice,Reject
Constantin_Wintheiser,Vanessa,Reject
Emory,Conner_Schneider,Request
Kay.Runte,Samanta_Reinger,Request
Dawson.Schneider,Laisha,Accept
Eden,Cleve.Sanford,Reject
Kristofer,Janice_Beahan,Request
Florine,Isabel.Connelly,Request
Bud,Braden_Parisian,Reject
Kaleb,Harmon_Brekke,Reject
Royce.Barrows,Augustine.Satterfield,Request
Leonora.Spencer,Roel_Shields,Accept
Colton,Treva,Reject
Danielle,Stuart,Accept
Camden.Gleason,Lexus.Wunsch,Reject
Meaghan,Heath_Runte,Request
Tate.Hegmann,Pearl_Wunsch,Reject
Emerson_Franecki,Belle.Beier,Request
Shemar.Funk,Tobin,Request
Trisha,Jon_Johns,Reject
Adam,Darrick,Accept
Gladyce.Grimes,Woodrow,Reject
Lucile,Deonte.Osinski,Accept
Eloisa.Marks,Clifton,Reject
Stanford.Kessler,Mohammed,Request
Noble.Zemlak,Julian,Request
Jazmyne,Margarita,Accept
Eve,August_Tillman,Request
Meaghan,Hal.Okuneva,Accept
Annamarie,Tania_Kuvalis,Reject
Camille.Toy,Therese.Tillman,Reject
Rachel_Haag,Shannon_Collins,Reject
Laisha.Larson,Georgianna,Accept
Keyshawn.Nader,Cristopher,Accept
Filomena,Roxanne_Ratke,Accept
Nakia_Hackett,Tobin.Cruickshank,Reject
Kavon,Lonny,Request
Angelina.Bartell,Lavern,Request
Gayle,Benedict_Beatty,Reject
Diego,Nettie.Daniel,Reject
Mekhi_Kihn,Coy,Request
Rosalee.Murphy,Micaela,Request
Travon_Hand,Melisa,Request
Sylvia,Eloisa,Accept
Candace,Tracy,Request
Maynard,Dane,Reject
Elissa.Sawayn,Emerson_Renner,Request
Lee,Johnathon,Request
Monserrate,Makenzie,Accept
Ted,Raegan_Barton,Accept
Delphia,Shakira,Request
Marlee_Medhurst,Benedict.Hudson,Request
Judge.Baumbach,Jillian,Request
Dana,Karlie,Request
Marcella.Labadie,Lucie,Reject
Yessenia,Alexandria,Accept
Rogelio,Caleb_Kilback,Reject
Breanne_Wisozk,Emie,Reject
Skye,Monte,Request
Ashtyn.Rowe,Natalie,Accept
Shea_Hoeger,Constantin_Carter,Accept
Alex,Colin_Bode,Request
Watson,Ethan_Leffler,Request
Rachael,Joan.Mayer,Reject
Elias,Catalina,Request
Lauryn,Tony_Reynolds,Request
Christopher,Zachary_Schiller,Accept
Marshall,Nolan,Reject
Davon_Hudson,Jerad,Request
Mortimer,Vicente,Accept
Josiah,Velma,Reject
Olaf_Gleichner,Sarah.Bailey,Accept
Mark,Trisha,Request
Dora.Champlin,Damon_Williamson,Request
Daniela,Kaleb,Reject
Jerod,Garland_Powlowski,Reject
Elyssa,Brandi,Accept
Miracle.Ferry,Marcos.Larkin,Request
Doris.Gusikowski,Jennyfer.Johns,Reject
Charles.Rogahn,Lavern.Abbott,Request
George_Dicki,Wilbert,Reject
Zackery.Heathcote,Annalise,Accept
Ryann,Lindsay.Fay,Request
Magnolia.Welch,Suzanne_Bogan,Accept
Johnpaul,Gerald.Hammes,Accept
Ruben_West,Delaney_Balistreri,Request
Cyrus_Jones,Rashad_Goldner,Reject
Savanah.Batz,Nia,Accept
Efrain.Walsh,Nicolette.O'Conner,Accept
Alva.Rosenbaum,Norene.Crooks,Accept
Jordan.Veum,Ed,Reject
Jaeden.Witting,Lyric_Farrell,Reject
Wilford_O'Kon,Craig,Reject
Anastacio.McClure,Clinton_Stanton,Reject
Estel,Dorcas_Pagac,Reject
Daniella.Kuvalis,Cornelius.Reynolds,Request
Wade,Brenden,Reject
Keira,Silas.Collier,Accept
Mable_Prosacco,Alford,Request
Desiree.Abernathy,Alvis,Accept
Leilani,Sage,Reject
Vidal.Bayer,Peyton_Langosh,Reject
Kelsie.Russel,Hollis,Accept
Crystal_Metz,Moriah_Schaden,Accept
Mazie,Esta,Reject
Rasheed,Madie,Reject
Danyka,Lambert,Reject
Kian_Harris,Kraig,Request
Dedrick_Pacocha,Sim,Reject
Amalia,William,Request
Jaquelin,Furman,Reject
Deborah.Lowe,Maymie.Krajcik,Reject
Tristin_Armstrong,Arielle,Reject
Bruce,Frances,Reject
Kathlyn,Elwyn,Accept
Theresa.Carter,Regan,Reject
Ashton_Renner,Genesis.Wolff,Reject
Sharon.Schinner,Clay,Request
Elizabeth_Upton,Webster.Douglas,Accept
Brock,Estel_Skiles,Accept
Antwon,Vernon_Waters,Request
Dannie,Gennaro.Jaskolski,Accept
Adolphus,Brandi.Gislason,Request
Denis.Kunze,Alexandro,Request
Wendell.Baumbach,Hester.Mitchell,Reject
Jaren,Albertha,Accept
Maymie_Carter,Lavinia,Reject
Dee_Rodriguez,Rigoberto_O'Connell,Accept
Eldridge,Josefa,Accept
Jabari,Randall_Pfeffer,Accept
Zane_Paucek,Mona,Accept
Sherman_Carroll,Darryl.Hoppe,Reject
Amely.Feest,Flossie_Pfannerstill,Request
Justus_Sipes,Jena.Abshire,Request
Gonzalo_Cassin,Jayden,Request
Eryn.Stanton,Golda_Schmeler,Accept
Destiny_Lehner,Shania_Vandervort,Request
Henderson.Lubowitz,Virginia_Howell,Request
Lora,Brandyn,Request
Kirk,Mandy_Upton,Request
Sandy,Clara.Moen,Accept
Watson.Reinger,Delilah,Request
Johnny,Alexandro.Quitzon,Reject
Nestor,Esperanza_Hauck,Request
Silas,Anissa,Reject
Eugene,Tate.Gleason,Request
Tillman,Oran.Runolfsson,Reject
Johathan,Angelita.Witting,Reject
Peggie,Joanie,Reject
Dorian_Murray,Theresia_Ortiz,Accept
Jarrod,Pamela,Request
Melody,Asha,Reject
Christelle.Ferry,Jennyfer.Mitchell,Reject
Rhiannon_Erdman,Laurel.Friesen,Request
Lula,Oleta,Accept
Leo_Blanda,Erin_Padberg,Request
Thomas,Dennis,Request
Zechariah_Homenick,Araceli_Schulist,Accept
Jessyca,Samson.Huel,Reject
Kaelyn,Linwood.Brekke,Accept
Hazel.Bechtelar,Dahlia_Strosin,Accept
Adah.Bauch,Tod,Request
D'angelo,Myles,Accept
Lesly_Reilly,Monte.Olson,Reject
Jamir_Armstrong,Sigrid.Kozey,Accept
Lysanne,Freddy_Erdman,Accept
Herman,Kayden.Bernier,Request
Noelia,Kevin.Prohaska,Accept
Leslie,Keyshawn,Accept
Ibrahim_Haag,Verdie.Mitchell,Reject
Eryn.Stanton,Abigayle,Accept
Webster.Douglas,Juwan,Request
Raheem,Eleanore,Accept
Xander_Dietrich,Cara_Wiegand,Request
Berneice.Cassin,Lea_Gerlach,Request
Shanny_Welch,Karl,Request
Thea,Jamison,Request
Cletus,King.Corkery,Reject
Woodrow.Cassin,Rodger,Reject
Rhett,Scottie_Kemmer,Request
Kim_Gutkowski,Roberto_Ryan,Request
Ozella_Terry,Ericka,Reject
Oceane,Kristoffer.Collier,Reject
Wava_Marks,Dorothea.Schaden,Reject
Everardo,Johnson.Zulauf,Reject
Lera,Prudence,Accept
Hertha,Brice.Towne,Reject
Aubrey,Fernando.Rippin,Reject
Daren_Gleichner,Brenda,Request
Shaniya,Evie,Reject
River,Solon.Simonis,Request
Lindsay.Bogan,Edwardo,Accept
Pete_Dickinson,Coy_Wilderman,Accept
Susie,Ezequiel,Request
Allen_Thompson,Jarrell_Dach,Accept
Kelly,Tillman,Request
Jany_Kerluke,Uriel,Request
Edgar,Catherine,Reject
Amiya,Dorcas,Accept
Marie,Ludie_Prosacco,Accept
Shirley,Alfreda.Parisian,Request
Abigail.Daugherty,Eric_Lakin,Reject
Johnny_Hintz,Nadia,Reject
Kylee_Mann,Marcelo_Kozey,Request
Hilbert,Dennis,Reject
Graciela,Joey,Reject
Trycia,Ottilie,Reject
Zoey,Eleanora_Smith,Reject
Rosemary,Lucienne,Request
Mozell,Stephan,Request
Lauryn,Alysa_Koch,Request
Beulah_Weber,Damien.Schuppe,Request
Hershel_Muller,Bart,Accept
Michale_Emard,Fatima_Friesen,Accept
Pascale_Konopelski,Adela.Lehner,Accept
Eloisa,Alexandrine_Schmidt,Accept
Reed_Marks,Kailee_Hoeger,Reject
Amalia,Reva,Request
Princess.Strosin,Tristian.McKenzie,Reject
Tommie.Windler,Kendra,Request
Eileen,Antwon,Accept
Gerson.Glover,Serena_West,Reject
Marques_Ziemann,Skye,Reject
Ricky_Bayer,Laury.Kuhlman,Accept
Matilde.Feeney,Chelsey,Reject
Makenzie,Mack,Accept
Creola.Quitzon,Sidney,Accept
Emilio,Destini,Accept
Shany.Jenkins,Ezra.Willms,Request
Valerie,Everette.Luettgen,Accept
Terrill,Aliza_Farrell,Request
Dayna.Carter,Sally.Morissette,Request
Roslyn,Ferne,Reject
Morton_Bahringer,Wilfredo,Request
Vincenzo.Kuphal,Jaleel,Reject
Pansy.Sanford,Hulda,Request
Hank,Layla,Accept
Aniyah.Schneider,Kayli,Reject
Cathryn,Alexis,Reject
Pattie,Easton.Waters,Request
Jake,Beaulah,Request
Noemy_McGlynn,Rhett.Thompson,Accept
Hildegard_Kovacek,Curtis,Request
Blaise,Nicola.Cartwright,Accept
Sim,Destiny,Request
Eriberto,Bartholome_Nitzsche,Reject
Gabriel.Carter,Halle,Reject
Peyton_Keeling,Randy,Accept
Johathan,Ezequiel.Greenholt,Reject
Selina,Madeline.Bayer,Request
Mark,Prudence,Reject
Lilliana,Jack.West,Accept
Erika,Macey,Accept
Miguel_Pouros,Nichole_Johnston,Accept
Kailyn.Graham,Krystal,Reject
Boyd,Esta.Rippin,Reject
Torrey.Kris,Meagan,Request
Jamal,Nichole.Reichel,Accept
Elyse,Maritza.McGlynn,Request
Linnie,Geraldine_Legros,Reject
Skye,Amie,Request
Wilmer.Romaguera,Arne,Reject
Connor,Adele,Reject
Ryann_Rogahn,Lilyan_Grant,Reject
Cyril_Turner,Agustina,Accept
Aurore,Cecelia_Will,Accept
Anita.Pollich,Sylvester_Bauch,Request
Hubert,Charlene_Flatley,Accept
Jean.Batz,Violet,Request
Verona_Goyette,Uriel,Request
Spencer,Jamil,Accept
Darrick,Grant.Friesen,Accept
Santina,Anthony.Ebert,Request
Houston,Arianna,Reject
Enoch,Kailey,Reject
Maxwell,Neil_Wintheiser,Reject
Adrienne.Greenholt,Gabriel,Accept
Will.Wintheiser,Vaughn.Bartoletti,Request
Brendon,Tevin_Fritsch,Reject
Nathen,Kamille_Torp,Request
Syble_Emmerich,Kaya.Thiel,Accept
Tiana.Predovic,Liana.Berge,Reject
Simone.Lehner,Georgette,Reject
Tia.Wiegand,Ike,Accept
Kathleen.Stoltenberg,Shanna_Auer,Request
Jamel.Greenholt,Gretchen,Accept
Kim,Maude,Request
Linnea,Rico,Request
Norval.O'Reilly,Bradley.Denesik,Reject
Oscar,Savanna,Accept
Jayson,Jerel.Hintz,Reject
Blake_Boyle,Reynold_Murray,Reject
Flavio,Anastacio_Mraz,Accept
Erwin,Toney.Bogisich,Request
Isadore,Crystel.Runte,Request
Anastacio,Arvilla_Jerde,Request
Darrel.Bartell,Dasia,Request
Euna_Emmerich,Tanya,Accept
Glennie,Elisha,Accept
Kellen_Koch,Earnest_Windler,Reject
Mike,Roderick,Request
Emmett_Little,Ibrahim.King,Accept
Estella_Smitham,Margaret,Accept
Selmer,Coralie,Accept
Annabel,Kathleen.Stoltenberg,Reject
Miracle,Ona,Reject
Shannon,Macy.Koch,Request
Reta_Monahan,Madison.Hansen,Accept
Mitchel,Taya_Harber,Request
Dakota,Andrew,Request
Ewald_Rodriguez,Izaiah_Jacobi,Reject
Samson,Roslyn,Request
Roman_Ratke,Dortha.Sipes,Accept
Graciela,Justice_Weber,Accept
Ramon.McLaughlin,Leilani.Russel,Accept
Fay.Dicki,Penelope,Accept
Helen,Dino,Reject
Zella.Mante,Hans,Reject
Tobin,Sonia.Labadie,Accept
Cara,Bettye,Accept
Keaton,Agustin,Accept
Tavares,Ariel,Reject
Katelin_Bogan,Judy.Schamberger,Accept
Katlyn,Kobe_Erdman,Request
Tremaine.Ullrich,Linnie.Terry,Request
Dennis_Borer,Tara_Hettinger,Request
Jose,Finn,Request
Addie,Shemar,Reject
Alverta,Rosemary,Request
Lexi,Marcella,Request
Providenci,Adalberto,Accept
Kari_Schmitt,Eveline,Accept
Henriette,Citlalli_Treutel,Reject
Darrell,Zita,Reject
Ibrahim.Wuckert,Zola_Haag,Reject
Daryl,Hortense,Reject
Marley.Hessel,Myra,Accept
Luciano,Ronny,Reject
Pete_Dickinson,Kory_McGlynn,Accept
Cleve.Erdman,Lew_Jenkins,Reject
Hortense_Ledner,Dandre_Donnelly,Reject
Josephine.Fritsch,Clyde,Accept
Owen,Triston,Accept
Verona_Torphy,Joan,Request
Marcelino_Lubowitz,Dock,Reject
Cynthia,Rachel,Reject
Ignatius,Beulah,Reject
Meda,Daren,Accept
Ashley,Dovie,Request
Chandler.Bahringer,Lucio,Request
Jaden_Lubowitz,Anya,Request
Dorothea.Jakubowski,Daryl,Accept
Sasha.Muller,Marilou_Ferry,Request
Hoyt_Larson,Kylie_Rutherford,Request
Raymond,Dixie,Reject
Miguel_Goldner,Sienna.Vandervort,Accept
Kacie.Kozey,Kathryn,Reject
Bryana.Wilkinson,Eliseo.Corwin,Request
Gaetano,Kameron,Reject
Gabriella,Jailyn_McGlynn,Request
Kacey,Leta,Accept
Macey,Micaela,Accept
Danielle_Klocko,Janick_Ebert,Accept
Deondre.Hoppe,Elwyn,Accept
Beth_Nader,Ally,Reject
Nicolas.Koepp,Oda_Ferry,Request
Maximillia,Helena,Reject
Meghan_White,Josie.Bernhard,Reject
Oliver.Marvin,Adeline_Gulgowski,Request
Christa,Kayleigh.Mertz,Accept
Jeffery.Schulist,Solon,Accept
Lee_Windler,Sadie,Reject
Dahlia_Larkin,Keyshawn,Accept
Katheryn_Medhurst,Adrain_Abbott,Accept
Raheem,Theresa,Request
Percival.Kunde,Kadin.Fahey,Request
Ardith,Arvid,Reject
Clement_Hoppe,Cristopher,Request
Lucinda.Stiedemann,Jace,Request
Bria,Pauline_Jenkins,Reject
Madisen,Nikki,Request
Osbaldo,Nellie.Jerde,Accept
Nella,Watson,Request
Cyril,Jeff.Gleason,Reject
Ari,Myrtis,Request
Katherine,Caesar.Wisoky,Accept
Sven,Jacquelyn_Donnelly,Request
Samantha_Fahey,Mervin,Reject
Axel_Swift,Jovanny,Reject
Destiney,Marty,Accept
Shayne,Jacklyn.Mante,Request
Khalil_Zboncak,Devon,Accept
Sienna,Skyla,Request
Marielle,Stephany.Koelpin,Reject
Rubie.Hettinger,Derek,Reject
Elinore,Kaleb,Reject
Martine_Greenholt,Jason.Bogan,Request
Austin,Demetrius_Kuphal,Request
Marietta,Justus,Accept
Cathy,Asha.Wilkinson,Accept
Adrien.Stiedemann,Martin,Reject
Verona_Goyette,Yolanda.Hills,Accept
Leta,Louvenia,Reject
Derick,Edna.King,Request
Cindy.Stiedemann,Kendrick,Request
Jamel.Armstrong,Ricky.Ullrich,Reject
Juston,Raquel_Russel,Request
Jewell_GuÂªann,Alysha,Request
Jaren.Cummings,Herman,Request
Hunter_Rau,Agnes,Accept
Pierre,Toni,Reject
Maurice.Ondricka,Elmore.Crona,Request
Ava,Carey.Zieme,Reject
Mike.Senger,Elian,Request
Arturo,Newell,Reject
Kristoffer,Amaya_Schumm,Reject
Dawn.O'Conner,Maymie_Konopelski,Reject
Neha.Bernhard,Ashtyn_Kozey,Reject
Tatum,Isac,Reject
Ryder,Casimer_Kerluke,Accept
Nellie,Katlynn.Zemlak,Accept
Alverta,Harrison.Cassin,Request
Lynn,Nicklaus,Request
Angelina.Funk,Princess,Accept
Hal_Hodkiewicz,Esta_Huel,Accept
Jairo_White,Rickie,Request
Javonte,Hector,Reject
Charlie.O'Reilly,Jaclyn_Rowe,Reject
Ken_Turcotte,Mable_Rowe,Accept
Lawrence,Wilhelmine.Jaskolski,Accept
Paxton,Justina,Request
Natasha,Arnulfo,Request
Halie_McGlynn,Dave.Ryan,Request
Mandy,Alexandre,Accept
Nelda_Simonis,Linnea,Reject
Carey,Cleveland_Harvey,Reject
Eric.Barton,Timothy,Reject
Itzel.O'Conner,Charlie,Accept
Niko_Leuschke,Bobby,Reject
Dan,Erich,Request
Alverta.Robel,Maryjane,Accept
Kara,Austen,Reject
Gabe,Cortez.Olson,Request
Cathy_Rempel,Marie,Reject
Hermann.Hegmann,Cletus_Rolfson,Request
Stacey,Kaylie,Accept
Beulah,Max,Accept
Vicky.Bergnaum,Jaeden,Reject
Flo,Alisha.Skiles,Request
Casimer.Okuneva,Solon_Gottlieb,Request
Brielle,Timmy_Towne,Request
Jeffery_Willms,Weston.Prohaska,Accept
Kiley_Zboncak,Doug,Request
Carlee_Wisozk,Augusta,Reject
Domenico,Ethan,Request
Simone_Dach,Stanton,Reject
Saige_Armstrong,Concepcion,Accept
Nick_King,Linda_Hintz,Request
Marielle,Mellie_Raynor,Reject
Rosalinda.Greenholt,Wyman,Accept
Shemar.Terry,Gladyce.Grimes,Reject
Mackenzie,Arno,Reject
Elmer,Emma.Reinger,Request
Bernita.Koepp,June,Reject
Kyleigh_Grimes,Cristian,Reject
Ernest_Crist,Lazaro.Brekke,Request
Estevan.DuBuque,Kayden,Reject
Abbie,Phoebe,Reject
Aletha,Yasmeen.Tromp,Reject
Brock,Garett,Accept
Roma.HarÂªann,Coby.Rogahn,Reject
Jimmie,Lulu,Accept
Vida.Price,Leif,Accept
Kelvin.Jaskolski,Trudie,Accept
Burnice.Hayes,Myron.Deckow,Reject
Merle.King,Tony,Request
Aaron,Ashly,Request
Harry,Sabina,Reject
Howard,Odessa,Request
Maryjane,Hardy,Request
Ron_Lubowitz,Cloyd_Prohaska,Reject
Garth,Agnes,Accept
Kitty_Jones,Hank,Reject
Litzy,Leola,Request
Jadon_Rempel,Leonardo,Reject
Billie_Erdman,Emelia_Turner,Request
Malinda,Felton,Reject
Kaycee_Torp,Stephanie_Predovic,Request
Ruby_Will,Abigayle,Request
Dariana,Jerad,Accept
Destini,Zena,Request
Juliet,Parker,Accept
Ashly,Emilio,Accept
Eric,Santa,Request
Bonnie.Reilly,Vance,Accept
Weston,Genesis_Kautzer,Request
Trudie_Green,Malika_Glover,Reject
Monte,Bernie,Request
Nathen.Anderson,Nicolas_Schumm,Request
Brad_Schroeder,Kitty,Reject
Arnoldo,Adella_Goyette,Accept
Noemie_Huels,Adrienne,Reject
Bessie_Herzog,Tyler_Beatty,Request
Dallas,Vivian_Parisian,Reject
Moshe,Matt,Accept
Heather,America,Request
Amya,Brant.Parisian,Request
Demetris.Beatty,Camryn_Koss,Request
Kylie,Madyson.Schulist,Accept
Juliana.Cummerata,Amos_Ruecker,Accept
Mallory.Smitham,Efrain,Request
Ramiro,Carolanne,Accept
Serenity,Christop_Rosenbaum,Accept
Kayden,Jaren_Schmeler,Request
Emmanuelle,Terrill.West,Accept
Eula,Willy,Accept
Oceane,Kobe_Roob,Accept
Crawford_Stroman,Bobby.Morar,Request
Claudie,Carmel,Accept
Vivianne_Rohan,Wilfred.Stanton,Accept
Alene,Jevon_Cassin,Reject
Jamir,Raphaelle.O'Conner,Accept
Brendan_Russel,Ernest.Smitham,Reject
Felipe.Mosciski,Judy,Accept
Gonzalo,Teresa.Franecki,Reject
Carlo.Hessel,Kennedy,Request
Priscilla.Lesch,Archibald_Koss,Accept
Janis,Milan.Predovic,Reject
Lyda.Lueilwitz,Arne_Hodkiewicz,Reject
Alex.Hayes,Judge.Baumbach,Reject
Vicente.Borer,Julius.Reichel,Request
Jaleel,Shakira.Cronin,Accept
Bettye_Nienow,Deon_Murray,Request
Rasheed,Annabel_Hammes,Accept
Zane_Runolfsdottir,Eugene,Request
Doug_Corwin,Jacquelyn_D'Amore,Request
Mable,Gia_Baumbach,Request
Kathryne_Von,Melisa,Accept
Izabella_Hamill,Wilbert,Accept
Lamont,Mikayla.Kemmer,Request
Berneice.Cassin,Pascale,Reject
Emma,Camden,Request
Zoila,Destin,Accept
Amber,Jazlyn.Durgan,Request
Nyah.Spinka,Gunnar,Accept
Price,Jana_Wolff,Reject
Maurice,Andres_Russel,Request
Katelynn,Minerva,Reject
Karina.Auer,Pietro,Reject
Percival,Antonette_Johns,Accept
Deangelo,Roscoe,Request
Jarrett.Hodkiewicz,Keegan.Witting,Accept
Bradford.Blanda,Demarco_Auer,Request
Trevion,Candido_Parisian,Request
Donny,Edgar,Reject
Natalie_Goodwin,Jake,Accept
Rafael.Stark,Lindsay,Request
Zola.Runolfsson,Dereck,Request
Elvera,Kaia,Accept
Carolina.Runolfsdottir,Sigrid.Kozey,Request
Jayce,Fidel,Request
Ben,Burdette,Reject
Kiarra.Nikolaus,Estelle,Request
Agnes,Joanne_Gerlach,Request
Peyton_Ritchie,Kian,Accept
Lucio,Marty,Accept
Grover.Maggio,Bridgette,Reject
Fay,Ellis_Hammes,Request
Lennie,Winston.Powlowski,Request
Zane.Weimann,Evelyn_Turcotte,Accept
Janick,Bria.Jacobs,Accept
Jodie_Koepp,Elisabeth.Gleichner,Accept
Leann.Kilback,Reed_Pfannerstill,Request
Neva.Kuphal,Greta,Reject
Valentin,Sister,Request
Halle,Sheldon,Reject
Franz,Urban.Fisher,Reject
Nathan,Angel,Request
Ernie_Graham,Finn,Reject
Allan,Terrill.Yost,Reject
Sigrid,Eleanora_Smith,Request
Citlalli.Parisian,Liza_Bailey,Reject
Arne_Gutkowski,Rhett,Accept
Johan.Kerluke,Herminia,Reject
Martina,Helene_Blanda,Accept
Rosemary,Cole,Reject
Roman_Ratke,Barrett,Accept
Ivah,Kane,Request
Xavier_Nolan,Lou,Accept
Kellen_Conroy,Annamarie,Accept
Therese.Gislason,Diana.Considine,Request
Dolly.Batz,Elouise,Request
Daniela,Leatha,Accept
Wayne.Pollich,Clifton_Cummerata,Reject
Mark,Vivianne,Request
Augustus_Buckridge,Ayana,Reject
Casey,Maximilian_Rempel,Request
Angelica_Lueilwitz,Vidal,Request
Clair,Lelah.Marquardt,Request
Sherman.Wintheiser,Keon.O'Conner,Reject
Omari.Leuschke,Marge.Ratke,Request
Noemie.Murray,Pauline.Cole,Reject
Antwon,Harley,Accept
Jeff.Okuneva,Adolphus_Nolan,Request
Billy_Veum,Eino,Accept
Diego,Angelo,Reject
Kane_Gerlach,Kacie,Reject
Holden,Leila,Reject
Scotty.Hickle,Stewart,Reject
Elian_Collier,Angelina.Bartell,Accept
Hadley,Colton,Request
Cloyd_Prohaska,Caroline,Accept
Abbey,Maryam,Request
Samantha,Magnus,Reject
Kiarra.Nikolaus,Rashad,Request
Maiya_Jacobs,Abel.O'Conner,Reject
Carole,Keon_Gislason,Reject
Geovanny,Tess,Accept
Kiel_Hoeger,Helene.O'Connell,Reject
Cornell,Maribel_Bruen,Accept
Gaylord.Nienow,Rowan,Accept
Jakayla,Rory_Schmitt,Accept
Alexander,Zora,Accept
Mara,Casandra_Bradtke,Accept
Syble,Erick.Turcotte,Reject
Brent,Marcos_Jacobs,Request
Brian_Gerlach,Reyes,Request
Lexus,Agnes,Request
Easton,George,Accept
Vivian.Wyman,April,Request
Aliza,Brycen_Tremblay,Accept
Blair,Malcolm_Heaney,Accept
Ricky_Friesen,Josh.Block,Reject
Louie,Ashleigh.Nader,Reject
Eugenia,Julianne_Swift,Accept
Leonora.Reilly,Gabrielle,Reject
Lavern.Gulgowski,Sister,Reject
Leora.Cartwright,Jayne_Stoltenberg,Accept
Lucio,Jason_Bernier,Accept
Keagan.Kuhic,Dandre.Prohaska,Request
Duncan_Langworth,Tyson,Accept
Amy,Ashlee,Request
Alberta.Littel,Torrance,Reject
Donnell_Schowalter,Adella.McDermott,Reject
Wyman_Walker,Myron.Crona,Request
Lloyd.Von,Felicia,Accept
Johnnie,Will.Walker,Reject
Twila_Stroman,Sarina,Reject
Alison,Magali,Accept
Rosa_Barton,Adrienne,Accept
Angelina,Nestor,Request
Vincent,Isabelle_Kerluke,Reject
Jake_Gaylord,Breanna,Request
Camryn_Abernathy,Javier_Price,Request
Armani.Torp,Athena,Accept
Joseph.Kling,Christ.Mann,Accept
Jeromy,Hassan,Request
Khalid,Jorge_Okuneva,Accept
Earnestine.Pouros,Marjory,Reject
Jillian,Jamarcus_Ziemann,Request
Ubaldo,Lessie_Baumbach,Request
Demario,Maegan,Accept
Dakota,Myra.Huels,Request
Elody,Gustave_Hermann,Reject
Devyn,Vilma_Collins,Request
Mercedes,Gilbert.Champlin,Reject
Rowan_Rippin,Pete_Dickinson,Request
Krystel_Jakubowski,Nina_Wisozk,Accept
Roy.Fisher,Haskell_Bernhard,Accept
Benton,Angeline_Rath,Request
Ulises,Dora,Request
Cedrick,Jayde,Accept
Dejah,Kiera,Request
Mervin,Kelli,Reject
Cecil.Davis,Jayde_Zulauf,Reject
Garry_Windler,Shaun_Rath,Request
Bridget_Homenick,Kade,Accept
Hallie,Josefa,Reject
Larry_Lueilwitz,Bud.Hackett,Request
Nellie,Gerardo,Accept
Fredy,Kylee_Murphy,Reject
Melvin.Walter,Isaac,Accept
Andres_Boyle,Genoveva,Accept
Isidro,Carey.Will,Reject
Roy_Greenfelder,Isabelle,Reject
Serenity,Rhiannon_Corkery,Request
Wilton,Jordan.Koss,Reject
Rosamond,Stephan,Reject
Cletus_McKenzie,Jamie_Wintheiser,Accept
Jacky.Rogahn,Jamil,Accept
Jennyfer_Mueller,Jaeden.Runolfsson,Accept
Samantha_Fahey,Claire,Request
Nona,Janiya,Accept
Dale,Jordyn,Request
Adelle.Murray,Hermina_Watsica,Request
Dana,Emmanuel,Request
Burdette,Verlie,Request
Fay,Kaleigh_Schulist,Request
Lisette,Alexandrea.Haley,Accept
Alejandra,Leonie,Request
Lula,Dewayne.Robel,Accept
Harvey.Rempel,Kip,Accept
Louie,Ona_Brown,Request
Sheridan_Senger,Kendra,Reject
Angelina,Bret,Reject
Anjali,Nikita,Reject
Herta,Taurean_Zboncak,Accept
Gerry,Constantin.Ledner,Request
Florencio_Medhurst,Ellie,Request
Benjamin_Champlin,Emmalee.Runolfsdottir,Request
Arvilla,Devyn,Reject
Haskell.Parker,Rosalind.Tremblay,Reject
Letha.Hettinger,Madonna_Ritchie,Request
Ellsworth.Lowe,Doug_Corwin,Reject
Adolf.Lynch,Margarette,Reject
Nelle.Sawayn,Adalberto,Request
Reid,Jed_Hoppe,Accept
Caitlyn,Dakota,Reject
Nathanial,Harley,Request
Chadrick,Jadon.Kshlerin,Accept
Julianne_Bechtelar,Estella,Request
Bailee,Selena.Macejkovic,Reject
Cordell_Strosin,Liza_Dickens,Request
Lonie.Schmeler,Helena_Hessel,Accept
Vaughn,Eldridge,Accept
Alex,Macey,Request
Tyrell_Metz,Russel,Accept
Mya_Mante,Jimmy_Mraz,Request
Janie.Hammes,Duncan_Turner,Accept
Amanda.McGlynn,Magdalen,Accept
Kiarra_Herzog,Marcelina.Rowe,Accept
Roslyn,Wilbert,Request
Lane_Waters,Anthony,Request
Lawrence,Frankie_Morar,Accept
Maritza_Hagenes,Erna,Reject
Agustin_Glover,Joannie_Harvey,Request
Vincenza_Walker,Margarete,Request
Reanna,Kristin,Accept
Mittie.Cronin,Harvey,Accept
Hudson.Christiansen,Ottilie,Accept
Garfield_Franecki,Charles,Accept
Hollis.Brekke,Richard.Auer,Reject
Aylin_Hodkiewicz,Ludie.Price,Accept
Connie_Hessel,Laurianne,Request
Alexane.Hessel,Elissa,Reject
Mellie.Crist,Harold,Request
Gabrielle_O'Keefe,Virgil_Kling,Reject
Margaret,Kailyn,Reject
Claudine,Ashton,Request
Hadley,Phyllis.Mohr,Request
Caroline,Sophia,Accept
America,Dalton,Accept
Ferne.Wintheiser,Jack_Cole,Request
Jamarcus.Beahan,Jeramie,Request
Whitney,Anabelle,Reject
Janis,Luisa_Kshlerin,Request
Alejandra_Gibson,Kelly,Accept
Coby,Alexa.Waelchi,Reject
Brisa,Zackary.Lubowitz,Reject
Mohamed,Theodore.Jacobs,Accept
Ena,Garfield,Request
Rosendo.Graham,Alejandra_Baumbach,Request
Bethany,Patience.Marks,Accept
Gia,Bernardo,Accept
Shana,Bradley.Shanahan,Reject
Bridie,Shea_Walsh,Reject
Brooks_Klein,Ora,Reject
Luis_Ward,Mackenzie,Reject
Trisha.Doyle,Griffin,Request
Dora,Novella_Oberbrunner,Reject
Keeley,Skyla,Accept
Crystal_Cole,Odell.Jast,Reject
Wallace,Joesph.Hane,Accept
Rhoda,Coty,Request
Marian_Zemlak,Jeramie_Rowe,Accept
Demond_Veum,Winnifred_Barton,Accept
Aracely,Claudine,Reject
Aniyah.Schneider,German_Jaskolski,Accept
Berniece_Ruecker,Dax.Deckow,Accept
Wilhelm.Wuckert,Dawson,Accept
Naomi,Cordelia.West,Request
Tremaine_Herzog,Melissa,Accept
Coralie,Callie.Thiel,Reject
Bridie,Marquise,Reject
Thomas,Ryley_Mitchell,Reject
Abdiel.Zieme,Idella_Witting,Accept
Sabina,Robin,Reject
Leanna.Feil,Leta,Accept
Teresa,Rasheed_Abbott,Accept
Reba,Theron.Mitchell,Request
Ada_Eichmann,Giles,Accept
Karl_Dooley,Raquel,Accept
Queen_Gerhold,Jessika,Request
Lucious_Hansen,Kathleen,Accept
Theresia_Schinner,America_Botsford,Accept
Kari,Allen_Nader,Reject
Finn.Hane,Ima_Stamm,Reject
Rachel,Celestine_Gibson,Reject
Jorge,King,Request
Brycen_Jacobs,Hoyt.Tromp,Reject
Marquise_Quigley,Rebeka,Request
Vincenzo,Crystal.Sauer,Reject
Patrick,Craig,Accept
Jovanny,Hayley.Buckridge,Accept
Zena_Schmidt,Joseph.Nolan,Reject
Gene_Hagenes,Beryl,Accept
Laurine,Audie.Luettgen,Reject
Hubert,Paige_Bailey,Accept
Eladio,Billie,Reject
Amber,Ellsworth,Accept
Kennedy,Ezequiel,Request
Jannie,Murphy,Request
Thelma_Schuster,Shaylee.Mante,Accept
Precious,Geoffrey,Accept
Kody,Yvonne_Dooley,Reject
Jettie.Larson,Clara_Bartell,Reject
Finn,Louie,Request
Gerry.Torp,Joaquin.Cronin,Request
Jess_Berge,Elijah.Russel,Accept
Brandyn,Larissa,Accept
Brenda.King,Wilfredo.King,Reject
Stone_Cremin,Molly.Schoen,Request
Broderick.Muller,Gerald.Hammes,Request
Percy.Raynor,Dora,Accept
Kaden,Linnie,Reject
Jena,Dena,Accept
Eloisa,Keagan,Accept
Wilford.Toy,Chelsey,Request
Rupert_Bogisich,Geraldine,Reject
Breanna_Kuhic,Chandler,Accept
Marjorie.Stamm,Mafalda_Labadie,Request
Vernice.Nitzsche,Raquel_Huels,Request
Alice,Isobel,Accept
Virginia_White,Jason,Reject
Emmie,Emiliano_Romaguera,Reject
Armand,Dameon,Accept
Zackary_Medhurst,Callie,Reject
Jordon,Hildegard,Reject
Kraig,Twila_Stroman,Accept
Stanton_Wiegand,Quinten,Accept
Nettie,Penelope,Accept
Adrienne,Verlie.Barrows,Request
Simone,Gunner.Davis,Accept
Kevon.Jenkins,Titus.Turcotte,Accept
Erna,Christiana,Reject
Zella.Goyette,Judge.Baumbach,Request
Sigrid,Mabel,Accept
Victoria,Chase.Schmitt,Accept
Gwen.Cronin,Kadin,Accept
Silas,Jerrod,Reject
Verda,Esteban.Legros,Reject
Will,Lucie_Schimmel,Reject
Madaline.Mertz,Benedict_Beatty,Request
Kadin_Wolff,Brown,Request
Darien.Spinka,Marcellus_Denesik,Accept
Simeon.Williamson,Edmund,Request
Gabriel.Carter,Adell.Pouros,Request
Mathilde,Stuart,Reject
Lowell,Howard_Breitenberg,Request
April_Larson,Watson.Oberbrunner,Request
Sven.Jacobson,Julia,Accept
Melba,Judson_Schulist,Accept
Narciso,Magali,Accept
Cathy,Brionna.Cruickshank,Reject
Narciso,Javon,Reject
Odell,Marlon,Request
Ericka,Jaquan_McLaughlin,Accept
Cloyd.Heller,Lexi,Accept
Charles,Davonte.Zulauf,Request
Eula,Missouri,Accept
Catalina_Miller,Wilfred.Heidenreich,Accept
Tristin,Franco,Accept
Trycia,Mozell,Reject
Darron,Meggie,Accept
Elliott,Jayme.Feest,Request
Broderick,Max,Request
Nicholaus,Nasir_Pagac,Reject
Linda,Gail,Request
Orland_Crooks,Rashad.Quitzon,Accept
Kristoffer.Koelpin,Reymundo.Stokes,Accept
Melisa,Armani_Dietrich,Accept
Helen.Flatley,Kamille_Grady,Reject
Mazie.Flatley,Ryley_Lind,Reject
Stanley,Clay,Request
Celestine.Wisoky,Amya,Request
Alexie_Gleason,Rogers,Request
Norberto,Willard.Strosin,Accept
Linda.Runte,Cordell_Swaniawski,Reject
Cierra.Nienow,Rita.Schoen,Reject
Coy,Kellen,Accept
Judson,Mitchel.Harvey,Request
Jackson,Wilton,Request
Elenora_Gislason,Linwood,Request
Myriam,Mohamed.Boyer,Reject
Shyann.Hand,Roxanne,Accept
Howard,Alyson_Schoen,Request
Roman_Ratke,Buddy,Reject
Darrin.Durgan,Brandyn,Request
Myron,Oda,Accept
Valentina_Douglas,Houston,Accept
Finn.Farrell,Claudia.West,Reject
Lyla.Feest,Kolby.Ernser,Reject
Kaci.Bashirian,Zelda,Reject
Torrey,Josefa_O'Conner,Reject
Nya_Wilkinson,Lisandro,Reject
Jarrod,Layne,Request
Trystan,Muriel,Accept
Shania.O'Hara,Antonia,Reject
Dax.Hoppe,Jesse,Reject
Brandy.Beier,Lavina,Reject
Jesse.Funk,Leta.Schaefer,Accept
Annamae,Toby.Reichert,Reject
Carmelo,Cooper,Request
Clemmie,Heber_Mayert,Request
Jaeden_Streich,Makenna,Accept
Arvel_Nader,Evie,Request
Remington,Harrison.Cassin,Reject
Jordyn,Avery.Shanahan,Accept
Kailyn_Ratke,Ruthie_Hammes,Request
Rachel_Zulauf,Dixie_Kunze,Accept
Bertram.Trantow,Gracie,Accept
Jordy,Abe,Reject
Catherine,Patience.Goldner,Request
Norma,Virginie,Accept
Fleta,Adeline_Jakubowski,Accept
Lorenz.Hermann,Sandy_Bins,Accept
Gaetano.Gottlieb,Alexandria,Request
Isabelle,Fabiola.Sporer,Request
Yoshiko_Harris,Arjun.Hickle,Accept
Sonya_Kerluke,Madyson.Schulist,Request
Dusty,Pearl,Request
Jaren.King,Mohammad,Accept
Loy,Rubie_HarÂªann,Reject
Eileen,Cyril_Kutch,Reject
Cecile,Suzanne,Accept
Darron,Garett,Reject
Jordi_Runte,Katherine_Erdman,Reject
Sheila.Sipes,Jayde.Greenfelder,Reject
Luna_Dibbert,Macey_Leannon,Reject
Yazmin,Diamond,Request
Isabel_Rogahn,Jennyfer_Daniel,Request
Guy_Roberts,Torey,Accept
Esperanza.Herman,Margaret,Accept
Claudine.Cruickshank,Cedrick.Ferry,Accept
Alphonso_Cartwright,Tyler,Reject
Nova_Dach,Clair_Effertz,Accept
Adriel,Morton,Request
Nakia_McClure,Zella,Reject
Destini.Farrell,Tyshawn_Kuvalis,Reject
Adell_Sawayn,Ashton,Accept
Mitchell_Franecki,Gerson,Accept
Imogene,Deondre.Hoppe,Reject
Jovanny.Crist,Isobel,Accept
Lue,Buddy,Accept
Aric,Coy_Waelchi,Accept
Stanton_Cremin,Donny_Daniel,Request
Afton.Mante,Hermina,Reject
Addie,Haylee.Dicki,Accept
Ernie,Eric,Reject
Randi,Benjamin,Reject
Reid.Hessel,Easter_King,Accept
Garrett,Muriel.Little,Reject
Shania,Cordia,Accept
Dylan_Ankunding,Ashlee,Request
Carlie,Tanner_Romaguera,Request
Alessandro,Wilfredo,Request
Coralie.Rowe,Ida,Reject
Lelah_Nikolaus,Dillan.Champlin,Request
Kenyon,Leta_Medhurst,Reject
Buford_Torp,Geovanny,Accept
Karlee,Arnoldo,Accept
Korbin,Tiara,Reject
Krystal_Kling,Alycia,Reject
Tyrell.Johns,Amaya.Boyer,Reject
Taylor_Gaylord,Reanna_Hane,Reject
Charley,Carol_Conroy,Accept
Berry.Dach,Rachelle,Reject
Sandrine,Estell_Wisoky,Accept
Abdullah.Jaskolski,Buster,Reject
Courtney.Renner,Angelina.Farrell,Accept
Larissa,Ross.Kreiger,Reject
Kacey_Crona,Whitney.Jerde,Request
Rubie.Hettinger,Garrett_Dibbert,Request
Stevie,Angel_Hodkiewicz,Reject
Ansel,Ashly,Accept
Rico,Claudie,Accept
Roxanne.Tremblay,Dominic_Stamm,Reject
Verlie,Grayson_Tremblay,Accept
Aditya,Earnest,Request
Pedro.Kris,Alexander_Willms,Accept
Garrison.Koelpin,Benny_Schaden,Reject
Eliezer,Vada,Accept
Austin,Michele_Herman,Request
Zachery,Keaton,Accept
Dustin.Labadie,Annabell_Moen,Request
Kyler,Garnett.DuBuque,Accept
Jasper,Jacinthe,Request
Gordon,Ansel,Request
Albertha,Marjolaine,Reject
Mauricio_Abbott,Bernadine.Goodwin,Reject
Monique_Schiller,Ramona.Hettinger,Reject
Serena,Brycen_Jacobs,Reject
Royal_Hackett,Chance.Powlowski,Reject
Madge,Lacey,Reject
Verner_Wiegand,Dianna,Request
Ivory,Bria,Reject
Maude.Stokes,Doris,Reject
Kale_Hilpert,John.King,Request
Salvatore.Mayer,Verner,Accept
Khalil,Destany,Reject
Imogene.Reynolds,Maxime_Zemlak,Reject
Wyatt_Tillman,Ellis,Accept
Chloe,Kareem,Request
Rowan_Emard,Janet,Reject
Kareem_Kub,Damion_Barrows,Reject
Cordia,Kellen,Accept
Treva,Lonzo,Accept
Davion_Homenick,Frank,Request
Tiana,Fay.Homenick,Accept
Garret_Rosenbaum,Vladimir.Ziemann,Reject
Doris,Assunta_Lebsack,Accept
Izaiah,Roberto,Accept
Lacy,Savanna,Reject
Freddie,Emil,Reject
Elenora.Hegmann,Caterina,Accept
Josue,Madelynn.Hauck,Reject
John.Crona,Herminio_Rempel,Reject
Pansy_Schuster,Emery,Reject
Wilfred.Stanton,Kayli,Request
Jessica,Ramona_Ledner,Reject
Napoleon_Doyle,Kim_Botsford,Reject
Niko_Cronin,Lazaro,Reject
Gene,Sage.Collier,Request
Prince.O'Reilly,Abbey,Request
Adolph,Emmy,Accept
Bessie_Crist,Katarina_GuÂªann,Reject
Katelyn.Barton,Everette,Accept
Chad_McDermott,Nathanael,Accept
Demond.Orn,Kane.O'Conner,Accept
Marty_Murray,Estella_Hirthe,Reject
Tyshawn_Schaefer,Lavern,Reject
Jamir.Skiles,Marty.Bradtke,Request
Cloyd,Wanda.Lemke,Request
Dawn_Lakin,Kevon,Request
Louie.Windler,Christina_D'Amore,Reject
Karianne_Shields,Keith,Accept
Eldred_Kiehn,Salvatore,Reject
Lonzo,Eloisa,Request
Noel,Brannon_Kautzer,Accept
Caesar,Lyda_Walsh,Accept
Nathaniel.Hessel,Ora_Hettinger,Accept
Bo,Myra,Accept
Okey.Swaniawski,Mariam,Request
Anastacio_Mraz,Billie.Rice,Request
Macy,Mayra_Williamson,Accept
Ernie_Johns,Emelia.Mitchell,Reject
Mireille.Sanford,Concepcion.White,Accept
Ted,Heidi,Reject
Lonny,Percy.Klein,Request
Lorenzo.Dare,Wilfrid_Romaguera,Reject
Katelynn,Tommie,Reject
Armani,Fay.Smitham,Reject
Alycia_Jones,Wendell.Medhurst,Accept
Ashleigh,Caitlyn.Bashirian,Reject
Zackary,Cesar.Hansen,Reject
Lolita_Corkery,Eugenia,Accept
Allie.D'Amore,Fae,Accept
Guillermo,Willy,Accept
Favian,Mavis,Reject
Karl.Mertz,Loma,Reject
Zack,Mohammed_Toy,Accept
Aletha.Hauck,Madge.Hansen,Accept
Wilmer,Kevon,Reject
Justen_Nader,Coby_Weimann,Accept
Percy.Klein,Hal,Request
Ana,Jodie_Rosenbaum,Accept
Ted.Russel,Shania,Request
Neil_Gleason,Franz,Reject
Melany.Kirlin,Julianne,Accept
Keaton,Morgan,Request
Meta.Howell,Amari_Wiegand,Reject
Florida.Padberg,Erwin,Reject
Nash,Anibal_Konopelski,Reject
Rosamond,Roma,Request
Timothy,Trever_Tillman,Accept
Arnoldo,Marisol,Request
Dawn.Schmidt,Abigail_Jacobson,Request
Hubert_Emmerich,Lilla_Hayes,Request
Albert.Aufderhar,Abe,Request
Patsy,Corbin.Prohaska,Request
Ara.Kris,Eloise_Harvey,Request
Deron,Mara.Franecki,Request
Emerald,Kenny_Kirlin,Accept
Alexandrine_Schmidt,Gardner_Spinka,Reject
Richie_Schulist,Holden,Reject
Jordane,Alberto,Request
Brannon,Kenny,Request
Rachelle_Kling,Elta,Request
Destini,Meghan_Mraz,Accept
Lloyd.Haley,Janelle,Reject
Evalyn_Anderson,Tyra.Donnelly,Request
Jamil,Dallas,Accept
Molly_Davis,Adaline,Accept
Ashly_Bradtke,Earl_Connelly,Accept
Cristobal_Cremin,Aliza_Mitchell,Reject
Anabelle,Katheryn_Medhurst,Accept
Agnes_Gorczany,Vivien_Greenholt,Reject
Ebba,Triston.Pacocha,Accept
Jarrod.Kassulke,Kiley,Request
Myron,Franz_Prosacco,Request
Ebony.Kassulke,Aida,Accept
Alden,Eliseo,Request
Clark,Alba,Request
Alvis_Pfannerstill,Rogers,Request
Blanche.Armstrong,Ashly,Accept
Mekhi,Gayle.Rau,Reject
Thelma_Littel,Minerva.Kautzer,Accept
Tyler_Kassulke,Nicholas,Accept
Wiley_Kiehn,Lupe_Williamson,Reject
Johathan,Narciso_Gusikowski,Accept
Maximilian_Sporer,Koby,Request
Loma_Funk,Phoebe_Koch,Accept
Talon,Dax_Kunde,Request
Haskell_Kiehn,Shanel.Brakus,Reject
Fay,Brown,Reject
Danial_Fahey,Bernhard_Lehner,Accept
Verla,Alfonzo.HarÂªann,Reject
Christop_Reilly,Jared,Reject
Al.Sauer,Dedric,Reject
Webster.Heidenreich,Amaya_Bernhard,Accept
Stevie,Caroline,Request
Wyatt_Wehner,Humberto.Kiehn,Accept
Jada_Hamill,Annamarie,Accept
Blair_Bode,Margarita,Request
Dion.Heidenreich,Elisabeth_Abshire,Request
Ansel.Boyer,Ubaldo,Request
Ona_Beier,Maiya.Pfeffer,Reject
Jerrold,Shemar.Kautzer,Accept
Katharina_Windler,Randal,Request
Ashlee_Daugherty,Kiera_Ziemann,Reject
Noelia.Okuneva,Vickie.Cassin,Reject
Noah,Maggie_Hilll,Request
Elenor.Ebert,Tobin.Streich,Accept
Leslie.Schoen,Marques_Monahan,Reject
Clinton.Maggio,Dakota,Reject
Summer,Hadley,Accept
Florine.McKenzie,Dell,Accept
Gaylord,Shayna,Request
Gregoria_Padberg,Sandra,Reject
Delmer,Destiny.Walter,Accept
Boyd,River.Brekke,Request
Kaleb,Clifton,Request
Guillermo.Hand,Everette,Reject
Zelma,Lucinda.Stiedemann,Reject
Hilda,Betty_Waelchi,Request
Idella_Yost,Jefferey_Murazik,Reject
Kristopher,Dayton,Request
Erick_Smith,Nya,Request
Milan_Paucek,Fletcher,Request
Curt,Reginald_Hilll,Request
Zella,Bud,Request
Foster_Roberts,Dan_McKenzie,Accept
Tate,Alaina,Request
Golda_Schiller,Toney.Bogisich,Request
Mylene_Welch,Myles,Request
Elissa_Rosenbaum,Domenic,Reject
Kieran_Wunsch,Alexzander,Reject
Name,Caitlyn,Accept
Katelynn.Nienow,Kylie,Accept
Yasmine.Lemke,Maryam,Accept
Helena,Johnny,Request
Frida_Cartwright,Lexi,Reject
Alexie,Guillermo,Reject
Abigail.Koss,Ted,Accept
Rowena_Kreiger,Alberto,Reject
Broderick,Owen,Accept
Claire_Goldner,Zora,Request
Avis,Pauline,Reject
Blanca_Douglas,Ryann,Accept
Vesta,Joey,Accept
Rosa,Jesse,Accept
Nova.Goodwin,Mariana.Miller,Accept
Hassan_Schowalter,Lamont.Johns,Accept
Lonny,Dakota,Reject
Cassandra,Eulalia,Request
Athena,Weston.Shields,Reject
Herta,Kacie.Kozey,Reject
Ophelia,Nayeli_Lubowitz,Request
Miguel,Mireya,Request
Marvin,Stephany_Bednar,Request
Madilyn.Gutkowski,Bette_Thiel,Reject
Brandy_Schulist,Deven_Jacobson,Accept
Coleman,Chanel,Reject
Monica_Wyman,Laurie,Reject
Shakira,Fabiola.Wilkinson,Request
Vivian.Beier,Norberto.Schowalter,Reject
Hiram_Howe,Trycia,Accept
Alaina_Gusikowski,Gerda,Accept
Hugh_Cremin,Grace,Request
Merritt.Legros,Lawrence_Rau,Reject
Annamae,Kyleigh_Grimes,Accept
Paolo_Beatty,Ofelia,Accept
Ali,Emily,Reject
Domingo_Cronin,Carey.Zieme,Accept
Eldora.Auer,Merlin,Accept
Twila_Marks,Myles,Reject
Darion,Roberto_Kautzer,Reject
Anastasia_Corwin,Rachelle.Ziemann,Request
Hobart,Maia_Baumbach,Request
Buford,Kavon.Breitenberg,Request
Alexane.Baumbach,Clemmie,Reject
Cynthia_Krajcik,Erick,Reject
Kieran.Rath,Veronica.Schneider,Accept
Suzanne,Eulalia,Accept
Liza,Taryn,Reject
Kendrick,Modesta.Von,Reject
Hollis,Julio_Kunde,Accept
Maureen_Hauck,Burdette.Leuschke,Accept
Autumn_Wisozk,Jany,Reject
Elizabeth_Borer,Jamil_Flatley,Reject
Brook,Ethelyn_Gulgowski,Request
Rosella,Shaina.Kovacek,Reject
Darius,Donna,Reject
Mara_Swaniawski,Cora_Tillman,Request
Jeanie.Wilkinson,Thomas,Reject
Josefa.Hoeger,Annamae,Request
Hilma,Brooklyn_Schinner,Reject
Jacey_Jones,Monique.Schamberger,Request
Crawford,Humberto_Sanford,Request
Roderick,Alana_Kuvalis,Accept
Aron,Pietro,Request
Keon.Fay,Stuart_Bruen,Reject
Audreanne,Emery,Request
Ena,Brennan_Beier,Accept
Maximillia.Jewess,Lincoln,Accept
Dustin,Palma_Bradtke,Accept
Burdette.Jaskolski,Joany,Reject
Lewis.Donnelly,Jaron.Muller,Reject
Markus_Bednar,Leopold,Request
Lionel.Hermann,Shanie.Sporer,Accept
Marielle,Brianne.Bradtke,Accept
Cordie_Ledner,Lue,Accept
Shea_Hoeger,Jules,Request
Alexander.Kovacek,Julie_O'Conner,Accept
Baylee.Langosh,Neva_Carter,Request
Adele,Tatum,Request
Raphael,Ceasar.Schuster,Accept
Corine_Ziemann,Kyleigh.Beier,Accept
Bill,Tessie,Request
Roy_Greenfelder,Lyla,Accept
Hunter.Zulauf,Katlyn_Abshire,Accept
Erika,Magali.Reilly,Request
Ardith,Sonny,Accept
Johan_Luettgen,Nikko_Dooley,Request
Eldora,Micaela,Reject
Vanessa_Jerde,Salvatore_Langosh,Accept
Ruthe_Cole,Shakira,Reject
Dayna.Carter,Duncan_Turner,Reject
Violet,Judson_Schulist,Reject
Cecilia_Larkin,Antwon,Request
Dan_Eichmann,Cathrine.Adams,Request
Jared_Mante,Lon,Accept
Alden.Smith,Kendrick.Von,Accept
Billie,Vince_Homenick,Accept
Seamus,Ernesto,Accept
Violette.Quigley,Samara.Schroeder,Reject
Lauren,Hayden_Johnston,Request
Travon.Kling,Kaylee.Schuster,Request
Israel,Jackeline_Harris,Request
Columbus,Tracey.Macejkovic,Reject
Brando,Randall.Kshlerin,Accept
Vidal,Morgan_Moen,Request
Elizabeth,Patricia_Barton,Reject
Zackery_Mohr,Edgar.Kuphal,Request
Alphonso,Harmony,Reject
Serenity,Janie,Reject
Art,Hadley,Accept
Cecile,Brad,Request
Doris,Rosalind,Accept
Zelma_Haley,Noe.Fisher,Accept
Myrtle,Lysanne,Request
Ora.Mosciski,Malinda_Koss,Request
Clinton_Gutkowski,Israel,Accept
Reuben.Koepp,Orland,Request
Chanelle.Mante,Guido.Boyer,Accept
Patience.Mueller,Sanford.Macejkovic,Accept
Randall.Steuber,Alan.Pollich,Request
Dino,Johann.Cremin,Accept
Julian_Langosh,Esperanza,Reject
Amaya_Stamm,Molly,Request
Geoffrey.Harris,Aliza,Request
Kenneth,Reece_Brakus,Request
Reanna.Hills,Renee_Renner,Request
Arthur.Stracke,Seth,Accept
Francesco.Konopelski,Kaylee,Reject
Angelo_Botsford,Cullen.Block,Accept
Kaitlin,Hassie,Request
Oleta_Kiehn,Eli,Request
Alison,Alexa,Request
Esperanza.Gusikowski,Crystel.Runte,Request
Vada,Laurie,Request
Gregorio_Feeney,Justina.Torphy,Reject
Rudolph,Amely.Hyatt,Reject
Bridie,Dianna_Armstrong,Reject
Lydia,Frieda,Accept
Osbaldo_Hamill,Gerard,Request
Eliseo.Gusikowski,Kieran.Harvey,Accept
Urban,Nedra.Eichmann,Request
Maxine,Raven,Accept
Bernie,Krista.Runte,Request
Alec_Batz,Walker_Funk,Reject
Alejandra.Ziemann,Keanu,Accept
Krystina,Katrina,Reject
Crystel_Mills,Daron,Reject
Diego,Kaela.Schuppe,Request
Fausto,Cheyanne,Request
Alison.Rogahn,Victoria_Paucek,Reject
Vinnie_Kemmer,Ole,Reject
Bradford.Blanda,Muriel.Hegmann,Reject
Rowena.Larkin,Jedidiah,Reject
Anika_Little,Jasper.Bednar,Reject
Cristopher_Dibbert,Rocky,Reject
Deondre_Senger,Maia,Accept
Queen_Brown,Micheal.Keeling,Reject
Baylee.Waelchi,Darrel.Bartell,Reject
Rodolfo,Kim,Request
Charles,Sabina,Request
Erika,Camryn,Accept
Aiyana.Beatty,Katelyn,Request
Roman,Mortimer_Wolff,Request
Helga_Daniel,Ellie,Reject
Lessie_Kuphal,Cassie.Schoen,Reject
Hailee.Dicki,Tyrese,Accept
Sedrick.Herman,Nicholaus_Ullrich,Reject
Vernon_Trantow,Nick,Reject
Kareem_Barton,Enid,Request
Adella,Nikki,Reject
Rogelio,Hayley.Farrell,Reject
Damion,Cleta,Request
Lorena.Cruickshank,Benjamin.Mills,Accept
Stan.Daugherty,Gus,Accept
Lauryn,Demarco_Kerluke,Accept
Austen,Erin.Orn,Request
Elmer,Shemar.Funk,Reject
Ricky.Rath,Vicente,Request
Justen,Reed_Cruickshank,Accept
Percy.Klein,Mike,Request
Pascale,Edwina.Goodwin,Reject
Novella_Treutel,Zelma.Kemmer,Reject
Mitchel,Leopold,Accept
Camila_Hilll,Iliana_Ruecker,Accept
Milo,Rollin,Request
Aron,Dexter.Kuphal,Request
Gilbert_Macejkovic,Odell_Nolan,Request
Bailey,Lisa,Reject
Eryn.Stanton,Esmeralda_Bednar,Request
Celestine_Gibson,Shaniya_Shields,Accept
Martina,Tia,Accept
Vincenza,Tess.Walter,Accept
Mariela_Wyman,Roel.Runolfsdottir,Accept
Bruce,Ericka,Request
Vesta,Clemmie,Reject
Amira.Nikolaus,Makayla.Sanford,Reject
Annamarie,Cortez.Hilll,Reject
Dana_Moore,Erwin.Wilderman,Request
Karina.Larson,Adrianna,Accept
Kendra,Ophelia,Request
Jordy,Sydni,Accept
Milton_Oberbrunner,Javonte_Feeney,Accept
Herminia,Myles,Request
Gussie,Rico_Lindgren,Accept
Shad_Rolfson,Clifton.Robel,Reject
Arnaldo.Mante,Arjun,Accept
Lessie,Dylan,Accept
Fausto_Larkin,Phyllis,Request
Sandy,Rosie,Reject
Deshaun,Kaylie,Reject
Marley,Martine,Request
Itzel,Gianni_Labadie,Request
Santina,Matilda_Labadie,Reject
Emil_Hyatt,Mauricio,Request
Tom.Murphy,Stacey,Request
Cathryn,Loyce_Purdy,Accept
Amani.Batz,Geovany_Leuschke,Request
Natalia,Hallie.Schaden,Accept
Zackary,Arturo,Accept
Demarcus,Annie,Accept
Ayden_Fadel,Tyrell,Reject
Alexandro.Quitzon,Torey.Weissnat,Accept
Mae,Louie.Miller,Accept
Tod_Olson,Verda,Request
Chadd_Graham,Milford,Reject
Thaddeus_Nitzsche,Kiera_GuÂªann,Reject
Norris_Hyatt,Annabel_Schimmel,Request
Fermin,Opal,Reject
Marquise,Guy.Kris,Reject
Keara_Hoeger,Kristofer,Accept
Briana,Blaze,Request
Carmel,Hal.Deckow,Accept
Dariana.Kertzmann,Johnpaul_Yost,Request
Ernest_Crist,Deontae.Weber,Reject
Felton,Holden,Accept
Lesly,Calista,Accept
Mabelle,Juanita_Tillman,Reject
Carroll.Hansen,Maegan_Purdy,Request
Merle_Wuckert,Adrienne,Request
Antwan,Raphael_Aufderhar,Request
Heath.Schuster,Payton,Accept
Shaina_Skiles,Keanu,Accept
Chanelle_Rolfson,Vita.Beer,Request
Brandi_Cormier,Ressie.Schaden,Reject
Misty.Sawayn,Carolyn.Hilpert,Reject
Herbert_GuÂªann,Meaghan,Reject
Gussie,Aron,Request
Frederic.Heathcote,Desiree.Farrell,Accept
Al.Harber,Conor.Kihn,Request
Aylin,Elvis,Reject
Kristopher_Lesch,Kristofer,Accept
Giovanny,Lemuel.Schowalter,Reject
Lyla,Savanna_Boyle,Request
Gladys,Rosendo.Graham,Accept
Vivianne,Cyrus.Reilly,Reject
Morton,Iliana_Ruecker,Accept
Lucious_Hamill,Myrl.Armstrong,Request
Terrance,Richard.Auer,Reject
Marcella.Labadie,Kelley.Lakin,Reject
Roderick,Carlee_Farrell,Accept
Maud,Virgie_Heller,Request
Terrill,Ryleigh,Reject
Gail.Breitenberg,Carley,Accept
Karlee.Streich,Keira.Jenkins,Accept
Shane.Kerluke,Rickey_Lehner,Request
Carlie,Amaya_O'Keefe,Accept
Marquis.Stanton,Mac,Reject
Natalie,Liza,Reject
Filomena,Newton.Hettinger,Request
Jason.Koch,Addie,Request
Caesar,Sophia,Reject
Karson.Steuber,Dasia,Accept
Ward_Raynor,Marc,Request
Brady.Mitchell,Deonte,Reject
Caden,Kyler.Rodriguez,Accept
Lorna,Letha,Reject
Pierce.Waters,Alphonso,Accept
Edd,Lloyd.Schmidt,Request
Virginia.Waelchi,Estella,Reject
Breana_O'Connell,Elroy,Reject
Wilfred_Zieme,Marco.Bernier,Reject
Stefan_Legros,Nona,Reject
Orval.Will,Columbus,Request
Aliza.Nader,Foster_Kovacek,Accept
Stanford.Raynor,Yazmin_Waelchi,Reject
Claire.Olson,Kendra,Accept
Darrin.Kuphal,Soledad.Mante,Request
Ana,Mariah,Reject
Letitia,Cortez_Wuckert,Request
Sophie_Koepp,Maynard_Koch,Reject
Luther,Jerod_Emard,Reject
Darrell,Billie,Request
Amber,Madie,Reject
Guido_Schuster,Golden,Accept
Rolando,Hayley_Hills,Request
Jordi.Sipes,Jody,Request
Florida.Padberg,Dixie,Request
Grant_Hills,Alex,Reject
Coy_Waelchi,Norris.Veum,Reject
Ozella,Norene,Accept
Darlene_D'Amore,Russell_Franecki,Accept
Katelin,Corbin,Reject
Ellen_Auer,Domenic,Accept
Fausto_Larkin,Rickey,Accept
Efrain.Will,Marilyne.Roob,Accept
Benjamin.Bauch,Adrain,Request
Clarissa,Meghan_Mraz,Request
Aylin_Hodkiewicz,Karl,Reject
Broderick_Runte,Elza_Blick,Request
Roslyn,Adriana,Request
Grady,Peggie.Jacobi,Request
Adell_Sawayn,Novella,Reject
Flossie_Rosenbaum,Daniela_Gerlach,Accept
Joannie,Chester_Weber,Accept
Katelyn,Steve.Rohan,Request
Isai,Elyse,Request
Donavon,Christa.Miller,Accept
Guiseppe_Lemke,Josefina_Kunze,Accept
America,Mellie_Wolf,Reject
Catalina.Nienow,Lexie.Schmitt,Accept
Baron.Barton,Cydney,Accept
Robert_Kunde,Howard.Kiehn,Reject
Lexie,Dandre,Accept
Hannah.Greenholt,Jairo,Reject
Eladio,Jayden.Wuckert,Reject
Verla.O'Reilly,Oscar,Request
Izaiah_Jacobi,Catherine_Bailey,Accept
Melyssa.Effertz,Frances,Accept
Domenica,Lexi,Accept
Dustin.Wuckert,Chelsea_Howell,Reject
Shanny,Cali_Hoppe,Request
Jazmyn.Schamberger,Araceli_Zulauf,Accept
Hoyt,Jana_Bradtke,Request
Elroy_Tillman,Helen,Accept
Francesco.Keebler,Adelia_Bogan,Accept
Emmanuel,Beaulah.Kutch,Accept
Abigail.Koss,Arne_Hauck,Reject
Mary,Brandon,Request
Lilliana,Adalberto.Farrell,Accept
Domenico_Grant,Mina,Reject
Elody_Bernhard,Hortense.Olson,Reject
Logan.Schaden,Norbert,Request
Bettie,Isadore,Accept
Brielle,Berneice_Johnson,Accept
Ted,Deshawn,Request
Tom,Imani,Accept
Summer,Julio_Kunde,Reject
Mckenzie_Reilly,Rhianna,Request
Eulalia,Vernice_Weimann,Accept
Oran,Zachary_Kemmer,Accept
Delfina,Monserrat,Request
Alysha_Stamm,Cynthia,Reject
Carrie.Miller,Phoebe_Kemmer,Accept
Celestine,Kathlyn,Reject
Elyse,Gianni.Prosacco,Reject
Lucile,Lelah,Request
Deangelo,Juanita,Reject
Madeline_Murazik,Lafayette_Ebert,Request
Natalia,Elenor.Walker,Request
Carissa_Grimes,Rey,Accept
Marilie,Consuelo.Marvin,Request
Anderson,Georgiana,Request
Chadrick.Beahan,Kristoffer.Koelpin,Accept
Merle_Sauer,Otho_O'Keefe,Request
Rex,Bertha_Nienow,Reject
Raegan_Barton,Monserrate_Cummerata,Request
Khalid.Lebsack,Jaylan_Bogisich,Reject
Annamae_Jacobs,Adan.Daniel,Accept
Cheyenne.Mante,Cydney,Reject
Jewel,Edmund,Accept
Leatha,Jeramie,Accept
Imelda.Kling,Clarissa_Farrell,Reject
Abbie.Funk,Simone.Lehner,Request
Kiel_Harvey,Ellsworth,Request
Lyric,Burnice,Reject
Shirley,Elroy,Request
Laron_Hoppe,Jamaal_Sanford,Request
Wilfredo_Kemmer,Wayne,Accept
Zane,Ayden,Request
Mervin,Karen.Boehm,Request
Robin.Gottlieb,Urban,Reject
Elise,Rhiannon,Request
Meghan_Bergstrom,Graciela_Wisoky,Reject
Brenden,Israel,Reject
Amy,Armando,Request
Joy,Brenna.Witting,Reject
Elyse.Herzog,Jody,Accept
Damion.Donnelly,Roscoe,Accept
Jeanne,Amaya.Boyer,Request
Mia,Alexane.Walsh,Accept
Herminio,Retta,Accept
Leone,Rodrick.Reichel,Accept
Gregorio_Feeney,Darron,Request
Aditya,Margarett,Reject
Alysa.Yost,Mertie,Accept
Alexys,Werner,Request
Larue,Mohamed_Ledner,Accept
Marcia,Vada,Request
Dale_Jones,Madison.Hansen,Accept
Fidel.Cronin,Marie_Sipes,Accept
Jaquan_Torphy,Clementina,Accept
Frankie_McClure,Jamey,Request
Fatima,Aric.Mayert,Reject
Dawn.O'Conner,Barrett,Request
Cyril,Anjali,Reject
Valerie,Kim,Accept
Evalyn,Mariah,Accept
Prince_Glover,Amos.O'Kon,Request
Coy,Merlin_Moore,Reject
Hollie.Hammes,Lura_Shields,Request
Paul,August,Request
Nicklaus.Braun,Neoma.Lehner,Accept
Aryanna.O'Hara,Burdette,Accept
Agustina,Octavia_Parisian,Accept
Eleazar,Aron,Reject
Arden,Trevion,Reject
Pietro.Macejkovic,Horacio.Crooks,Request
Theresia_Ortiz,Benton.Sawayn,Accept
Ryann.Emmerich,Will_Ullrich,Reject
Duane.Jaskolski,Martine,Request
Ardith,Alexandro,Request
Larissa.Kreiger,Kayli.Cartwright,Reject
Weston_Goyette,Mellie,Request
Mackenzie,Eloisa,Accept
Rubye_Connelly,Edison,Request
Treva.Stokes,Alexa,Reject
Izabella,Roberta.Keeling,Request
Kiley,Frieda,Request
Jerod,Myrtle,Accept
Hunter.Zulauf,Verona.Rolfson,Accept
Leonor_Simonis,Alba,Request
Idella,Lilliana,Accept
Kaela_Lehner,Elwin,Accept
Trystan,Zena,Reject
Nayeli,Jovan_Roberts,Request
Aliza,Chester.Collier,Request
Alberta_Ritchie,Milo,Accept
Jalyn,King_Larkin,Request
Hassie_Bailey,Bettie_Boyer,Request
Francesca,Zakary,Request
Mariam,Roderick,Reject
Jaclyn.Okuneva,Rodrick,Request
Cleora,Weston_Kshlerin,Accept
Maida.Kuphal,Emerson,Reject
Therese,Aliya,Request
Toy.Gerlach,Guido_Quigley,Accept
Tremayne_Jewess,Dina,Request
Herta,Nestor,Reject
Marty.Kuvalis,Cullen.Block,Request
Maximillian.Haag,Cielo_Hackett,Request
Dameon_Roberts,Cruz.Stoltenberg,Accept
King,Elenora,Accept
Horace_Stiedemann,Jevon.Windler,Request
Vinnie_Stanton,Juvenal.Schinner,Accept
Easton.Wehner,Hayley,Accept
Chelsea.Bogan,Cydney,Reject
Jeromy,Thelma,Accept
Annette,Joany.Hodkiewicz,Request
Clare,Santiago,Reject
Gregorio.Corkery,Laura,Request
Rosalinda.Marks,Davon_Schulist,Reject
Lelah.Stehr,Kobe,Request
Dixie_Bechtelar,Verna,Accept
Winston.Powlowski,Tessie,Reject
Katelyn,Rodger_Reynolds,Accept
Savannah_Barton,Alvis_Schimmel,Request
Maida_Kovacek,Sage,Accept
Imani,Noble,Accept
Taryn,Aurelia.Jacobson,Accept
Odell,Erika,Reject
Valentina.Corkery,Helena,Accept
Trent,Thomas_Rosenbaum,Accept
Kiera_Graham,Enos,Reject
Audra,Matilde,Accept
Dawson_Kuhn,Genoveva,Accept
Nikki,Rocky,Accept
Rita_Hand,Coby,Reject
Braxton,Nigel_Mann,Accept
Jailyn.Armstrong,Corene,Reject
Simone_Buckridge,Delfina_Smitham,Accept
Eliza.Strosin,Deshaun.Brown,Request
Jamaal.Schroeder,Casey_Streich,Accept
Moises.Abbott,Andy_Corkery,Reject
Ashly.Ernser,Maymie.Goldner,Request
Benton,Lafayette,Reject
Mariana,Angelita,Reject
Nola_Brown,Weldon,Reject
Micah,Quincy.Ortiz,Reject
Mireille,Newell,Accept
Hassie,Nyah,Accept
Alberto,Quincy,Reject
Alysha,Johnny,Accept
Carlos,Timmothy_Dickens,Accept
Dennis,Mavis.Barton,Request
Mercedes.Pouros,Cydney,Reject
Maggie.Hoppe,Caleigh,Accept
Benedict_Beatty,Reggie,Accept
Karianne_Shields,Vincent_Monahan,Request
Orlando.Schimmel,Tristian.Aufderhar,Accept
Serenity,Lukas,Reject
Bobby.Morar,Shea_Pouros,Reject
Josie.Nader,Jamar_Gleason,Accept
Cole,Norma.Adams,Request
Angel_Wuckert,Wendell,Reject
August.Kihn,Ezequiel,Request
Cathryn,Daisha,Request
Tod_Pouros,Estelle.Oberbrunner,Accept
Natalia,Ines,Accept
Nella.Rau,Kayley_Koepp,Reject
Junius.Russel,Parker_O'Connell,Reject
Vickie,Robert,Request
Virginie_McLaughlin,Vernon,Request
Kasey,Marcia_Brakus,Request
Jacynthe_Abernathy,Valentin,Accept
Rafaela,Gregoria,Reject
Isabel_Kertzmann,Adelia,Request
Layla,Florida_Von,Request
Isabelle_Ziemann,Harvey.Cruickshank,Accept
Davion,Elliott,Reject
Oscar,Trent.Hamill,Request
Chance_Kutch,Reta_Monahan,Reject
Dorris,Mitchell,Request
Clementine.Fisher,Emilie,Reject
Favian,Estefania.Pollich,Reject
Kaleigh,Lila.Beatty,Reject
Donnie,Brayan,Request
Emmalee.Runolfsdottir,Tobin,Accept
Jettie.Larson,Faustino,Accept
Maggie,Xander_Kshlerin,Reject
Aileen.Quitzon,Keven,Reject
Shea.Lowe,Willie_Gleichner,Accept
Hyman,Domingo,Request
Faye,Paxton,Accept
Ceasar.Schuster,Jerel.Cummerata,Reject
Armand,Jaydon.Hermann,Request
Dina,Gabriel.Leuschke,Accept
Nathanial,Pablo_Bechtelar,Request
Josianne.Weimann,Ashton,Reject
Krista_Gottlieb,Margaret,Request
Aric,Edna.Considine,Reject
Angelina_Douglas,Easton_Osinski,Reject
Aron.Hilpert,Nola,Reject
Michael.Corkery,Nona_Balistreri,Reject
Luisa_Botsford,Delmer,Request
Madeline,Shannon,Request
Adah.Cole,Samara.Wilderman,Request
Alda.Maggio,Precious,Reject
Ambrose,Brent_O'Keefe,Reject
Tyshawn,Geovany_Leuschke,Reject
Lavonne.Schneider,Conor,Reject
Diego.Wintheiser,Keyshawn_Marvin,Reject
Bonita,Jessika,Accept
Elroy,Destin,Reject
Justus_Leuschke,Archibald,Request
Adah_Wunsch,Shanie.Langosh,Request
Johanna_Kling,Jaqueline,Reject
Clinton_Gutkowski,Edgar,Accept
Kathryn,Reba_HarÂªann,Request
Eula,Celine,Request
Yoshiko_Zieme,Kelsi_Rippin,Accept
Yvette.Okuneva,Ettie,Accept
Angus.Sawayn,Elissa,Request
Jess_Berge,Irma,Accept
Damon,Corbin_McClure,Reject
Elfrieda.O'Hara,Lucio.Grimes,Accept
Antonia,Maymie,Reject
King,Destinee_Hodkiewicz,Accept
Lowell,Osbaldo_Gerlach,Accept
Adrienne_Homenick,Anais.Bauch,Accept
Renee_Rempel,Taryn,Request
Paul_Conn,Laurence.Rath,Request
Virginie,Verner,Request
Pansy,Lottie_Klocko,Reject
Kenya,Nyah,Accept
Gustave,Destany,Accept
Stanton_Cremin,Araceli.Buckridge,Request
Jamel,Susie.Hegmann,Request
Sabina,Lorenza,Accept
Myrtice_Schuppe,Freeman.Kuhic,Request
Jerod,Dangelo,Accept
Prudence,Matt,Accept
Easton,Magnolia,Accept
Lia.Olson,Emiliano.Schulist,Reject
Henriette,Enid,Request
Liza.Rippin,Hilbert.Kirlin,Request
Ova_Kiehn,Ezequiel,Accept
Arely.Heller,Jovanny,Reject
Alexandre,Carmel,Request
Stephan,Norris.Willms,Accept
Florian,Marisol_Mueller,Accept
Sherman_Hegmann,Desiree.Abernathy,Request
Shyanne.Rohan,Zakary.Schuster,Request
Scarlett,Krystina_Zboncak,Request
Raquel,Guido.Boyer,Reject
Verona_Jacobi,Ofelia,Reject
Nestor,Donnie,Request
Marvin.Reinger,Sedrick.Herman,Request
Cloyd,Judy,Request
Norval_Russel,Mason.Kub,Reject
Diego,Edmond,Reject
Lavinia.Simonis,Palma_Von,Accept
Nelson.West,Gussie,Accept
Emely.Howell,Florida,Reject
Evie,Precious,Accept
Rafaela_Prosacco,Eryn.Stanton,Reject
Kathlyn,Madie_Towne,Accept
Oma,Trinity.Feest,Request
Yvette.Fisher,Amalia.Cartwright,Accept
Rhiannon_Wintheiser,Etha.Schumm,Request
Pamela,Suzanne,Request
Liana,Corbin,Reject
Darren,Jammie,Reject
Edward,Adeline.Strosin,Accept
Korbin,Keara,Request
Amaya,Emerald,Reject
Dashawn,Paris.Hammes,Reject
Johnathon_Osinski,Edna.Considine,Accept
Nicholas,Fiona,Reject
Morgan.Zboncak,Emma_Hilpert,Reject
Jennyfer_Mueller,Garrison,Accept
Price.Huel,Jackeline,Accept
Caterina_Cassin,Ericka,Reject
Nico_Morissette,Ora.Mosciski,Accept
Angel_Hodkiewicz,Rylan,Request
Narciso,Wallace.Ziemann,Reject
Tanner,Hillard.Schroeder,Reject
Sanford.Macejkovic,Preston,Reject
Talon_Kirlin,Dana_Moore,Reject
Carlo_Dickinson,Buford_Torp,Accept
London.Jakubowski,Estell,Reject
Concepcion,Hellen,Accept
Mariela.Schmidt,Isai.Fisher,Request
Kaia,Eleazar,Reject
Ron_McKenzie,Joey,Request
Julianne_Spencer,Dayton,Request
Terence.Lind,Paul,Accept
Diamond,Neha,Request
Julia,Rhiannon,Request
Kaylee_Kshlerin,Alexa,Reject
Shaina,Amos.O'Kon,Reject
Wilton,Dedrick.Beatty,Request
Jace_Gerhold,Christa,Accept
Pasquale.Carroll,Paxton,Request
Santiago,Henderson_Feest,Accept
Asia,Carole_Fritsch,Request
Sam,Kristofer.Reichert,Accept
Eladio,Deron,Reject
Abdullah.Ortiz,Ulises.Feeney,Reject
Delaney,Christa.Miller,Reject
Easton_Osinski,Dayne,Reject
Tyrique,Carissa.Bruen,Request
Leda,Esmeralda.Schultz,Reject
Roberta_Purdy,Elijah_Shanahan,Accept
Albin,Kaylee,Reject
Eloisa.Thompson,Genesis_Heller,Reject
Ramona,Christy,Request
Hellen_Gusikowski,Adrian,Reject
Deron,Ludie.Hoppe,Request
Cecile.Rutherford,Sally.Schuppe,Request
Ursula_McKenzie,Myrtle,Request
Vernie.Rice,Garland_Hilll,Accept
Josefina.Marvin,Lucious_Hamill,Reject
Mateo.Cummings,Christa_Shields,Reject
Nickolas.Moore,Garrison,Reject
Lowell_Cartwright,Marjolaine,Accept
Linnea,Raegan,Reject
Kacie.Murray,Keyon,Request
Brock,Roel,Accept
Lydia,Terrance,Accept
Leann.Wintheiser,Cali,Reject
Arnoldo,Barton_Hamill,Reject
Jerome_Hegmann,Jason.Bogan,Request
Amalia,Joanne,Accept
Shyann_Osinski,Florian,Accept
Arno,Linnie,Reject
Pablo_Wilderman,Gerardo_Larkin,Accept
Chaya,Ryann_Rogahn,Reject
Joannie,Bryce.Rath,Request
Rosendo.Rogahn,Grant,Reject
Devante_Labadie,Fannie,Accept
Marie,Elliot_Kirlin,Reject
Vicky,Cecilia.Nolan,Accept
Maribel.Stehr,Kaylie.Dickens,Accept
Sherwood,Madison_Schimmel,Accept
Garret_Aufderhar,Verner_Wiegand,Accept
Margarete_Shanahan,Kaylah,Reject
Belle,Carmine_Greenfelder,Accept
Evalyn,Julian,Accept
Gladyce,Glen,Request
Florian.Pfannerstill,Everette,Accept
Tracy_Davis,Skye.Wunsch,Request
Cristina,Althea.Bednar,Reject
Clark.Buckridge,Crystal,Reject
Yadira_Kassulke,Hans,Reject
Callie,Delores,Reject
Holly,Marty,Request
Donnell_Pfeffer,Hailey_Weissnat,Reject
Jamar_Mohr,Emilie_Breitenberg,Request
Lavina.Kuvalis,Colt.Hirthe,Reject
Lyda,Alfonzo.Feest,Request
Myles_Romaguera,William,Accept
Clinton,Osbaldo,Accept
Stephon,Camille.Cole,Reject
Mertie,Andres_Bashirian,Reject
Greta,Cornelius_Kautzer,Reject
Andres,Raheem.Cruickshank,Reject
Percy,Percival.Kunde,Request
Cedrick_Yost,Daphne_Leuschke,Accept
Alysa.Bednar,Ethyl.Osinski,Accept
Beverly.Ferry,Alexandria,Reject
Violet_Pollich,Oswaldo,Request
Vivian,Rose,Accept
Oran,Chaim.Considine,Reject
Rachael,Geovany_Strosin,Accept
Celestine_Weber,Calista.Aufderhar,Request
Boyd.Pfeffer,Alice,Accept
Modesta,Ellis,Accept
Jeramy,Janis,Reject
Nicola,Dangelo,Accept
Kristin,Chance,Reject
Granville.Schinner,Jessie,Reject
Dorian.Langworth,Emmanuel_Kuvalis,Accept
Sanford,Ezekiel,Accept
Callie.Thiel,Imogene.Effertz,Request
Sylvia_Jenkins,Sigmund,Reject
Toby.Nicolas,Wilhelmine,Request
Gaetano.Langworth,Emerald_Streich,Request
Marjolaine_Smitham,Albert_Towne,Accept
Zul.Reichel,Axel_Flatley,Accept
Hipolito.Schoen,Omer_Luettgen,Request
Jennyfer,Alf_Aufderhar,Reject
Lucy.Ruecker,Eve.Sipes,Request
Jordyn,Jordyn.Altenwerth,Accept
Russell_Hahn,Jeremie_Corwin,Request
Danial_Dare,Raegan,Accept
Abigail_Herzog,Gillian_Heller,Request
Dalton,Kathryne.Wolff,Accept
Kristian,Bernard,Request
Magali.King,Valentina,Request
Burley,Jarod_Bergnaum,Request
Zoey,Donny_Ruecker,Accept
Christina.Schamberger,Zane.Torp,Accept
Alex_Hintz,Dorothy,Request
Frida_Cartwright,Iva,Reject
Zena,Leatha,Accept
Jamir,Ozella_Terry,Reject
Alford,Beau_McClure,Accept
Edgardo_Crist,Kaylee,Accept
Braulio.Cormier,Monty.White,Request
Laisha,Chloe_Streich,Request
Novella.Gulgowski,Wilhelmine_Reinger,Accept
Keeley,Augustine.Mann,Reject
Cruz,Gisselle,Request
Jude,Jany_Daugherty,Accept
Kaitlyn,Coty,Reject
Bartholome,Lindsey,Accept
Eudora,Camryn,Accept
Amos,Abner_Weimann,Request
Norwood.Kunze,Carolyne,Accept
Danny.Collins,Golda,Reject
Ken.Mraz,Zaria.Greenfelder,Reject
Oceane.Connelly,Austyn,Request
Jayme,Clair,Accept
Faustino,Loren_Nader,Reject
Olaf,Garrett.Mayert,Request
Baby.Herzog,August_Becker,Request
Juanita,Ivory.Stark,Reject
Dallin,Sage,Reject
Susana,Jared,Request
Haskell,Tomasa.Grady,Request
Gabriella,Agnes_Luettgen,Accept
Blair_Torphy,Dallas_Lueilwitz,Reject
Lavon.Hilpert,Vivianne,Accept
Freeda.Kris,Destiny.Cartwright,Request
Keyshawn_Blanda,Coby.Lueilwitz,Reject
Antonia.Hane,Keon,Accept
Kelly,Ahmad_Marvin,Request
Guillermo.Howe,Lizeth_Maggio,Accept
Olga_Ebert,Giovanny,Request
Beth,Jody,Reject
Kurt_Schumm,Toy,Reject
Vallie_Gulgowski,Dante_Gutkowski,Reject
Maida.Watsica,Michael.Walsh,Accept
Johnpaul_Turcotte,Lauryn,Request
Dee.Cronin,Tiana_Wintheiser,Accept
Randy,Marco_Dietrich,Accept
Jessica,Karianne_Shields,Request
Margarete,Brittany,Reject
Will,Harmony,Reject
Orrin,Davon,Reject
Joannie,Aurelie,Reject
Tierra.Hilpert,Amir_Funk,Request
Melvina.Veum,Raymundo.McClure,Request
Hillard,Nona,Accept
Jayce,Felix,Reject
Imelda.Botsford,Isaac,Reject
Eliane,Lucy_Heathcote,Reject
Kattie_Heaney,Abelardo.Dibbert,Reject
Susie,Alyson,Accept
Samir_Wyman,Jannie_Wiegand,Request
Brandi,Margaret,Accept
Ernesto,Cordia.Bahringer,Accept
Myrna.Orn,Arvel.Bosco,Accept
Zachariah.Schulist,Elna.Upton,Accept
Stephany_Ryan,Tyreek.Zulauf,Accept
Cecilia_Larkin,Cynthia,Accept
Tina.Jacobson,Elnora_Boyer,Accept
Wyatt_Shanahan,Brooke,Accept
Deonte.Hills,Ardith,Accept
Guido,Gussie,Request
Winfield_Schinner,Norwood_Dicki,Reject
Ruth,Hadley,Reject
Werner_Connelly,Marcus_Hane,Accept
Bryana,Carolyne,Accept
Idella,Geovanny.Nader,Request
Kristoffer,Lesly.Dooley,Reject
Alberto,Arne_Kessler,Request
Nayeli,Billie,Request
Ahmad,Albin,Reject
Edna,Claudie_Kub,Accept
Trenton,Bernadine,Accept
Buford_Yundt,Armando_Rolfson,Accept
Nyah,Simone,Accept
Florian,Carole,Request
Rafael.Stark,Danielle_Paucek,Request
Ewald,Antonette,Accept
Vance,Daniella_Osinski,Reject
Abbie.Kris,Ike_Jacobi,Accept
Pascale_Konopelski,Arvid,Accept
Edd,Cordell,Accept
Kacey_Crona,Jewel_Kautzer,Reject
Cayla,Chad,Reject
Houston,Terence.Bartell,Accept
Dixie_Waters,Verdie.Schmeler,Accept
Rebekah_Kling,Karlie,Request
Kelsi_Corwin,Shemar.Purdy,Request
Adaline,Kayli,Accept
Pablo.Conroy,Arden.Cassin,Accept
Cortney,Justyn,Request
Chanelle.McCullough,Francis_Romaguera,Accept
Tad_Schroeder,Hilton_Ritchie,Accept
Belle,Myah.Rau,Accept
Aileen,Angelo,Reject
Oswald.Ledner,Benton,Reject
Daija_Stracke,August,Reject
Moshe,Moises.Botsford,Reject
Bryana,Georgianna,Accept
George.Schowalter,Meggie,Reject
Rowena.Larkin,Tom,Accept
Kenna.Morissette,Lorena.Turner,Reject
Lyla_Kling,Dane,Request
Annabelle,Percival,Request
Trey,Adella,Request
Adalberto.Farrell,Lynn,Request
Savion,Danny,Accept
Elroy.Cole,Sigmund,Request
Anita.Weissnat,Christa,Accept
Anna.Koss,Mackenzie,Reject
Toney,Vern,Request
Lance,Einar.Gibson,Reject
Hosea_Boyer,Marisa,Request
Lou_Mante,Reed,Accept
Natasha,Walker,Reject
Vincenzo,Alyce_Rosenbaum,Accept
Meaghan,Yazmin,Request
Minnie.Flatley,Lolita_Corkery,Request
Kole,Lou.Frami,Reject
Howell,Jeffry,Accept
Leo_Luettgen,Ernest,Reject
Ashton,Gavin_Wuckert,Request
Kaia_Shanahan,Saul_Kovacek,Request
Harley.Bins,Morris_Harris,Accept
Adrain_Stoltenberg,Virgie.Ankunding,Request
Dorian,Randal,Request
Broderick,Chelsea,Reject
Felicia,Gianni.Franecki,Reject
Abigail_Rippin,Giles_Monahan,Reject
Adrien,Wade_Gottlieb,Request
Madisen,Judge.Kub,Request
Evert,Margaret,Accept
Josefina.Cruickshank,Edwina.Reichel,Request
Asa,Demond_Veum,Request
Angel.Hoppe,Trinity,Accept
Audrey_Klein,Carlotta.Quigley,Accept
Helena_Hessel,Jillian.Roberts,Accept
Madisyn_Bartell,Tyra_Macejkovic,Accept
Shad,Kristian,Reject
Liza,Victoria,Accept
Ulices.Macejkovic,Unique_Zieme,Accept
Dana,Shaniya,Request
Woodrow,Baylee.Waelchi,Request
Bobby,Xavier_Lynch,Reject
Madilyn,Emmanuel_Balistreri,Accept
Jeffery_Wehner,Florian_Cole,Reject
Toney,Noemy_McGlynn,Accept
Coleman.Heller,Rose.Thiel,Request
Joanne,Jennings_Lynch,Request
Graham.Kuhic,Donato,Reject
Pauline,Arnoldo,Request
Anabelle,Maverick.Beatty,Reject
Mitchel,Antonette_Hilpert,Accept
Eulah.Fritsch,Lincoln,Reject
Israel,Garrison,Reject
Reggie,Justen_Hessel,Reject
Daisha,Mariano_O'Hara,Reject
Mylene.Wilkinson,Rory.Skiles,Request
Kira,Destini_Hirthe,Reject
Brock,Rick,Request
Antwan,Amy,Accept
Mireille.Sanford,Schuyler_Hand,Accept
Mandy_Schowalter,Ruthe_Cole,Reject
Suzanne,Darius,Reject
Luigi.Witting,Rylan_Stamm,Request
Bobby,Esmeralda,Request
Brielle,Guillermo,Reject
Eddie,Violette,Request
Don_Senger,Louie,Reject
Cydney,Deondre_Kemmer,Accept
Giovanni.Murphy,Serena,Accept
Annamae_Jacobs,Giovani_Flatley,Accept
Ladarius,Moises.Botsford,Accept
Claudine,Dovie_Mueller,Request
Daija_Stracke,Joey,Request
Adalberto,Delaney.Ondricka,Request
Sean,Jayson,Request
Adolphus.Walker,Layne,Reject
Leanne.Corkery,Floy.Beier,Accept
Emil,Liana.Gerlach,Request
Samanta,Annette.Fisher,Request
Reta_Anderson,Jarod,Accept
Claud_Bogisich,Amos,Accept
Alize_Wuckert,Destini.Kassulke,Accept
Adrain,Taryn,Reject
Jalon,Johnpaul_Turcotte,Request
Oswaldo.Donnelly,Maude,Request
Rico.Rutherford,Marty_Stroman,Request
Hazle,Yasmeen_Grant,Reject
Enid,Icie,Request
Ervin,Tess,Request
Everette,Ed,Reject
Mariela.Kris,Einar.Jast,Request
Bessie.Barton,Jazmin,Reject
Shaun,Jonathan.Douglas,Reject
Nedra,Reynold.Gerhold,Accept
Simone,Maggie_Skiles,Request
Kyler,Vallie.Barrows,Reject
Billie,Micheal.Keeling,Reject
Devante,Christina_Lemke,Request
Kailey,Gerald,Request
Garnett,Wyatt_Shanahan,Reject
Jan_Torphy,Ryley.Gaylord,Reject
Stephania.Jaskolski,Aliyah.Jacobson,Request
Aylin,Mekhi_O'Reilly,Accept
Nathen,Nathen,Reject
Miller,Rhiannon,Request
Constance,Nettie,Accept
Reyes.Cole,Alta_Ortiz,Request
Kari_Schmitt,Amalia.Rutherford,Reject
Octavia_Shields,Deron_Gibson,Request
Serena.Ward,Jalon,Accept
Toby.Reichert,Tyler,Reject
Ernestina,Shanie,Request
Shea.Krajcik,Kayden.Bernier,Accept
Monroe,Danielle,Request
Stella,Edmond,Request
Naomi,Eugene,Reject
Myra,Otto,Request
Myrtis.Hintz,Onie,Accept
Lois.Windler,Marshall,Accept
Neoma.Lehner,Mossie_Effertz,Request
Nakia_Hagenes,Karley.Reinger,Accept
Joseph_Ledner,Isabelle.Johns,Accept
Dallas_Buckridge,Frederik,Accept
Lonny,Abigale,Reject
Sterling.Metz,Wyman,Accept
Christy,Faustino,Accept
Amira,Sterling,Request
Billie,Lizeth,Reject
Brooks_Bednar,Gust_Heaney,Reject
Lynn,Jarret.Russel,Reject
Aditya,Candido_Flatley,Reject
Delbert.Hahn,Garrett.Hauck,Reject
Cleora.Heller,Santos,Reject
Summer.Walker,Keven_Boyle,Reject
Waylon.Hansen,Theo.Sporer,Request
Deonte.Bogisich,Marcelo.Ankunding,Request
Mazie.Emmerich,Bud.Hackett,Request
Clovis.McClure,Liliane,Accept
Cale.Gerhold,Kyleigh.Beier,Request
Orpha.Goyette,Misael,Request
Angus,Athena.Kohler,Reject
Laurence,Trent_Cole,Accept
Pablo.Bogan,Camylle_Christiansen,Accept
Maggie_Skiles,Linnea.Swift,Reject
Eldridge.Hayes,Bernice,Accept
Dameon.Leuschke,Woodrow,Accept
Jaquan_Torphy,Melvina.Veum,Accept
Helmer_Rath,Kirsten,Accept
Alejandra,Virgie_Mann,Accept
Mavis.Lemke,Josephine,Reject
Lera_Mosciski,Cristina,Reject
Joy,Luther_Rosenbaum,Reject
Zora,Eino,Reject
Savannah_Schimmel,Milford,Accept
Alfreda.Parisian,Garrison.Koelpin,Accept
Martina.O'Reilly,Leonor.Auer,Reject
Orlando,Simone_Predovic,Request
Evelyn.Kuhn,Alphonso,Reject
Milford,Toy_Klein,Accept
Laurianne,Ephraim,Accept
Patricia,Mikel,Accept
Lola.Roberts,Abdullah.Swaniawski,Request
Libbie_Weber,Marcus,Accept
Morgan,King.Corkery,Request
Carlos,Dewayne_Jaskolski,Reject
Alberto.Goyette,Dasia,Accept
George,Creola.Bayer,Accept
Sammy.Yost,Madelynn,Request
Clay_O'Reilly,Alejandra,Reject
Mona,Jillian.Roberts,Reject
Yessenia,Javon.Mitchell,Reject
Ewald,Kristofer,Reject
Wanda.Lemke,Tianna.Renner,Request
Muriel,Antonina_Rohan,Reject
Gabrielle_Rath,Flossie,Accept
Gillian_Feest,Robb,Accept
Jocelyn,Brody.Hudson,Reject
Brayan,Pedro,Request
Elroy_Tillman,Saige,Reject
Ethyl_Cole,Jorge,Accept
Marie,Teresa,Reject
Eulalia_Corkery,Hilma,Reject
Paris.Parisian,Nedra.Schmidt,Reject
Randal,Rudolph,Accept
Monserrate,Alia.Weimann,Request
Theo.Frami,Rudolph_Stroman,Reject
Winston,Gerhard,Request
Lester_Hansen,Savanna,Reject
Annabell.Beier,Lacey,Request
Reid.O'Keefe,Laurine.Trantow,Reject
Asia_HarÂªann,Aletha.Welch,Reject
Phyllis.Streich,Lavina.Smith,Request
Lukas,Margret.Watsica,Reject
Dessie_Lueilwitz,Zachary_Kemmer,Request
Marianne.Runolfsson,Colton,Request
Laurie,Delta.Toy,Request
Karina.O'Kon,Marlon.Spencer,Reject
Everardo,Betty,Request
Ramiro,Mario,Request
Maiya,Allison.Boyer,Reject
Crawford.Hills,Cody,Request
Kristopher_Lesch,Amelie_Cummerata,Request
Savanah_Bruen,Elian_Parisian,Request
Kaylee_Rodriguez,Griffin,Request
Matilda,Khalil.Cormier,Accept
Jarrell,Magnus.Powlowski,Accept
Rosemarie,Wade.Gusikowski,Request
Cristal,Al,Reject
Hallie.Schaden,Kayley.Cruickshank,Reject
Cassandra,Corbin,Request
Cecilia.Nolan,Ryley_Reichel,Accept
Rogelio,Talon,Reject
Ben,Troy,Request
Layne.Hodkiewicz,Candelario,Accept
Rodger.Runte,Juwan,Reject
Fredy.Bogisich,Athena,Request
Liliane.Ledner,Willis.Adams,Request
Jewell_GuÂªann,Leann,Accept
Zachariah.Schulist,Hannah_Lesch,Reject
Cortez_Price,Kurt_Abshire,Request
Ethan,Marjolaine.Littel,Reject
Alphonso,Dorthy,Accept
Garry.Gleason,Emanuel_Kovacek,Request
Jolie,Stewart,Reject
Mazie.Schuppe,Amelie_Carroll,Request
Desiree_Bergnaum,Scotty.Ledner,Request
Reggie,Ward,Request
Ulises_Ebert,Layla.Schoen,Accept
Donny,Jennifer,Accept
Alexandria,Carmine.Weimann,Reject
Kathleen.Stoltenberg,Salvatore_Grimes,Request
Francesco_Christiansen,Omer,Reject
Shana,Sharon,Request
Beulah,Misael,Request
Catharine_Smith,Leta,Request
Mohammad.Gibson,Lera,Accept
Dino,Mattie_Lesch,Accept
Domenic,Morgan_Altenwerth,Request
Roderick,Nayeli_Lubowitz,Request
Alva_O'Kon,Javonte_Brown,Request
Sherman,Kathlyn_Stehr,Request
Eleazar,David_Heidenreich,Reject
Delilah,Dax,Request
Esperanza.Gusikowski,Dorthy.Nitzsche,Request
Bernita.Koepp,Fay_Bogan,Reject
Maeve,Brooke,Accept
Jeramie.Mayer,Aileen_Wilderman,Request
Ivy,Furman_West,Reject
Lilliana,Fausto_Ankunding,Reject
Abby_Skiles,Fausto_Boyle,Accept
Rosetta,Osvaldo,Reject
Loraine,Camden,Accept
Peter_Purdy,Bryana.Rice,Request
Antonietta,Niko,Accept
Beth,Timmothy_Gleichner,Accept
Johnny,Solon.Simonis,Request
Randi,Roberta_Block,Request
Kraig,Kraig.Shanahan,Reject
Akeem_Smith,Myron.Deckow,Reject
Lenore.Spencer,Cordelia,Accept
Clementina,Cathy,Request
Edwin,Mitchell,Accept
Dejuan.Ziemann,Colten,Request
Orland_Weber,Korey.Heller,Request
Kian,Candace,Accept
Estefania_GuÂªann,Mitchel.Harvey,Reject
Gust_Ullrich,Trudie_Kozey,Reject
Johanna_Durgan,Claudia_Mills,Reject
Freida_Bayer,Ariel,Reject
Landen,Leonardo.Ernser,Accept
Mazie.Flatley,Brannon_Strosin,Accept
Emma,Rashad,Reject
Quentin,Patricia,Accept
Jarred_Johnson,Gudrun,Request
Estefania,Ryder,Reject
Alverta,Twila,Reject
Daren_White,Alejandrin.D'Amore,Reject
Angie.Cummings,Pansy,Accept
Kirk,Alia_Satterfield,Reject
Marcelo_Kozey,Roslyn_Stroman,Request
Mercedes_Corkery,Derick,Reject
Marlene_Hoppe,Helmer_Wisoky,Request
Hyman,Mertie,Request
Jaquelin.Kuhic,Merle,Reject
Amy,Vernon,Reject
Eunice_Kozey,Bart_Cormier,Accept
Fleta,Marquise_Quigley,Request
Maryse,Kallie.Klein,Reject
Juvenal,Katrine,Accept
Dana_Moore,Ola_Farrell,Reject
Arno.Conroy,Maximillia,Request
Zena,Baron_Carter,Reject
Chaya,Devon,Reject
Joelle,Antwan,Accept
America,Max,Request
Anita_Mante,Abigayle.Krajcik,Reject
Terence_Bailey,Tatyana.VonRueden,Accept
Moises.Botsford,Maggie,Request
Suzanne,Conrad,Request
Milan,Llewellyn_Kassulke,Reject
Garett,Nicolas.Koepp,Request
Reginald,Elliott_Nolan,Accept
Juwan.Kirlin,Kaylin,Request
Howard_Breitenberg,Thomas,Accept
Daniella,Rigoberto_Cronin,Accept
Domenica,Damion.Harris,Reject
Melany.Kirlin,Ivah,Request
Elton,Adah.Bauch,Reject
Crystel.Morissette,Gus.Harber,Request
Leone_Grant,Charity,Request
Dane,Gabe.Carter,Accept
Delta,Autumn_Lynch,Accept
Griffin.Huel,Dee.Lehner,Accept
Daron.Wyman,Lucious,Reject
Retha,Emilie_Ledner,Reject
Elise,Leann,Request
Aaron_Purdy,Ruby,Accept
Moses_Crist,Chaim,Reject
Berry,Talon,Request
Leora.Lubowitz,Amani.Stracke,Accept
Kacie,Johnson,Request
Thurman,Anika.O'Connell,Reject
Ella_Schoen,Chelsey,Accept
Jaclyn,Erick,Request
Kathlyn,Ibrahim,Request
Darlene_Cruickshank,Carolina.Thompson,Request
Mollie.Dietrich,Norris,Request
Rico.Rutherford,Maude,Accept
Daron.Wyman,Jennie,Reject
Anita,Vita,Reject
Kody.Friesen,Jillian,Reject
Aniya,Noah_Leannon,Request
Sandrine,Cooper,Request
Nash,Anita,Reject
Leta,Madison_Stark,Accept
Keeley,Ursula,Reject
Natalie,Macey.Mayer,Accept
Pattie_Olson,Chance,Accept
Elinore,Coy.Lesch,Reject
Margot,Nigel,Reject
Rosalyn,Oran_Romaguera,Accept
Darrell,Leola,Reject
Louisa.Oberbrunner,Barry,Request
Ardella.Jerde,Abbey,Request
Johathan,Jaqueline,Request
Laverne_Gusikowski,Eldora_Parisian,Request
Jaunita.Dooley,Felicita,Accept
Brianne.Skiles,Nedra_Batz,Reject
Hershel.O'Reilly,Diana_Homenick,Reject
Alayna.VonRueden,Cordia,Request
Vicente.Cruickshank,Jaunita,Reject
Abe_Bauch,Kelly,Reject
Caroline,Dayne_Kreiger,Accept
Barton_Jacobi,Madilyn_O'Reilly,Reject
Lora.Doyle,Kobe.Gibson,Request
Vincent_Monahan,Kitty,Request
Demetris,Kelsi,Accept
Emmie.Eichmann,Chyna.Reichert,Reject
Angus.Sawayn,Lourdes.Terry,Request
Camilla_Kunze,Sandrine,Accept
Kasey.Hammes,Tessie.Gleason,Reject
Jane,Karine_Swift,Request
Giovanny.Romaguera,Hillary,Request
Jesus,Carson,Request
Wilson,Ida,Request
Cyril.Kautzer,Ryleigh,Accept
Thad.Harber,Cara.Ankunding,Reject
Mckayla,Isabelle,Request
Desiree,Lilla_Hayes,Accept
Reagan.Bauch,Ethyl,Reject
Christa.Brekke,Augustine_Dibbert,Accept
Benton,Corbin,Accept
Zul_Kris,Eulalia,Request
Shemar.Funk,Emmalee.Runolfsdottir,Reject
Giovani,Jerrod,Reject
Zack.Morar,Evalyn,Reject
Nakia_Rutherford,Rylan.Rippin,Accept
Maximillia,Margret_Marks,Request
Demario.Gulgowski,Pablo.Bogan,Request
Golda,Jettie.Nikolaus,Reject
Millie_Denesik,Vivianne,Reject
Edwin,Edyth_Abbott,Accept
Alexandrine_Schmidt,Everardo,Accept
Easter,Chance,Reject
Nayeli_VonRueden,Thelma,Accept
Marietta_Stamm,Guiseppe_Hauck,Accept
Fredy.Metz,Libbie_Wisozk,Request
Garret_Champlin,Brionna,Accept
Susanna,Elmer,Reject
Virgil,Cindy,Accept
Thelma.Morissette,Jaeden,Request
Randall_Bernhard,Kaleb.Heller,Request
Laron.Kulas,Heath_Block,Request
Layla,Demetrius,Reject
Toni,Gisselle,Reject
Sarah.Lynch,Alverta,Reject
Waino.Ferry,Beau.Runolfsson,Reject
Serena_Moen,Jodie,Reject
Lupe.Corwin,Stanley_Considine,Reject
Kariane,Fay,Reject
Katlyn,Alvis,Accept
Garfield,Laverna,Reject
Misty.Von,Marisol.Purdy,Reject
Gladyce,Blair_Blanda,Request
Madelynn,Desiree,Reject
Osbaldo.Bahringer,Fleta,Request
Kamille,Bradly.Stroman,Accept
Ransom,Walter,Accept
Mavis,Carmella,Reject
Clair_Upton,Rigoberto,Accept
Omer,Julianne.Heathcote,Request
Mertie.Hickle,Marilie,Accept
Mandy_Okuneva,Kamille_Oberbrunner,Reject
Robbie.Huel,Isabella_Tremblay,Request
Nigel,Stephan_Schowalter,Reject
Jerel_Green,Eliza_Brown,Request
Raheem,Corene,Reject
Queen_Gerhold,Brenna.Feil,Reject
Eryn_Moen,Faye,Reject
Caesar.Wisoky,Clinton_Kulas,Request
Adell.Lueilwitz,Alvina,Reject
Rodolfo.Witting,Jeffery,Request
Misael,Zechariah,Accept
Harvey_Shields,Tyra_Macejkovic,Request
Lottie,Murphy_Swaniawski,Request
Pansy.Watsica,Vernice_Sawayn,Request
Kiel_Harvey,Clint_Mayer,Accept
Davon,Sigurd,Reject
Shaina_VonRueden,Leo_Lakin,Accept
Danielle,Jude,Request
Brody,Trisha.Doyle,Accept
Billie,Steve,Request
Taylor,Chadrick_Skiles,Request
Adrien.Larson,Margarita,Accept
Sanford.Schmitt,Moses,Accept
Jessyca,Ulices_Russel,Accept
Ollie.Witting,Isabelle.Johns,Reject
Jaqueline_Jacobson,Stanley,Reject
Emely,Nola,Accept
Janae_Douglas,Clifton.Kirlin,Reject
Kellen_Olson,Cecile_Smitham,Reject
Icie.Reilly,Onie,Reject
Breana,Lucio,Accept
Aleen_Gibson,Virgil,Request
Isaac,Aiyana,Reject
Jennie,Selena_Wintheiser,Accept
Adah,Leon.Ward,Accept
Leonor,Mariela_Crona,Request
Elise_Bayer,Cathrine_Lebsack,Accept
Alessandra,Colten,Accept
Angelita.Greenholt,Harold,Reject
Johnathan.Schaden,Susie.Krajcik,Accept
Prince_Auer,Kyleigh,Reject
Garrick,Janiya,Reject
Alec_Okuneva,Daisha,Reject
Ali,Idella,Request
Javier,Gudrun,Accept
Cecil.Becker,Kevin,Request
Yasmine,Santa,Request
Kaley,Cesar,Reject
Alaina_Friesen,Lorenz,Reject
Montana.Weissnat,Ashlee,Reject
Keira.Crooks,Odessa_Ortiz,Reject
Noble,Rick,Reject
Major.Batz,Wanda,Reject
Rahul.Denesik,Amya,Request
Maggie,Bud.Kertzmann,Request
Angeline,Guillermo,Request
Josefa.Ruecker,Cecile_Legros,Accept
Cordia_Bradtke,Mabel,Reject
Kylee,Autumn.Rolfson,Request
Joaquin.McGlynn,Austen_Harvey,Accept
Antonina_Kunze,Harrison,Reject
Constance.Wisozk,Brendon,Reject
Maude,Claudie,Request
Janick,Kacey_Parker,Request
Vada_West,Gina.Quigley,Request
Graham,Emmy.Ebert,Reject
Elijah,Barrett,Reject
Alene.Kuvalis,Serenity.Buckridge,Request
Jayda,Brigitte_Strosin,Reject
Melvin,Dino,Accept
Aylin_Halvorson,Beryl_Trantow,Reject
Betty.Hegmann,Rolando,Accept
Gilda,Adah,Accept
Krystal.Klein,Garrett_Zieme,Request
Hollis,Mazie,Accept
Elwyn,Theresia,Request
Antonia,Kaci_Parisian,Reject
Misael_Weber,Erling,Request
Jaleel.Volkman,Leta.Shanahan,Request
Monserrat,Johanna_Durgan,Request
Ruth,Esta,Request
Jackeline,Mateo.Wisozk,Request
Marilou_Stark,Trace.Koss,Accept
Concepcion_Boehm,Alia,Request
Gilberto,Derick_Jewess,Accept
Lelah.Stehr,Maxine,Reject
Kendall.Ferry,Michael.Walsh,Accept
Clark_Homenick,Percy,Accept
Lottie,Wilbert,Request
Wilbert.Mayer,Kelton.Keebler,Reject
Marcella.Jaskolski,Edgar,Request
Alana,Allie,Reject
Augustine.Mann,Ethelyn,Accept
Seth,Isom_Reynolds,Reject
Rebekah.Huels,Destany,Accept
Craig_Corkery,Weldon_Williamson,Accept
Sonny.Weber,Alyce_Russel,Accept
Elmore_Sauer,Mike_Gleichner,Request
Keenan,Meagan_Dicki,Reject
Leonora_Kshlerin,Aurore_Lubowitz,Reject
Sarah_Beier,Furman.Considine,Accept
Cleveland_Rice,Cayla,Accept
Max,Angelita,Accept
Quinn,Zackary_Medhurst,Request
Marcel,Rosalyn_Barrows,Request
Selmer,Ryann,Request
Brayan,Maud_Bogisich,Accept
Mayra_Williamson,Aron_Grady,Reject
Geraldine,Crystal,Reject
Randall,Elise_Bauch,Reject
Corine.Donnelly,Ebba_Runte,Accept
Elinor,Jordyn.Dibbert,Reject
Valerie.Price,Pasquale.Emard,Reject
Dameon,Jana,Reject
Erika,Sammie.Little,Accept
Carmine,Katharina,Reject
Enid_McKenzie,Hollie,Accept
Jaden_Lubowitz,Damion.Harris,Accept
Alivia.Dietrich,Ozella,Accept
Leilani_Bruen,Dennis_Cummerata,Request
Cordell,Tyrel,Reject
Easton,Lamar_Eichmann,Accept
Blair,Evie,Request
Mae_Schumm,Clifford,Reject
Cristopher.Bayer,Napoleon,Accept
Carlotta.Quigley,Meggie,Accept
Heath_Quigley,Aletha_Baumbach,Reject
Emmy,Albina.Morissette,Accept
Clark_Homenick,Emile.Kulas,Accept
Gordon_Jast,Darrin.Kuphal,Request
Glen_Collins,Alanna,Request
Thelma.Morissette,Andres,Reject
Delia,Kirk_Kuphal,Reject
Cordelia_Schumm,Adriana,Reject
Chandler,Valentin,Accept
Madison.Strosin,Jamil,Reject
Emery.Beier,Boris_Romaguera,Reject
Jakayla.Becker,Jeanne.Spinka,Request
Hudson_Kerluke,Javon,Accept
Thomas,Mario,Reject
Bailee,Morgan,Reject
Kacey_Thiel,Deonte.Hills,Request
Justus,Karianne.Steuber,Request
Rosetta,Curtis,Accept
Violette_Marvin,Troy,Accept
Lynn_Upton,Maribel,Reject
Luis,Bo,Accept
Ewell_Pfannerstill,Micah_Zboncak,Request
Jacynthe_Mueller,Hoyt_Larson,Request
Jonathan.Grant,Jermaine,Accept
Caesar,Imelda_Jacobs,Accept
Wayne_Monahan,Karlee_Lehner,Reject
Grady_Nader,Gardner_Adams,Request
Jayden.Johns,Baron,Accept
Porter.King,Myah,Accept
Clare,Clyde,Accept
Monique,General,Accept
Delbert.Dooley,Tobin.Waters,Accept
Madilyn_Towne,Genevieve,Accept
Bell,Alene_Bergstrom,Reject
Rafael.Stark,Alvina,Request
Dante,Krystina_Watsica,Request
Amie,Nestor,Request
Josianne,Janelle,Request
Celestine,Tina,Accept
Sabrina,Donnell_Pfeffer,Accept
Henry.Stroman,Maryse_Gibson,Accept
Marguerite.Murphy,Silas.Stamm,Request
Larissa,Pablo_Wilderman,Reject
Eveline.Strosin,Kaitlin,Accept
Lucinda.Green,Leonor_Torphy,Reject
Gabriel,Everett.Sauer,Accept
Liliane,Eddie,Reject
Teagan,Watson,Request
Lempi.Ratke,Herta,Accept
Abby_Tremblay,Catherine_Feil,Accept
Alessia_Paucek,Arianna.Konopelski,Accept
Kasandra.Buckridge,Brenna.Mosciski,Accept
River,Noble,Accept
Birdie,Ozella_Bauch,Accept
Celine_Kerluke,Hanna,Request
Adell.Pouros,Vaughn,Request
Reva,Laury.Donnelly,Request
Lucinda_Homenick,Kenya,Reject
April_Larson,Evan,Accept
Mittie,Joseph_Effertz,Accept
Felicia,Elvis.Cummings,Reject
Dennis.Johns,Lizzie.Gerhold,Reject
Kaylah,Mayra,Request
Terry,Mariah.Lebsack,Accept
Astrid,Tyrique_Wisoky,Reject
Sandy.Lowe,Stone.Gutkowski,Reject
Coleman,Jarrett,Request
Tressa.Ratke,Manuela.Olson,Accept
Lucius_Hoeger,Gina.Walker,Reject
Marietta.Simonis,Holden,Request
Lila,Stephon.Brakus,Reject
Laurianne,Adolphus_Heidenreich,Accept
Aisha.Nitzsche,Roosevelt.Towne,Reject
Felix,Colten_Bahringer,Accept
Lou,Rosie,Reject
Velda.Wilderman,Lori,Reject
Golden,Elyssa,Reject
Giles,Katelin.Adams,Request
Eugene,Alexane,Request
Gillian_Feest,Alexanne,Accept
Sonny_Ondricka,Domingo_Schowalter,Accept
Judson,Cindy_Hills,Reject
Tyrese,Eugenia,Accept
Shayne_Dietrich,Eldridge,Accept
Lexus_Lebsack,Sabryna.Dickinson,Request
Santos,Kiel.Kihn,Accept
Savannah_Heidenreich,Raphael,Reject
Kianna_Trantow,Alden_Effertz,Accept
Amani.Batz,Reba,Request
Kacey,Edyth,Accept
Chaim_Kuphal,Lourdes,Reject
Karson,Katlyn,Request
Lupe,Therese,Request
Kendra,Keaton,Accept
Coleman.Swaniawski,Ron.Schumm,Reject
Myles_Volkman,Ivory.Stark,Request
Gunner,Lorenza_Howe,Request
Jacinthe.Marvin,Verla,Request
Verona,Quincy.Rutherford,Accept
Daniela.Sauer,Bryce.Rath,Request
Pascale.Reichert,Irma_Harris,Accept
Letha.Huels,Lura,Request
Shannon,Jedidiah_Jerde,Request
Orin,Henri,Accept
Mustafa,Selmer.Windler,Accept
Buddy.Hammes,Ronaldo,Request
Lauryn,Gail,Accept
Elouise,Julian,Accept
Simone,Marion_Nikolaus,Request
Winfield_Lowe,Keith.Gusikowski,Request
Lupe.Kertzmann,Jewell,Request
Cornelius,Claud.Renner,Reject
Osbaldo.Gerlach,Wilmer,Accept
Woodrow.Kozey,Cara_Bartell,Request
Eriberto_Beier,Gage_Bednar,Accept
Royce.Bernhard,Adolfo.Will,Reject
Amos.O'Kon,Lyla_Auer,Accept
Howell,Ryley,Request
Jaylin_Considine,Kaya.Thiel,Accept
Rebeka,Cheyenne.Russel,Reject
Jamarcus,Jamey_Runte,Request
Ludwig,Viviane,Request
Maynard_Koch,Sid.Mayer,Request
Cordell.Tremblay,Alanna,Request
Aurelio,Shaina,Request
Nina,Quentin,Request
Mario,Kari.Gulgowski,Request
Mertie_Shanahan,Omer,Reject
Hildegard,Caterina.Blanda,Reject
Simone.Lehner,Armand,Reject
Shayne,Kristofer,Request
Sandra_Torphy,Genoveva_Schaefer,Request
Janet.Lockman,Weston_Swaniawski,Request
Dino,Edmund.Keebler,Request
Opal_Swift,Adam,Request
Vernice,Stephen,Reject
Lilian,Dimitri,Accept
Agustina_Schumm,Alexandra_Stroman,Reject
Lurline.Carroll,Aidan_Orn,Request
Ariel.Smith,Karlee_Lehner,Accept
Dixie_Kunze,Hulda_Wolff,Accept
Lamont_Gaylord,Dominique.Herman,Accept
Pete_Dickinson,Americo,Reject
Maximillia.Jewess,Raquel_Moore,Request
Makenzie,Priscilla,Reject
Adriel_Dooley,Dawn,Accept
Aliza_Robel,Jedidiah_Jerde,Reject
Mazie,Amos,Accept
Myrl.Armstrong,Dixie_Waters,Request
Erica,Larissa,Request
Reyes.Rice,Linnie,Request
Makenna,Riley.Quigley,Request
Edgar_Fahey,Haley,Request
Eliane_Reilly,Madelyn_O'Kon,Request
Delbert.Altenwerth,Hillary,Reject
Ottilie_Homenick,Eduardo_Balistreri,Request
Kyle_Bode,Jana_D'Amore,Request
Maverick.Skiles,Hildegard,Request
Clare,Berneice,Request
Lorenza_O'Connell,Hanna_Becker,Reject
Nick,Verdie_Paucek,Reject
Isabel,Reginald,Reject
Monroe_Graham,Lorena.Daniel,Request
Ruthe_Sauer,Robin,Request
Dorothea.Hermiston,Penelope,Accept
Helena.Herman,Elwyn,Reject
Albertha.Kuhic,Cecil.Becker,Request
Ellie,Ramon.Rippin,Request
Veronica.Schneider,Devonte,Request
Kiarra.Wilkinson,Anabelle,Accept
Ashton,Jeremy,Accept
Lourdes_Kemmer,Merle.Jaskolski,Accept
Brad_Dicki,Michaela,Reject
Maxie_Fahey,Devan_Hamill,Reject
Novella,Josefa,Accept
Laron_Hoppe,Sven,Accept
Gwendolyn_Robel,Gracie_Grant,Accept
Hayley_McKenzie,Trystan,Accept
Casper.Shanahan,Christian,Reject
Emilie,Jess,Request
Gilda,Bradford.Blanda,Request
Isadore,Martin.DuBuque,Reject
Vernon.Rempel,Kaitlin,Request
Candido.Heidenreich,Stefan,Reject
Myra,Patricia_Barton,Accept
Nola_Lindgren,Linwood.Blick,Reject
Ryleigh,Tessie,Accept
Chaya,Mya_Heller,Reject
Lupe,Brian,Request
Lane_Konopelski,Roderick,Reject
Vicky,Nola_Frami,Accept
Jackson,Alberto,Request
Rahul,Erich_Johnson,Request
Efrain,Jaime_Rohan,Request
Markus_Waters,Giovanni,Reject
Catalina,Jerald,Request
Lorena,Ed,Request
Ebba,Bradly,Accept
Madie,Devan,Reject
Chelsea,Lurline,Reject
Leatha,Daryl,Reject
Gaylord_Watsica,Rex,Accept
Tiara,Ryleigh_Rice,Request
Jeramy,Valerie,Request
Rudy,Jamir_Maggio,Reject
Jaquelin,Cristian_Veum,Reject
Easton,Angelita.Lynch,Reject
Willy,Kay,Request
Ana,Renee_Bartell,Accept
Warren_Sanford,Rodrigo.Emard,Accept
Josiane.Kemmer,Diamond.Krajcik,Reject
Connor,Jamie.Witting,Request
Marcella.Labadie,Patience,Accept
Wendell,Erik,Accept
London,Orin,Reject
Lincoln,Harry,Reject
Rozella_Dach,Nellie_Weimann,Accept
Alfreda.Wiza,Raina.Glover,Request
Edmund.Keebler,Carlee,Reject
Kyra.Nikolaus,Trycia.Lakin,Request
Carolyn,Liana.Berge,Reject
Shania_Vandervort,Royal,Request
Earlene.Kulas,Carmel,Reject
Melany,Sheila.Sipes,Request
Dillan_Weissnat,Aylin,Accept
Ronny,Mireille_Schumm,Accept
Leta,Marcelo,Accept
Darion.Larson,Lukas,Request
Nyasia_Lowe,Buck,Reject
Francis_Reinger,Bernadine,Reject
Modesto,Cassandre_Metz,Accept
Lizzie_Wilderman,Flossie.Green,Reject
Crystal,Mack,Accept
Carole_Ferry,Josue,Accept
Darrin.Oberbrunner,Name_Cummings,Request
Forrest,Rigoberto,Reject
Vallie.Bernhard,Zachary.Langosh,Reject
Maeve.Flatley,Geo,Request
Raven_Gislason,Roderick.Leuschke,Request
Christine,Ola,Request
Josh_Wilkinson,Verlie,Request
Dominique_Jast,Piper_Aufderhar,Reject
Katherine,Alexanne.Kulas,Request
Simeon,Rosella,Accept
Dayna.Turner,Bradley_Marquardt,Accept
Shaun.Denesik,Christy,Reject
Monique.Schamberger,Bradford,Reject
Will_Ullrich,Korey.Heller,Request
Valerie,Coleman_Orn,Request
Giovani.Heller,Jameson.Smith,Reject
Eulah,Elna,Request
Lucas,Addison,Accept
Dolly_Bins,Helene.O'Connell,Request
Liliane.Gibson,Clementine_Bahringer,Accept
Mohamed,Celestino,Reject
Roxane_Jerde,Carmine.Schuster,Accept
Isabel,Aiden.Swaniawski,Request
Thora.Prosacco,Reina.Sanford,Reject
Rose.Thiel,Newton.Muller,Accept
Brandy.Lesch,Larue,Reject
Arnulfo_Bradtke,Lexie.Schmitt,Request
Darron,Lelah.Ward,Request
Jaylon_Pollich,Adaline.Sawayn,Reject
Carole,Elna,Accept
Bartholome,Adrienne,Request
Derek,Giuseppe,Request
Onie,Katrine,Accept
Judge.Thiel,Amya,Reject
Immanuel,Marcia,Reject
Marcia.Stanton,Vernon_Schneider,Request
Velda_Kling,Phoebe_Kemmer,Reject
Eunice,Delphia.Kiehn,Reject
Kattie,Damion.Donnelly,Request
Joseph,Theresa,Accept
Walter,Crystal,Reject
Kyler,Davon,Request
Janie.Bruen,Wallace.Bode,Reject
Jamarcus,Tressie,Accept
Louisa,Rachelle,Reject
Antwon,Edyth.Zulauf,Reject
Rhoda_Larkin,Thomas_Rosenbaum,Reject
Hettie.Rohan,Kurtis.Kilback,Request
Sydnie.Prosacco,Orion,Accept
Ladarius_Konopelski,Neil,Request
Alek,Tyreek,Accept
Claudine,Ted,Accept
Richmond.O'Conner,Princess,Request
America,Sallie,Reject
Dameon_Koch,Elmira.Kilback,Accept
Carolyn,Thelma_Emmerich,Request
Wilfrid_Sauer,Owen,Request
Eldora,Tito_Heaney,Accept
Malvina,Rico,Reject
Amos,Lizzie_Breitenberg,Request
Kenton,Estel,Request
Lula_Konopelski,Laury.Kuhlman,Accept
Tyra,Barrett,Accept
Stan_Gislason,Pasquale.Konopelski,Request
Karelle_Lind,Dana_Braun,Reject
April.Macejkovic,Alec,Accept
Benedict_Beatty,Laurence.Rath,Request
Rogers.Fay,Laurianne,Request
Darlene,Darien_Kuhn,Request
Boyd,Braulio.Braun,Reject
Sylvester,Helmer,Accept
Jonathon,Virgil,Accept
Eulalia,Daisha.Ernser,Reject
Pauline,Eliza_Lubowitz,Reject
Triston_Blick,Jessika.Champlin,Accept
Peggie_DuBuque,Evangeline_Hintz,Request
Cary,Mohammed_Leannon,Request
Tia.Wiegand,Ashleigh,Accept
Baron,Mckayla_McDermott,Reject
Amelia,Nikko,Accept
Cristobal.Smith,Blake,Reject
Lavina,Hobart,Request
Oscar_Price,Karelle,Request
Kellie.Stehr,Elissa,Request
Louie,Nannie,Reject
Yazmin,Mireille_Hyatt,Reject
Kiel_Hoeger,Susana_DuBuque,Request
Damon,Florida,Reject
Sonny,Lucio.Vandervort,Reject
Raina,Keeley,Request
Rosetta_Rutherford,Penelope.Collier,Reject
Garfield_Vandervort,Kellie,Accept
Isabel_Langworth,Eryn,Request
Eden,Jon,Accept
Salvatore_Hickle,Cheyanne,Accept
Jamar,Chasity,Accept
Jarred_Johnson,Roxane,Accept
Thalia,Aniyah_Kub,Request
Beth,Luella,Accept
Kane_Schmidt,Margarette,Request
Lilian.Murray,Cordia.Morar,Reject
Beau.Toy,Obie.Gerlach,Accept
Lucious_Cartwright,Augustine,Reject
Moses,Alaina,Reject
Creola,Sherman_Carroll,Accept
Gloria,Deonte.Leannon,Request
Luigi_Ruecker,Shakira,Reject
Kendra,Marcelo.Stokes,Accept
Leonard.Huel,Charles.Hamill,Reject
Lou,Dejah.Rempel,Reject
Gwendolyn_Thompson,Alfredo,Accept
Vernie,Marilie,Accept
Luella,Otis.Kuphal,Request
Laurence_Raynor,Kenny_Kirlin,Request
Tina.Jacobson,Felicia_Mraz,Accept
Emelie,Carmela_Rau,Reject
Bret,Jessie.Gulgowski,Reject
Cathryn.Pouros,Pansy.Hessel,Accept
Gina,Kayleigh.Considine,Request
River,Billy.Hansen,Accept
Keeley,Kane_Gerlach,Request
Brice,Kadin,Accept
Jaden.Okuneva,Norma.Ledner,Accept
Felix,Rollin,Accept
Don.GuÂªann,Rashad,Request
Junior,Rosamond,Request
Pablo.Conroy,Vicenta.Vandervort,Accept
Kyle_Towne,Humberto_Hessel,Reject
Rigoberto_O'Connell,Kacey,Reject
Ed,Virgil,Reject
Kristofer_Hane,Darion,Request
Ewald.Zieme,Allan,Request
Lourdes_Kemmer,Toby_Bergstrom,Reject
Alysa_McClure,Roxane.Altenwerth,Request
Hassan.McLaughlin,Phoebe,Request
Myriam,Ruthe_Sauer,Reject
Florence_Boyle,Dorian,Accept
Alverta,Raymundo_Macejkovic,Reject
Maximilian_Rempel,Melba,Accept
Lydia_Wolf,Aiyana_Reilly,Request
Heaven.D'Amore,Aliyah,Accept
Marlin,Lurline,Accept
Ryleigh.Kuhlman,Delaney,Reject
Vivianne,Bonnie_Nienow,Reject
Willie,Elouise_Harris,Accept
Vada,Ottilie,Reject
Candido_Parisian,Jailyn,Reject
Therese_Mitchell,Sabrina.Wehner,Accept
Jaydon,Laurel_Hegmann,Accept
Brittany_Tillman,Tomasa,Request
Gina.Cruickshank,Elissa,Request
Emil,Marcelino,Request
Leopoldo,Savannah_Ruecker,Request
Joyce,Dolores.Lueilwitz,Request
Cletus,Annabelle,Accept
Rupert,Dimitri,Accept
Angel,Hayley.Mertz,Request
Krista_Leuschke,Georgianna.Wolff,Request
Estella_Osinski,Houston,Request
Ernest,George.Davis,Request
Elbert_Brown,Samson.Huel,Request
Jon,Tyra,Request
Itzel_Ferry,Zachariah.Hermann,Accept
Muhammad,Joanny.Swift,Request
Ezequiel,Liam.Prosacco,Request
Marcelo,Vita,Reject
Toni,Laura,Request
Autumn,Brayan,Reject
Khalil.Schmidt,Hailie,Request
Jasper_Prohaska,Buck.Schultz,Request
Antonio,Kristoffer_Bernier,Reject
Marjory,Cristina,Accept
Shanie.Langosh,Name,Accept
Golda_Schmeler,Stanton,Reject
Nikita,Faye,Accept
Kiana,Evalyn,Reject
Rozella,Una.Kerluke,Request
Owen,Hosea_Gibson,Reject
Antonetta.Adams,Karli,Accept
Willie,Aurelie,Accept
Karley.Herzog,Xavier_Grant,Request
Judge.Kub,Harmony,Reject
Mavis_Mills,Khalil_Keebler,Reject
Helga.Wolf,Douglas,Reject
Mohammed,Araceli_Schulist,Reject
Lavinia,Eleanora,Reject
Jaylin.Connelly,Waylon,Request
Gilbert_Beer,Willard.Schulist,Reject
Adella,Gracie,Accept
Reginald.Lynch,Rosanna.White,Request
Leonora,Marquis.Boyer,Request
Maud,Ressie.Schaden,Accept
Justus,Boris_Dooley,Accept
Davon,Dominique,Reject
Jacques,Wilbert,Accept
Leilani,Nya.Powlowski,Accept
Dock,Dee,Reject
Kyle,Fredrick_Bode,Reject
Jalon,Vivian,Accept
Hattie,Henry.Fay,Accept
Derek,Urban,Accept
Veronica.Boehm,Kiera_GuÂªann,Accept
Haven,Jerod_Corwin,Accept
Fay_Yundt,Golden_Kerluke,Request
Zetta,Daisy.Kulas,Accept
Price.Fisher,Emmanuel.Kreiger,Reject
Blake_Huel,Tate.Kuhlman,Accept
Kay.Jast,Clemens,Reject
Melyssa,Theo.Sporer,Reject
Sabryna,Talon.Lowe,Request
Joany,Lia.Heller,Accept
Shana_Runolfsson,Aron,Accept
Priscilla_Jacobi,Skye.Wunsch,Accept
Maryjane.Macejkovic,Geraldine,Accept
Katlyn,Jennyfer,Request
Jarod,Alexander.Marquardt,Request
Hailee,Bernadine_Pfannerstill,Reject
Chadrick_Skiles,Nola_Thiel,Accept
Americo,Therese_Mitchell,Accept
Nyah,Roma.HarÂªann,Request
Emilio_Crooks,Trent.Satterfield,Accept
Jamel.Armstrong,Corine_Krajcik,Reject
Hoyt,Alyson.Beer,Accept
Antonio_Schultz,Weldon,Request
Haylee_Kiehn,Louie,Request
Genevieve_Wilderman,Mateo,Reject
Lambert,Melisa,Request
Camilla,Jared,Reject
Cleta.Anderson,Hal.Langosh,Accept
Enid_McKenzie,Brionna.Cruickshank,Request
Jaquelin,Pearlie_Emard,Request
Tania_Kuvalis,Emma.Trantow,Request
Alayna,Jerod_McGlynn,Reject
Aurelio,Samantha.Lowe,Accept
Jefferey,Kiel,Reject
Alfredo,Gaston,Reject
Nelda,Herman_Schumm,Accept
Elwyn,Albert.Zulauf,Reject
Emma,Patsy_Harvey,Reject
Malvina,Christian,Request
Lora,Isai.Mosciski,Request
Alexandrine.Murphy,Justus,Accept
Chandler,Clare,Reject
Lera,Abigail,Reject
Emely,William.Jacobi,Accept
Eino,Jaqueline_Jacobson,Reject
Everardo.Hills,Evelyn_Hirthe,Accept
Will,Sheila_Powlowski,Request
Arvid,Rosina,Reject
Anahi,Coleman.Swaniawski,Accept
Eric.Jenkins,Nathanial,Request
Rocky_Kunde,Makenna,Reject
Lilly,Roma_Frami,Accept
Darron.Schroeder,Kraig_Corwin,Accept
Humberto.Kiehn,Kirk.Gusikowski,Request
Madelyn_Fritsch,Maximillia,Request
Maryjane,Kieran,Accept
Dudley_Muller,Adrienne.Greenholt,Accept
Claudine_Rodriguez,Melany.Feest,Reject
Doug_Wilderman,Garrett,Request
Taryn_Zboncak,Nina,Request
Santiago,Edna,Request
Gwendolyn,Mellie,Reject
Leta.Shanahan,Damaris,Accept
Amelie_Carroll,Earline_Nolan,Reject
Uriah_Kshlerin,Lamar,Reject
Avis,Amparo.Murazik,Accept
Lily,Alyson_Schoen,Request
Johnson,Eva,Accept
Hermina.Terry,Angelica_Lueilwitz,Reject
Matilda,Melody_Hermann,Reject
Billy.Hansen,Verona,Reject
Freeman,Rosario,Accept
Valentina,Sage_Zulauf,Request
Madelyn_O'Kon,Dayne,Accept
Narciso,Theodore,Accept
Deanna.Larson,Retha,Request
Jayden.Casper,Jake.Williamson,Accept
Vance,Lavada_Hodkiewicz,Accept
Madelynn_Wunsch,Giovanny,Reject
Evelyn.Rippin,Camron_Kling,Reject
Leonard_Lowe,Carli,Request
Buck.Schultz,Amparo.Borer,Accept
Audrey,Tyler,Reject
Reginald_Lowe,Otho,Reject
Astrid,Rae.Carter,Reject
Robin.Gottlieb,Tamia_Larkin,Accept
Adell.Hintz,Josh,Reject
Ellie.Thompson,Macie,Reject
Antwon,Terry,Reject
Misael,Terry,Request
Thad_Kautzer,Keven,Accept
Alivia_Gleichner,Hans.Treutel,Reject
Martine,Russell_Hahn,Accept
Lloyd.Von,Twila.Klocko,Reject
Georgette,Kennedy.Walter,Request
Melyna.Jerde,Bradley,Request
Chester_Walker,Melody,Accept
Ettie_Rohan,Mia,Reject
Katheryn,Keenan,Reject
Wallace.Bode,Kathlyn_Funk,Request
Lera,Duane.Jaskolski,Accept
Frederic,Grover,Request
Claude,Hilario,Reject
Graham,Isabelle,Reject
Jade.Fahey,Laisha,Reject
Donnell.Boyle,Kari,Accept
Keven_Stark,Elmore,Request
Ewell,Kayleigh,Reject
Dwight.O'Kon,Jordan_Larson,Reject
Clair,Maida,Request
Evie,Alexys_Schuster,Accept
Monroe,Blaise.Mitchell,Accept
Jeremie.Smitham,Caleigh_Schaefer,Request
Lucy,Nova,Request
Rachelle,Amalia,Accept
Prudence.Effertz,Aylin,Request
Madelynn,Dolores.Lueilwitz,Accept
Linnie,Meagan.Beatty,Accept
Mac.Grady,Ambrose.Walsh,Request
Nicolette.O'Conner,Travon.Goldner,Accept
Whitney,Caitlyn_Stoltenberg,Request
Libby_Towne,Maynard,Request
Coleman,Zoe,Accept
Jeramie,Franz,Request
Clark.Buckridge,Valerie_Funk,Reject
Aileen_Marks,Vidal_Bauch,Reject
Celine_Kerluke,Krystina_Koss,Request
Nathanial,Jerod,Accept
Laurel_Raynor,Francisco_Daugherty,Accept
Aaliyah_Muller,Ronaldo,Reject
Cordelia,Loyce_Purdy,Reject
Gertrude,Hubert_Crona,Reject
Alaina,Carmelo,Reject
Luther,Angus,Request
Deion,Cary_Frami,Request
Marielle_Ziemann,Margret,Request
Derrick,Misty_Murray,Reject
Violet_Ebert,Deonte,Accept
Keyshawn.Tromp,John_Feil,Reject
Hosea.Bayer,Edwina.Goodwin,Request
Davon_Schulist,Trudie,Accept
Petra_Zboncak,Emilia_Carter,Accept
Lorenza,Esperanza,Request
Dakota.McDermott,Princess.Langworth,Request
Eulalia,Murphy_Swaniawski,Accept
Mariela_Boehm,Hosea.Cummings,Reject
Emmanuel,Kaylee,Accept
Adrienne,Sherwood,Reject
Rosemary,Mustafa,Request
Kenyon.Zieme,Imogene.Reynolds,Reject
Darrell.Kilback,Kaylie,Reject
Leonardo_Von,Kody,Reject
Raegan.Yost,Emmitt,Request
Anais_Altenwerth,Missouri_Schaefer,Reject
Preston,Lucie_Keebler,Request
Helga,Justice.Spencer,Reject
Eloisa,Katheryn_Abshire,Reject
Mckenzie.Runte,Camron_Kutch,Request
Ludie,Alexane_Fay,Request
Waino.Ferry,Anne_Stokes,Request
Kris,Wilson,Reject
D'angelo.Tillman,Camille,Request
Pascale_Konopelski,Charity.Sauer,Request
Syble_Emmerich,Trudie.Herzog,Reject
Lilliana,Joany,Reject
Adolphus.Metz,Jenifer,Request
Kamren.Stokes,Demarcus,Accept
Lauretta,Yasmeen.Kovacek,Reject
Alena,Woodrow,Request
Shyanne,Betsy_Collins,Reject
Olen_Jacobs,Xavier,Reject
Estell_Kiehn,Houston,Accept
Jayme_Walsh,Trycia,Reject
Daniela,Dena_Torphy,Accept
Hillard,Ollie,Reject
Randall_Nader,Bryon,Reject
Jose.Sipes,Adaline.Keeling,Accept
Troy.Friesen,Monte_Cartwright,Reject
Ruben_McLaughlin,Bernhard_Larson,Accept
Darby_Kuhlman,Craig_Corkery,Accept
Talia.Langworth,Tre_Crona,Request
Phyllis.Mohr,Filomena,Request
Bertram.Cartwright,Bruce,Request
Chadd_Hilll,Mortimer,Reject
Carlee_Wisozk,Demarco,Accept
Skyla,Travis,Reject
Aron,Zita,Accept
Bryce_Kreiger,Giles_Wisoky,Reject
Noelia,Anabel,Accept
Allen_Barrows,Rico.Yost,Reject
Elena.McDermott,Deontae,Reject
Noel,Jonathan,Request
Jamal.Conroy,Lulu.Deckow,Reject
Jeffry,Immanuel.Stracke,Request
Amy,Kelsie,Reject
Declan,Eunice.Torp,Accept
Devon,Eula,Accept
Dannie.Ward,Lane,Accept
Antone,Duane.Crist,Reject
Ayla,Serena_West,Accept
Sarina,Viviane,Accept
Darron,Alia,Accept
Marjolaine,Olin,Request
Tobin,Pearline_Renner,Accept
Roosevelt_Fay,Jack_Cole,Reject
Elenora_Ward,Alexandria,Reject
Celia.Olson,Carlotta.Quigley,Reject
Solon_Bayer,Horacio.Feil,Reject
Desmond.Zieme,Arielle.Weissnat,Request
Dorian,Blaise,Request
Felton,Ignatius,Accept
Cordie,Emiliano,Accept
Laurence_Herman,Lucas,Request
Macie,Isobel,Accept
Jesus,Susan.Cummings,Accept
Garrick,Mckayla_Legros,Accept
Claudia.Bailey,Halie_Koelpin,Reject
Berneice,Grace_Simonis,Reject
Alysha.Morissette,Kennedy_O'Keefe,Accept
Christian,Amani_Shields,Accept
Pedro.Rogahn,Tabitha.Fritsch,Reject
Roger,Chaya,Reject
Rasheed_Altenwerth,Vicenta,Request
Thad,Summer_Orn,Reject
Jerel_Green,Bernhard_Hamill,Request
Cheyenne_Stokes,Tristin_Armstrong,Request
Veda_Lowe,Fredy.Pfannerstill,Reject
Camila_Schultz,Adele,Reject
Emma_Gutkowski,Kaleb,Accept
Maximillia.Simonis,Napoleon.Corwin,Accept
Hermann_Bednar,Enid,Accept
Carole.Willms,Julia.Lemke,Request
Micah,Broderick,Accept
Myrtle,Cecile.Bauch,Reject
Chauncey,Kristofer,Request
Delores,Okey,Request
Greta,Cristobal,Accept
Dale,Jany,Request
Miles,Madie_Towne,Accept
Hillary,Angelita.Paucek,Request
Jedediah,Cornell.McDermott,Reject
Antonette,Sadye,Request
Doyle_Mayer,Jeremy_Mertz,Request
Louie,Constantin.Weber,Accept
Coby.Rogahn,Fay_Yundt,Request
Alexie_Bechtelar,Dana.O'Conner,Request
Elmira,Marie,Reject
Solon,Nakia_Hackett,Reject
Yazmin,Franz,Request
Maudie_Upton,Joshuah_Ullrich,Reject
Stanley_Romaguera,Flavio,Reject
Vivian_Mills,Walton,Request
Modesto,Olen_Jacobs,Request
Brock,Shyanne.Crona,Reject
Tara,Torrey,Request
Gail,Eulalia,Accept
Mallie,Korbin,Accept
Pascale,Abbigail,Request
Kailyn_Mohr,Dayna.Turner,Reject
Kiana,Nash_Mohr,Request
Janet,Julia,Reject
Golda,Dejon_Sanford,Request
Magnus,Yazmin_Lehner,Accept
Lexus,Hallie,Reject
Jude,Naomie,Accept
Sylvester.Jakubowski,Katlynn,Request
Mallory_GuÂªann,Pablo_Senger,Accept
Bessie_Herzog,Karelle.Champlin,Request
Baby_Oberbrunner,Frederic.Heathcote,Request
Dovie_Mueller,Juwan.Marvin,Accept
Hyman,Dorthy,Request
Cloyd,Vladimir_Waters,Request
Steve.Purdy,Eloisa.Marks,Accept
Abbie_Ratke,Yvette,Request
Sonny.Bernhard,Audreanne_Boyer,Reject
Blaze,Erwin_Lowe,Request
Kaylee.Schuster,Halle_Howe,Accept
Dessie,Caleigh_Wiza,Reject
Andreanne.Walker,Nona,Accept
Rickie,Duncan_Langworth,Accept
Linnie.Purdy,Fabiola.Koepp,Reject
Marlen,Meagan,Request
Beth.Lind,Lexi.Vandervort,Accept
Federico,Ophelia,Accept
Angelina,Kiana,Accept
Frieda.Blick,Lucy,Request
Hershel_Muller,Lucio,Request
Cornelius.Reynolds,Joanne,Reject
Darrell.Becker,Newton.Hettinger,Accept
Curt_Hermiston,Fermin,Request
Winfield_Lowe,Tess,Accept
Vinnie.Herzog,Moises,Accept
Heaven_Kunze,Kailyn.Farrell,Reject
Haven.Grant,Rachael_Smitham,Reject
Hallie.Bechtelar,Florian_Keebler,Reject
Muriel,Maggie,Reject
Jamison,Chelsie.Gerhold,Accept
Kennedy,Jakob.Grimes,Request
Pascale,Francesco,Request
Kayden,Keely_Walter,Reject
Reanna,Heloise,Request
Mohamed,Seth,Accept
Kariane,Gaston,Reject
Herminio_Bruen,Myles_McDermott,Accept
Ezra_Rogahn,Dayton_Dach,Accept
Donnell,Anika.Breitenberg,Accept
Marcos_Emmerich,Estel_Marvin,Accept
Justyn,Elisha,Request
Hal_Hodkiewicz,Novella.Raynor,Request
Roman_Block,Rasheed,Accept
Lesly_Swaniawski,Vernie.Schaefer,Accept
Nicolette_Stokes,Aubrey,Request
Pascale,Coleman,Reject
Leann,Isabell,Reject
Orval_Ruecker,Lukas,Accept
Yessenia.McLaughlin,Shayna.Rau,Reject
Icie,Estevan.Bosco,Reject
Flossie_Vandervort,Angelina.Bartell,Accept
Lorena,Lottie_Klocko,Reject
Mitchell,Daisy_Schuster,Request
Mathew,Amanda,Reject
Aniya_Bailey,Lesly,Reject
Spencer.Stracke,Brannon.Mohr,Accept
Leonard.Howe,Lyric,Reject
Israel,Tabitha,Request
Camden,Freddy_Erdman,Accept
Madilyn.DuBuque,Norval_Russel,Request
Nathen,Reta,Reject
Percy,Larry,Request
Rodger,Rupert,Reject
Jada_Pacocha,Valentina,Reject
Francis_Funk,Hester.Nienow,Request
Sarah,Vinnie,Request
Anastacio,Donnie,Accept
Arnulfo.Stark,Eugene,Request
August,Lourdes_Kemmer,Reject
Elinore,Alysa.Yost,Reject
Assunta.Klein,Esmeralda,Reject
Will,Haylie,Accept
Filomena,Agustin.Dietrich,Reject
Gianni.Mosciski,Dorothea,Accept
Antonette.Dibbert,Elva.Kemmer,Reject
Lenna.Fahey,Amanda.Jast,Accept
Sienna.Schiller,Liza,Reject
Milton,Bernadine,Reject
Freeda,Saul,Accept
Kurtis.Powlowski,Antwon.Feest,Request
Filomena,Hal.Lehner,Accept
Kaleb.Heller,Junius,Reject
Oral,Edgardo.Aufderhar,Reject
Joana,Miguel,Request
Elwin,Fermin.Runte,Reject
Alfredo,Ottilie_Raynor,Accept
Onie,Rory,Accept
Keon_Gislason,Sylvan.Doyle,Accept
Sallie.Kub,Genesis,Reject
Sydnee.Hackett,Araceli,Accept
Reuben,Cheyenne_Stokes,Reject
Tommie,Jacinto_Shields,Request
Dante_Gutkowski,Jason.Koch,Reject
Jovany_Bergnaum,Devon_Lehner,Request
Alyson,Jeanie,Reject
Mireille.Sanford,Caterina.Blanda,Reject
Kathryne,Conor_Flatley,Accept
Dejon_Graham,Benny_Turner,Request
Leonardo.Kemmer,Rosalind,Accept
Myron_Runolfsdottir,Janelle.Nikolaus,Reject
Terry,Laurence,Accept
Michelle,Reece,Reject
Emile_Johns,Lavonne_Lind,Request
Austin_Powlowski,Kolby_Tillman,Request
Zella.Leuschke,Alba,Request
Kirstin.Kunde,Kristin,Reject
Andy.Kassulke,Grant_Hudson,Accept
Ressie,Jillian_Yost,Request
Ron_Farrell,Al_Kessler,Accept
Dean,Alyson_Reilly,Request
Abigale.Moore,Avis,Reject
Lelia,Eliezer,Accept
Chandler_Ondricka,Onie.McClure,Reject
Erwin,Litzy_Morissette,Accept
Colten.Robel,Rigoberto_Baumbach,Reject
Creola_Bahringer,Sydney_Beatty,Reject
Nia.Balistreri,Garrick_Cruickshank,Reject
Kiley,Lionel_Johnson,Accept
Kole,Americo_Rempel,Reject
Alejandrin_Mayert,Pinkie,Reject
Delia.Russel,Rosalee.Schuppe,Accept
Myrtice_Larkin,Monty,Request
Alfonzo,Valerie_Green,Reject
Raymond,Brittany_Erdman,Request
Sandra,Cleora,Request
Khalid,Darrell.Weissnat,Accept
Green.Stoltenberg,Nova.Bruen,Reject
Karlee,Chadrick.Bode,Request
April_Gislason,Fabiola.Aufderhar,Reject
Eryn_Moen,Allie.D'Amore,Accept
Krystina.Koss,Sienna_DuBuque,Accept
Casandra_Gerlach,Ellsworth,Reject
Hazle,Nigel,Accept
Jensen,Seamus.Kozey,Accept
Tristin.Swaniawski,Jose,Accept
Seamus,Katlynn.Jewess,Reject
Lessie,Emily_Mohr,Request
Maybell,Guadalupe,Accept
Rocky_Kunde,Luigi,Accept
Murray,Fausto_Boyle,Accept
Lucienne.Schowalter,Johan_Bogan,Accept
Danny.Collins,Brenden.Grimes,Request
Delphia,Mohamed,Reject
Camryn_Abernathy,Alfreda.Shanahan,Reject
Rasheed.Von,Jacklyn,Accept
Kevin,Avery_Koch,Reject
Shanel.Brakus,Daphney,Reject
Edna_Champlin,Haylie,Accept
Twila,Helga,Reject
Kory_Stamm,Joesph,Reject
Althea_Toy,Dahlia,Request
Lorna_Mills,Mozelle,Reject
Trent.Mills,Elsa,Request
Lloyd,Miguel_Stehr,Accept
Joyce,Barrett,Accept
Brenna,Billie,Reject
Natalia,Alivia_Gleichner,Request
Loyal_Lebsack,Eli.Harris,Request
Sylvan.Doyle,Misty.Lynch,Request
Max_Dare,Ross,Request
Belle.Beier,Angeline,Request
Dahlia_Strosin,Eleanore,Request
Dax.Bernier,Jennyfer_McLaughlin,Accept
Lonnie_Bartell,Bruce,Request
Trenton.Larson,Aliya,Accept
Octavia.Bogisich,Shayna.Hegmann,Reject
Jessika,Angela_Mertz,Reject
Winnifred_Johnston,Derek,Accept
Anna,Ken_Hills,Request
Ernestine,Ryley.Hahn,Request
Maximillian.Ferry,Helene.Schultz,Request
Jeremie_Senger,Flavio,Request
Genesis.Bashirian,Marielle,Accept
Marco,Margarett.Thiel,Accept
Gustave,Marco_Schumm,Reject
Jayce,Chance_Prosacco,Accept
Retta,Ardella_Walsh,Request
Brett.Stanton,Lenna_Jenkins,Accept
Zena,Angelica_Lueilwitz,Accept
Augustine.Mann,Van,Request
Abbey,Ulises_Ebert,Request
Jason_Skiles,Sid,Reject
Cecile,Isac,Request
Amber,Katelyn.Barton,Request
Arno,Terry,Reject
Bradly_O'Conner,Raleigh.Klein,Accept
Selmer.Blick,Zola.Weber,Request
Roberta_Purdy,Ima_Stamm,Request
Brisa,Jewel,Request
Florian.Lind,Matilde_Russel,Request
Maida_Runte,Isabell.Prosacco,Reject
Noemie,Scotty,Reject
Marjolaine.Lemke,Leonard,Accept
Lucas.Nicolas,Lynn,Reject
Osborne,Arjun_Bruen,Request
Bradley.Shanahan,Jean.Nader,Request
Nicklaus.Wintheiser,Asia.Flatley,Accept
Justus_Leuschke,August.Kihn,Accept
Sylvia_Jenkins,Kiel,Request
Brett.O'Hara,Jorge_Okuneva,Request
Cory,Logan,Accept
Sincere,Abbie.Funk,Request
Shanon,Vince_Schulist,Accept
Amiya_Mayer,Estell_Kiehn,Reject
Wendell.Baumbach,Michelle,Accept
Rolando,Santina,Request
Assunta,Nola_Frami,Reject
Hazle,Dennis,Request
Joanne_Schultz,Alyson,Request
Joshuah_Kautzer,Leopoldo,Accept
Roderick,Hollis,Request
Mohamed,Yoshiko_Wuckert,Reject
Wilford,Adriel,Reject
Daniella,Xavier_Nolan,Request
Calista_Kuhn,Brian,Accept
Esta.Littel,Marlin.White,Reject
Marilie,Lelah,Accept
Clark.Hackett,Gustave,Accept
Chasity.Adams,Rowan,Request
Destany,Gracie,Accept
Sarina,Cassie.O'Kon,Reject
Rashad_Oberbrunner,Stephon_Feest,Reject
Soledad.Mante,Jaylen.Emard,Accept
Drew.Pacocha,Ricky_Bayer,Request
Enrique.Kerluke,Barney,Accept
Samir_Wyman,Vito,Accept
Triston_Leuschke,Isaias.Cummerata,Request
Tyrique_Kassulke,Damaris,Reject
Sheila_Powlowski,Laurie_Fisher,Request
Muriel.Hegmann,Sabina.Trantow,Request
Judy,Arjun_Bruen,Accept
Giovani,Giles_Anderson,Request
Rosalee,Bonita.O'Hara,Request
Fausto_Lind,Whitney.Bechtelar,Request
Isaiah_Kohler,Ibrahim_Lockman,Reject
Clara.Moen,Jared,Request
Eula,Minerva,Reject
Olen.Ferry,Bernardo.Blanda,Accept
Stuart,Agustin.Dietrich,Reject
Sam_Gibson,Kiley.Kuhlman,Request
Austin_Powlowski,Cordell_Strosin,Accept
Steve.McGlynn,Marjolaine.Lemke,Request
Layne,Odell_Cole,Request
Claudine_Strosin,Stephan.Corkery,Reject
Mauricio,Camden.Bartoletti,Reject
Keaton_Mayert,Noemy.HarÂªann,Accept
Vincent_Monahan,Jocelyn,Reject
Maymie,Owen.Feil,Request
Elbert.Cremin,Jennyfer_Daniel,Accept
Damon,Judy,Accept
Marjory_Ziemann,Jayce,Request
Nyasia_Gaylord,Emmalee,Reject
Marques_Willms,Quincy.Bergnaum,Request
Martine_Vandervort,Willy,Accept
Aaron,Katelyn,Request
Eugene,Abdullah,Reject
Westley.Monahan,Laurie.Goodwin,Request
Amir_Heathcote,Louvenia,Accept
Mariano_Walsh,Anissa.Ferry,Accept
Alfreda_Schroeder,Roberta_Block,Reject
Vena,Janice_Medhurst,Request
Margaretta,Alford,Request
Emory,Brandon.Sipes,Request
Kristoffer.Koelpin,Jesse,Accept
Clementina_Weimann,Marty_Hirthe,Accept
Moses.Auer,Celestine,Request
Phyllis.Goldner,Micah,Request
Sheridan_Roberts,Ernesto,Reject
Abdiel,Patricia_Renner,Accept
Selmer.Mills,Rene,Accept
Jo,Efren.Okuneva,Request
Ezequiel,Creola_Bahringer,Accept
London,Cordelia_Keebler,Accept
Nora,Marguerite_Leffler,Accept
Rene.Reichert,Clifton,Request
Landen.Davis,Kenny,Request
Mariane,Deshaun,Reject
Reuben,Dewitt.Cassin,Reject
Oswaldo.Wisozk,Tania_Konopelski,Reject
Nyasia.Block,Sheila_Powlowski,Reject
Lauretta,Ludie_Kovacek,Accept
Clovis,Percival,Request
Gregoria,Pat_Wiegand,Request
Ofelia.McDermott,Abe,Reject
Elvera_Batz,Durward_Dibbert,Reject
Nikko_GuÂªann,Santina,Request
Tyrel,Hayley_Monahan,Accept
Haylie,Cordia,Request
Cleta.Turcotte,Judge.Kertzmann,Reject
Nyasia.Block,Giovanna,Reject
Charlie.Roob,Grady,Request
Deron,Favian,Accept
Carlotta,Treva,Request
Douglas,Caden,Request
Brandyn_Mayert,Laurence,Reject
Nathen.Waters,Newton_Connelly,Request
Rubie_Prosacco,Golda_Schiller,Accept
Jalon,Alexane,Request
Vergie,Furman,Request
Sean,Jerel_Zieme,Accept
Vinnie,Talon,Accept
Emie,Elmer_Kuhic,Accept
Tierra,Jeffery,Accept
Sabina,Amya.Wehner,Request
Rebeca,Solon_Gottlieb,Reject
Elisabeth_Abshire,Crystel_Schmeler,Request
Emmanuel_Kuvalis,Martin,Reject
Anya.Kunde,Wilfred_Tremblay,Request
Kevin,Khalil,Request
Laurie_Cummings,Kane_Cummings,Request
Stewart_Nolan,Brock_Marvin,Request
Sigmund,Mohamed.Ryan,Accept
Shakira,Gino,Reject
Rosalyn_Shields,Alverta,Reject
Rolando,Imani_Gleason,Accept
Sabina,Mireya,Accept
Lilliana,Felton_Torp,Request
Rory_Wiegand,Athena,Reject
Pablo.Bogan,Delphine.Jacobson,Accept
Zaria_Gleason,Madelynn_Wiegand,Accept
Caleb_Daugherty,Araceli_Schulist,Accept
Dan,Eve_Dach,Reject
Erica,Ona_Beier,Request
Jace.Buckridge,Raegan_Bergstrom,Request
Herta,Shanna_Auer,Reject
Kip.Kertzmann,Finn.Hane,Reject
Seth,Joesph.Hane,Accept
Vernon_Schneider,Arne,Request
Dominique,Gene.Runolfsdottir,Reject
Noble_Fritsch,Hillary.Stanton,Request
Katlynn,Sean,Accept
Laurianne,Dina_Weissnat,Request
Madeline.Bayer,Chadd_Olson,Accept
Burley,Lemuel,Request
Eusebio.Skiles,Eve,Accept
Braden_GuÂªann,Tremaine_Lockman,Accept
Daron,Claude.Powlowski,Request
Florencio.Olson,Flossie.McLaughlin,Reject
Georgianna,Kaia,Accept
Therese.Conn,Lennie,Request
Marc_Schmeler,Missouri_Schaden,Reject
Tiara.Conn,Tracey.Sawayn,Reject
Annetta,Loyce_Bauch,Request
Braxton,Keanu,Reject
Maxine,Franz,Reject
Raphael,Flossie.Green,Accept
Madison_Stark,Elsie,Accept
Cristal,Raphael_Kovacek,Accept
Lizzie.Gerhold,Destin_Collins,Accept
Tristian.McKenzie,Connie,Accept
Jessyca_Lynch,Nestor.Schuppe,Accept
Brielle,Salvatore,Request
Jayden,Andres_Russel,Accept
Roberta_Bednar,Shanna_Mitchell,Accept
Shanelle_Hoeger,Alaina.Nicolas,Request
Sherman.Wiegand,Monroe,Reject
Serena.Boyle,Mary,Request
Daron,Frida,Request
Israel,Jeff.Harris,Reject
Gerson_Ziemann,Zella,Accept
Charles,Lucio,Request
Bruce,Marta.Adams,Reject
Dalton_Stokes,Hyman_Wintheiser,Request
Clare.Harvey,Unique.Bechtelar,Request
Ivah,Randall.Steuber,Request
Nikolas.Hauck,Jacquelyn_Rice,Reject
America,Kiara.Cummerata,Accept
Sedrick.Ondricka,Stephen,Request
Florian,Greg,Request
Julianne.Gleichner,Brock.Corkery,Accept
Wallace_Rowe,Laurine,Accept
Mohammad_Schaden,Eveline,Accept
Orville,Theo,Reject
Rose.Becker,Adrienne,Request
Kayley,Mackenzie_Ziemann,Request
Camilla.Schaden,Sophie.Crist,Request
Kennedi,Ezra_Rolfson,Accept
Reginald_Gibson,Laurine.Trantow,Request
Nova.Kautzer,Chet.Bradtke,Reject
Mina_Huel,Morton,Accept
Kamron,Javonte.Marquardt,Reject
Henriette.Durgan,Rickie,Reject
Shania.O'Hara,Watson.Oberbrunner,Accept
Mae_Schumm,Karlie.Jewess,Request
Mireille,Jerod,Request
Doris,Deshaun.Dooley,Reject
Victor_Ankunding,Cleora_Reynolds,Request
Maureen,Randi,Accept
Anjali_Connelly,Berry_Hilpert,Request
Keon,Eileen_Jakubowski,Request
Delaney,Hanna.O'Hara,Request
Hector.Hegmann,Kacey,Request
Grayson,Ariel,Accept
Marge,Dustin,Reject
Willy_Huels,Cecilia.Lind,Reject
Laury,Destiney,Reject
Linda.Lockman,Brooks,Reject
Haley,Dasia,Request
Sigrid,Trycia,Request
Libby_Gusikowski,Allan,Request
Chauncey,Vernice,Accept
Lizzie,Annamarie,Accept
Rosetta,Ettie_Rohan,Reject
Rosemarie_Schaefer,Tabitha,Accept
Laisha.Dach,Chadrick.Beahan,Accept
Ansel_Barrows,Carley.Aufderhar,Accept
Donna_Pouros,Devan,Accept
Arvid,Dean_Quigley,Accept
Eve.Bruen,Annabel,Request
Maurice.Hettinger,Raquel,Reject
Kirsten_Blanda,Hipolito,Accept
Brody,Sarai,Reject
Selmer,Rozella,Request
Jedediah_Block,Harmon,Accept
Valerie.Murazik,Effie_Schneider,Accept
Dayton,Ezra.Reinger,Accept
Skye,Nyah.Roob,Reject
Meaghan,Jan,Reject
Connor_Balistreri,Dorian,Accept
Kristina_O'Reilly,Maeve,Reject
Peyton,Ellis,Reject
Adolphus_Krajcik,Oran,Request
Chelsie.Ondricka,Dahlia_Strosin,Accept
Nina,Lane.Fay,Request
Americo_Kihn,Lisandro,Accept
Thad_Sawayn,Courtney,Reject
Jadon_Zulauf,Daniela,Accept
Braulio.Upton,Jeromy,Reject
Price.Dibbert,Emerson_Wehner,Accept
Khalid,Dasia.Hand,Request
Zoila,Sammie_Howell,Reject
Kadin,Kayley,Accept
Susie,Riley_Shanahan,Request
Verna.Johns,Luigi.Jaskolski,Accept
Evert,Markus.Aufderhar,Accept
Rita.Schoen,Mina_Huel,Request
Maximillian.Marks,Antonia,Accept
Helena,Nikita,Request
Ava,Johathan,Reject
Koby_O'Keefe,Maxime_Goldner,Reject
Agnes_Feeney,Jett_Walsh,Request
Chloe,Cassandra,Reject
Samir_Emmerich,Carter.Douglas,Accept
Cordelia_Keebler,Adell,Request
Kenyatta_King,Maida,Reject
Lane.Fay,Marisol,Reject
Vicente,Billie,Request
Karli,Marco_Schumm,Request
Ottilie,Ubaldo,Request
Jimmy.Treutel,Hayley,Reject
Adeline.Strosin,Efrain_Fisher,Reject
Faye.Miller,Eunice,Request
Oleta,Sherwood,Reject
Brianne.Skiles,Vergie.Harris,Reject
Hobart,Litzy,Accept
Wilfred_Zieme,Alfonzo,Accept
Destiny,Lisandro_Watsica,Request
Frederic,Ted.Russel,Reject
Rubie_Prosacco,Maribel.Wisozk,Request
Gregg,June_Smitham,Accept
Heather,Daryl.Carter,Reject
Sarina,Foster.Gottlieb,Reject
Rylan,Ila.Ullrich,Reject
Jennifer,Murray_Ankunding,Reject
Santina.Hamill,Jaylan,Accept
Susan,Ahmed.Schulist,Request
Rubie,Myrtis_Ullrich,Reject
Freddy_Koch,Beryl_Watsica,Reject
Edmund_Casper,Scottie_Davis,Accept
Erling,Sydnie.Larkin,Request
Sonya.Blanda,Theron,Request
Otho.DuBuque,Alice_Tillman,Reject
Kayli,Coleman,Request
Rusty,Icie.Greenfelder,Reject
Lamar.Kessler,Dakota,Accept
Paula,Evan,Accept
Ardith_Goodwin,Joana,Reject
Cary,Aiden.Zieme,Accept
Edwardo_Koch,Geoffrey.Hoppe,Request
Gisselle,Sebastian,Reject
Carson_Harvey,Marilyne_Kutch,Accept
Donnie,Eloy_Lueilwitz,Request
Raheem,Nathanial,Accept
Odie,Rosalinda,Request
Sunny_Hickle,Mckenna.Feest,Request
Conrad,Kevin_Monahan,Reject
Kayli,Leopold,Request
Billy,Jordy.Green,Accept
Marc,Jeanie,Reject
Anthony,Kennedy.Predovic,Reject
Nettie_Armstrong,Roman,Accept
Albina.Weissnat,Betty,Accept
Darron.Koch,Emmet,Reject
Jared,Angelina_Metz,Accept
Annabel,Alison.Rogahn,Accept
Addison,Britney,Reject
Michale,Mercedes,Reject
Gordon.Stroman,Jarrell,Accept
Jacinthe.Marvin,Philip,Request
Harley,Madison_Zboncak,Accept
Keith.Buckridge,Vita_Langosh,Reject
Shaun.Schmidt,Jennings_Lynch,Accept
Magnus,Lorine_Wilkinson,Request
Kameron,Arvilla.Waelchi,Request
Ila,Cleta,Reject
Lucious.Ondricka,Rachael,Accept
Chelsie.Gerhold,Ray,Accept
Zelma.Kemmer,Shane_Emard,Accept
Linnie,Annabel_Harris,Reject
Raymundo.Reichert,Verla,Reject
Chadrick,Lempi_Torp,Accept
Leda,Emely.Howell,Accept
Jasmin,Trenton.Wisozk,Request
Deondre_Bartell,Cordelia,Request
Darien,Zella.Goyette,Accept
Elyssa.Upton,Raphaelle.Yundt,Accept
Reina.Sanford,Thurman,Request
Faye_Hermiston,Caleigh.Stehr,Reject
Hester,Felipe,Request
Brandy.Beier,Russell_Hahn,Reject
Lilla,Angus,Reject
Kacey_Parker,Delaney_Williamson,Request
Kaden.Funk,Lindsay.Fay,Request
Lyda,Taurean,Reject
Colten_Nitzsche,Keon,Accept
Felix,Raina,Reject
Crystal_Cole,Riley_Shanahan,Request
Tyshawn,Giles,Request
Everett,Jude,Reject
Troy,Art,Request
Hertha,Garth.Swaniawski,Request
Misty,Leilani,Request
Buddy_Farrell,Dena,Accept
Leon,Era_Stroman,Reject
Sydnee.Swaniawski,Maxine,Reject
Vincent_Welch,Marilyne,Reject
Norbert.Ankunding,Nat,Accept
Emerson,Jennie,Request
Talon,Kay,Accept
Earnest,Hipolito.Schoen,Accept
Devon,Jamarcus,Request
Peter.Becker,Travon.Barton,Request
Hazle,Emile,Reject
Felicia_Morar,Baron.Wyman,Accept
Hailie.Hickle,Christy.Hyatt,Accept
Elwin,Royal,Reject
Orland,Brian,Reject
Austen_Thiel,Delta,Accept
Whitney,Laury.Schiller,Reject
Bryon_Larson,Raven,Reject
Marcel_O'Connell,Lionel,Request
Claudine,Jeramie,Request
Abbie.Murray,Dock,Request
Pauline,Payton,Accept
Erick_Kautzer,Teagan.McCullough,Request
Skye,Adelia_Howell,Accept
Fay,Bella_Schuster,Request
Rogers.Beier,Brianne_Jacobson,Request
Rickie,Allene_Okuneva,Accept
Jaren.Heathcote,Andreanne.Kunze,Reject
Chelsey,Abbie_Ratke,Request
Marisol,Marlee.Koch,Request
Elva_Turner,Brooke_Casper,Reject
Emery.Beier,Josianne,Request
Tremaine.Grant,Narciso_Gusikowski,Request
Armani_Dietrich,Jammie.Braun,Reject
Christophe.Lebsack,Catherine,Accept
Abigail.Daugherty,Nathen,Reject
Colleen.Flatley,Cecilia,Reject
Eve_Ebert,Lucius,Accept
Orie,Linwood,Request
Lonzo.Abshire,Gwendolyn,Request
David,Joy,Request
Rocky.Waters,Wilbert.Fisher,Accept
Blake_Huel,Lucio,Reject
Weldon_Williamson,Magali,Request
Vena.Hilpert,Janiya,Request
Shania,Dameon.Lockman,Request
Lawrence_Considine,Jamir_Maggio,Accept
Haven,Lowell_Bosco,Reject
Myrtle,Spencer_Bahringer,Reject
Paxton,Clifford,Request
Dorris,Millie_Watsica,Reject
Israel,Jasmin.Kiehn,Request
Thad.Prohaska,Ferne,Reject
Frederic,Harold.Morar,Accept
Diego,Frederic_Wehner,Accept
Orland,Sonny_Ondricka,Request
Alisa_Douglas,Rigoberto,Accept
Lessie,Amie,Reject
Era.Boehm,Jedediah_Mraz,Reject
Delta.Murphy,Maegan,Reject
Maudie_Schroeder,Kameron,Accept
Ressie.Schaden,Name.Mueller,Request
Herminio_Harris,Jed.Berge,Request
Andre,Eduardo.Rolfson,Request
Uriel_Dickinson,Kristofer_Schmidt,Request
Woodrow.Zboncak,Sandy_Abshire,Reject
Hattie,Rodger,Reject
Clare,Eunice_Schroeder,Accept
Quinn,Frieda,Accept
Evan_Gusikowski,Godfrey.Kuhn,Accept
Gustave,Shanie.Langosh,Request
Percy,Caesar.Medhurst,Accept
Priscilla_Rice,Hoyt,Accept
Kieran.Stark,Stefanie,Accept
Remington.Keeling,Kristoffer.Prosacco,Reject
Ole,Jett,Accept
Althea_Toy,Nya,Reject
Eulalia,Elinor,Accept
Arvel_Waters,Marjory_Fahey,Reject
Karl,Reilly.Nicolas,Reject
Doug.Hansen,Ashlee,Reject
Finn_McLaughlin,Daren,Reject
Omer_Luettgen,Janet,Reject
Dawson.Schneider,Darrick,Reject
Duncan_Langworth,Judson,Request
Ramona_Ernser,Mary_Klein,Request
Wilhelm,Abner,Reject
Estella_Thompson,Cara_Price,Reject
Diana,Maxime.Dickinson,Accept
Fay.Lang,Gabrielle.Fay,Request
Cletus,Brycen.Walker,Request
Charlie,Herminia,Request
Liza,Jasmin.Cormier,Accept
Leon.Ward,Martin,Accept
Piper,Sammy_Kautzer,Reject
Claudia,Eliezer,Accept
Lester,Estel_Casper,Accept
Eileen_Jakubowski,Hal.Wunsch,Reject
Korbin,Marcia,Accept
Barton_Hamill,Leonora,Reject
Percival.Kunde,Daisha,Accept
Shane,Janice_Wisoky,Accept
Franco,Dovie,Accept
Bethel_Farrell,Samantha.O'Reilly,Accept
Rowan_Emard,Edna,Request
Thomas_Von,Javon,Request
Mariam_Lehner,Alexanne.Yundt,Accept
Abagail,Thea,Reject
Alysson,Mallie_Fahey,Request
Blair,Alexanne_Flatley,Accept
Rupert,Milo,Accept
Isom.Carroll,Stefanie,Accept
Ansley_Gorczany,Elna,Request
Karelle,Katrina,Accept
Wilton,Chaya,Request
Roman.Schimmel,Eula,Request
Lela,Mya_Mante,Accept
Sage,Lane,Request
Guillermo.Hand,Alvena,Reject
Mossie_Pagac,Maybelle,Accept
Wendy,Aglae_Streich,Reject
Rodrick_Bauch,Guy.Schultz,Reject
Antwan,Ellsworth_Nader,Request
Garrick.Heaney,Willow.Watsica,Accept
Brannon,Karine_Wolff,Accept
Sherman.Simonis,Ken,Reject
Ahmed,Joanne,Request
Meaghan,Janis,Request
Rick.Jakubowski,Will,Reject
Susana_Hudson,Itzel,Accept
Hattie,Alec_Effertz,Request
Jonas,Alden,Reject
Liam,Curt,Accept
Monte,Nicola.McKenzie,Accept
Clovis,Clair,Reject
Precious,Tom.Orn,Accept
Rosie.Spencer,Cloyd.Heller,Request
Wilton,Kailyn,Request
Darlene_Champlin,Bud_Wolff,Reject
Constantin,Rex,Reject
Sim,Elna,Reject
Meredith_Haag,Patience.Sauer,Reject
Rebecca_Kihn,Chanelle.McCullough,Reject
Kianna,Camryn_Emmerich,Request
Jeff.Okuneva,Zora,Request
Mara,Suzanne_Nienow,Request
Joseph.Kling,Lyla,Accept
Hoyt.Emmerich,Elian,Accept
Destiny,Johann,Reject
Raven,Monica_Muller,Accept
Harley,Alicia,Accept
Freddy_Erdman,Crystal.Torphy,Request
Chesley.Hyatt,Sam_Eichmann,Reject
Lenore,Emile,Reject
Demond,Florian_Keebler,Accept
Cicero,Retha,Request
Tremaine_Herzog,Althea_O'Hara,Reject
Kari_Lockman,Ollie.Witting,Request
Kiarra,Theron.Mitchell,Accept
Nico,Guillermo,Accept
Garret.Schultz,Kiana_Pfeffer,Request
Dominique_Jast,Kaylah_Lindgren,Request
Adah.Dickens,Monte,Reject
Aurelie.Hettinger,Ozella,Request
Jaylen_Skiles,Belle,Reject
Kirstin.Cormier,Corine,Accept
Scottie,Nettie.Daniel,Reject
Meggie,Porter.Sipes,Reject
Stuart,Sallie.Cormier,Request
Kris,Domenica,Request
Kaya_Ledner,Emelie,Reject
Harley,Rollin_Zboncak,Request
Jessica.Hirthe,Hector,Reject
Hannah_Lesch,Blaze_Kemmer,Request
Rashawn,Finn,Request
Alexandrine.Murphy,Lorena,Request
Nola_Brown,Rubie,Accept
Nya.Price,Holly,Accept
Matt,Green,Reject
Hans_Lakin,Elizabeth_Upton,Reject
Dayton,Rosamond.Krajcik,Reject
Abdullah,Zackery,Accept
Adolphus,Brendan_Russel,Reject
Adah_Wunsch,Erica.Wunsch,Request
Tyrique,Newell_Connelly,Accept
Branson,Austyn,Request
Luella,Muriel,Reject
Blanche,Haleigh,Reject
Rahul,Cale.Lubowitz,Accept
Carol,Osbaldo,Reject
Dorris_Kreiger,Eduardo,Reject
Marlene_Hoppe,Edwina_Kuhn,Reject
Giovani,Verner,Accept
Kallie_Johns,Destany,Reject
Amya,Maxime_Zemlak,Reject
Maxie_Hackett,Ellis,Accept
Neil_Wintheiser,Kareem,Request
Jaycee.Kassulke,Janet,Reject
Willow,Damion_Barrows,Reject
Era,Kellen,Accept
Abdiel,Lonzo,Accept
Breanna_Trantow,Frank,Request
Dorian_Herman,Fay.Homenick,Accept
Kendall,Vladimir.Ziemann,Reject
Haylie,Assunta_Lebsack,Accept
Alyce_Bruen,Roberto,Accept
Arvilla_Jerde,Savanna,Reject
Bryce.Fisher,Emil,Reject
Ofelia_Yost,Caterina,Accept
Clare.Runolfsdottir,Madelynn.Hauck,Reject
Angeline,Herminio_Rempel,Reject
Adrienne,Emery,Reject
Deondre_Kemmer,Kayli,Request
Isabelle,Ramona_Ledner,Reject
Nellie.Jerde,Kim_Botsford,Reject
Ophelia_Wiegand,Lazaro,Reject
Danika.Nienow,Sage.Collier,Request
Kacie,Abbey,Request
Kristofer.Reichert,Emmy,Accept
Trevor_Wiegand,Katarina_GuÂªann,Reject
Makenna,Everette,Accept
Abagail.Hayes,Nathanael,Accept
Gabriel.Leuschke,Kane.O'Conner,Accept
Lucinda_Homenick,Estella_Hirthe,Reject
Cruz.Stoltenberg,Lavern,Reject
Trace_Stark,Marty.Bradtke,Request
Agnes,Wanda.Lemke,Request
Kurtis.Powlowski,Kevon,Request
Hilma,Christina_D'Amore,Reject
Naomi_Botsford,Keith,Accept
Sylvan_Connelly,Salvatore,Reject
Kayleigh,Eloisa,Request
Lewis,Brannon_Kautzer,Accept
Dylan,Lyda_Walsh,Accept
Eino.D'Amore,Ora_Hettinger,Accept
Braulio,Myra,Accept
Emery.Harvey,Mariam,Request
Alan,Billie.Rice,Request
Mandy_Treutel,Mayra_Williamson,Accept
Weston,Emelia.Mitchell,Reject
Viola_Swift,Concepcion.White,Accept
Daphnee_Adams,Heidi,Reject
Neva,Percy.Klein,Request
Joshua_Mueller,Wilfrid_Romaguera,Reject
Richie.Hyatt,Tommie,Reject
Loraine,Fay.Smitham,Reject
Matilde.Feeney,Wendell.Medhurst,Accept
Savion,Caitlyn.Bashirian,Reject
Adah,Cesar.Hansen,Reject
Jaylan_Tremblay,Eugenia,Accept
Colby,Fae,Accept
Fern,Willy,Accept
Hailie_Nitzsche,Mavis,Reject
Natalie,Loma,Reject
Yoshiko_Harris,Mohammed_Toy,Accept
Laron,Madge.Hansen,Accept
Ole,Kevon,Reject
Evangeline_Hintz,Coby_Weimann,Accept
Santina,Hal,Request
Delmer,Jodie_Rosenbaum,Accept
Edison,Shania,Request
Prince_Schaden,Franz,Reject
Imogene,Julianne,Accept
George.Huels,Morgan,Request
Jaylin,Amari_Wiegand,Reject
Queenie,Erwin,Reject
Kristy_Larkin,Anibal_Konopelski,Reject
Jerod,Roma,Request
Maverick,Trever_Tillman,Accept
Kaylie,Marisol,Request
Rhiannon,Abigail_Jacobson,Request
Austyn,Lilla_Hayes,Request
Reginald,Abe,Request
Easton,Corbin.Prohaska,Request
Abner.Schuppe,Eloise_Harvey,Request
Stuart,Mara.Franecki,Request
Faustino,Kenny_Kirlin,Accept
Gerson,Gardner_Spinka,Reject
Vicky.Pollich,Holden,Reject
Liana.Berge,Alberto,Request
Gloria,Kenny,Request
Clarabelle.Bosco,Elta,Request
Geoffrey,Meghan_Mraz,Accept
Abigail_Walsh,Janelle,Reject
Darrel,Tyra.Donnelly,Request
Camron,Dallas,Accept
Clementina,Adaline,Accept
Coleman,Earl_Connelly,Accept
Willie_Windler,Aliza_Mitchell,Reject
Alexis,Katheryn_Medhurst,Accept
Edmund,Vivien_Greenholt,Reject
Rosalinda_McGlynn,Triston.Pacocha,Accept
Maximillia_Wiza,Kiley,Request
Breanna.Kuvalis,Franz_Prosacco,Request
Orion_Brakus,Aida,Accept
Elisabeth_DuBuque,Eliseo,Request
Hassan,Alba,Request
Connie_Langosh,Rogers,Request
Timmothy,Ashly,Accept
Vada,Gayle.Rau,Reject
Genesis_Heller,Minerva.Kautzer,Accept
Filiberto_Lindgren,Nicholas,Accept
Hans,Lupe_Williamson,Reject
Nelson.West,Narciso_Gusikowski,Accept
Wallace_Bergstrom,Koby,Request
Lawrence_Rau,Phoebe_Koch,Accept
Darron,Dax_Kunde,Request
Nyah.Roob,Shanel.Brakus,Reject
Sincere,Brown,Reject
Lauretta_Welch,Bernhard_Lehner,Accept
Claud,Alfonzo.HarÂªann,Reject
Rosella_Stamm,Jared,Reject
Marc,Dedric,Reject
Triston.Pacocha,Amaya_Bernhard,Accept
Anahi.Thiel,Caroline,Request
Zackary,Humberto.Kiehn,Accept
Jedidiah_Jerde,Annamarie,Accept
Alexys.Collins,Margarita,Request
Janessa_Hane,Elisabeth_Abshire,Request
Yasmin,Ubaldo,Request
Vance,Maiya.Pfeffer,Reject
Daphney.Kub,Shemar.Kautzer,Accept
Judge,Randal,Request
Wilson,Kiera_Ziemann,Reject
Johnpaul,Vickie.Cassin,Reject
Lorenzo.Christiansen,Maggie_Hilll,Request
Shanelle.Ullrich,Tobin.Streich,Accept
Garfield,Marques_Monahan,Reject
Duane,Dakota,Reject
Damion.Donnelly,Hadley,Accept
Lenora.Ortiz,Dell,Accept
Domenico_Grant,Shayna,Request
Margaretta.Pfeffer,Sandra,Reject
Gust,Destiny.Walter,Accept
Vicenta.Hoeger,River.Brekke,Request
Maximillian.Haag,Clifton,Request
Roosevelt_Fay,Everette,Reject
Monte_Stehr,Lucinda.Stiedemann,Reject
Allie,Betty_Waelchi,Request
Lydia,Jefferey_Murazik,Reject
Ayden,Dayton,Request
Lessie,Nya,Request
Edgar,Fletcher,Request
Maryjane,Reginald_Hilll,Request
Brooke,Bud,Request
Davon,Dan_McKenzie,Accept
Eileen.Dare,Alaina,Request
Nellie_Weimann,Toney.Bogisich,Request
Celine_Raynor,Myles,Request
Ruben,Domenic,Reject
Sandrine.Cruickshank,Alexzander,Reject
Effie_Collins,Caitlyn,Accept
Krystel_Buckridge,Kylie,Accept
Joanny.Cassin,Maryam,Accept
Adan_Gerhold,Johnny,Request
Tatum,Lexi,Reject
Rosie,Guillermo,Reject
Jennifer,Ted,Accept
Daphney,Alberto,Reject
Saige.Berge,Owen,Accept
Ross,Zora,Request
Milford.Gutkowski,Pauline,Reject
Esmeralda,Ryann,Accept
Jocelyn.Fadel,Joey,Accept
Belle,Jesse,Accept
Hailie,Mariana.Miller,Accept
Otto,Lamont.Johns,Accept
Cleta.Turcotte,Dakota,Reject
Garrick,Eulalia,Request
Jaiden.Boyer,Weston.Shields,Reject
Archibald_Koss,Kacie.Kozey,Reject
Marjolaine,Nayeli_Lubowitz,Request
Glen,Mireya,Request
Cleve,Stephany_Bednar,Request
Wilfred,Bette_Thiel,Reject
Michael_Hilpert,Deven_Jacobson,Accept
Lyla_Kling,Chanel,Reject
Alyson,Laurie,Reject
Georgianna,Fabiola.Wilkinson,Request
Carlos,Norberto.Schowalter,Reject
Janick_Ebert,Trycia,Accept
Odessa,Gerda,Accept
Milo.Murazik,Grace,Request
Makayla_Romaguera,Lawrence_Rau,Reject
Brooklyn,Kyleigh_Grimes,Accept
Tiffany_Greenfelder,Ofelia,Accept
Danielle,Emily,Reject
Jorge,Carey.Zieme,Accept
Lexus.Daugherty,Merlin,Accept
Margarete,Myles,Reject
Arely.Heller,Roberto_Kautzer,Reject
Pearl.Roob,Rachelle.Ziemann,Request
Emily_Hackett,Maia_Baumbach,Request
Arturo,Kavon.Breitenberg,Request
Ahmad,Clemmie,Reject
Dawson_Kuhn,Erick,Reject
Jamil.Ernser,Veronica.Schneider,Accept
Adan.Daniel,Eulalia,Accept
Avis,Taryn,Reject
Bobbie,Modesta.Von,Reject
Amir_Funk,Julio_Kunde,Accept
Leola,Burdette.Leuschke,Accept
Maximillian,Jany,Reject
Kellie.Heidenreich,Jamil_Flatley,Reject
Emmy_Legros,Ethelyn_Gulgowski,Request
Pierce,Shaina.Kovacek,Reject
Joe.Klein,Donna,Reject
Lynn_Wisozk,Cora_Tillman,Request
Melyssa,Thomas,Reject
Dayne,Annamae,Request
Dalton_Pfannerstill,Brooklyn_Schinner,Reject
Philip,Monique.Schamberger,Request
Lenny.Orn,Humberto_Sanford,Request
Ricky,Alana_Kuvalis,Accept
Billy,Pietro,Request
Angie.McKenzie,Stuart_Bruen,Reject
Kenton.Lind,Emery,Request
Alison_Reynolds,Brennan_Beier,Accept
Paris,Lincoln,Accept
Katarina_Wyman,Palma_Bradtke,Accept
Kari,Joany,Reject
Libbie,Jaron.Muller,Reject
Hoyt_Larson,Leopold,Request
Amara,Shanie.Sporer,Accept
Gillian,Brianne.Bradtke,Accept
Ellis.Shields,Lue,Accept
Dayne_Becker,Jules,Request
Hilton,Julie_O'Conner,Accept
Godfrey,Neva_Carter,Request
Juliet,Tatum,Request
Aaron_Nicolas,Ceasar.Schuster,Accept
Randy.Yundt,Kyleigh.Beier,Accept
Mustafa,Tessie,Request
Rosella,Lyla,Accept
Verlie,Katlyn_Abshire,Accept
Zoe,Magali.Reilly,Request
Berneice.Simonis,Sonny,Accept
Karina_O'Hara,Nikko_Dooley,Request
Micheal.Ebert,Micaela,Reject
Kayley_Glover,Salvatore_Langosh,Accept
Valerie.Price,Shakira,Reject
Amiya.Crist,Duncan_Turner,Reject
Dion.Heidenreich,Judson_Schulist,Reject
Julio.Ferry,Antwon,Request
Houston,Cathrine.Adams,Request
Esperanza_Streich,Lon,Accept
Lucinda,Kendrick.Von,Accept
Janelle,Vince_Homenick,Accept
Justus_Dickinson,Ernesto,Accept
Amalia_Wolf,Samara.Schroeder,Reject
Eula.Stehr,Hayden_Johnston,Request
Anya,Kaylee.Schuster,Request
Harry_Trantow,Jackeline_Harris,Request
Raphael,Tracey.Macejkovic,Reject
Rebekah_Abshire,Randall.Kshlerin,Accept
Fleta_Lind,Morgan_Moen,Request
Tyshawn,Patricia_Barton,Reject
August,Edgar.Kuphal,Request
Vito.Auer,Harmony,Reject
Lamont,Janie,Reject
Nathanial,Hadley,Accept
Julian.Becker,Brad,Request
Florida,Rosalind,Accept
Jarrod,Noe.Fisher,Accept
Maximo_Ward,Lysanne,Request
Myra.Beier,Malinda_Koss,Request
Harrison.Kuvalis,Israel,Accept
Kassandra,Orland,Request
Jimmie,Guido.Boyer,Accept
Delbert_Morar,Sanford.Macejkovic,Accept
Morris,Alan.Pollich,Request
Demetris,Johann.Cremin,Accept
Dan_Ortiz,Esperanza,Reject
Santina_Brekke,Molly,Request
Pierre.Doyle,Aliza,Request
Alayna,Reece_Brakus,Request
Elinore,Renee_Renner,Request
Hilbert,Seth,Accept
Bertha_Senger,Kaylee,Reject
Stanley,Cullen.Block,Accept
Houston.Wintheiser,Hassie,Request
Eusebio.O'Kon,Eli,Request
Breana,Alexa,Request
Erwin,Crystel.Runte,Request
Catalina.Harªann,Laurie,Request
Dexter_Littel,Justina.Torphy,Reject
Braeden_Zieme,Amely.Hyatt,Reject
Jasen_Steuber,Dianna_Armstrong,Reject
Vladimir.Padberg,Frieda,Accept
Betsy,Gerard,Request
Verdie.Mitchell,Kieran.Harvey,Accept
Joannie_Harvey,Nedra.Eichmann,Request
Fiona_Mann,Raven,Accept
Zane_Paucek,Krista.Runte,Request
Brad_Dicki,Walker_Funk,Reject
Mac,Keanu,Accept
Amaya,Katrina,Reject
Eddie_Lehner,Daron,Reject
Everardo,Kaela.Schuppe,Request
Raheem.Feil,Cheyanne,Request
Francisca_Herman,Victoria_Paucek,Reject
Marilyne,Ole,Reject
Jazmyn,Muriel.Hegmann,Reject
Serenity.Buckridge,Jedidiah,Reject
Trycia,Jasper.Bednar,Reject
Elouise.Pfeffer,Rocky,Reject
Louisa,Maia,Accept
Terrill,Micheal.Keeling,Reject
Jennifer_Heidenreich,Darrel.Bartell,Reject
Furman,Kim,Request
Marietta.Terry,Sabina,Request
Christine_Weber,Camryn,Accept
Major.Waters,Katelyn,Request
Garnet_Mosciski,Mortimer_Wolff,Request
Erin,Ellie,Reject
Sabryna.Dickinson,Cassie.Schoen,Reject
Margarita_Denesik,Tyrese,Accept
Kailey,Nicholaus_Ullrich,Reject
Horace,Nick,Reject
Justice,Enid,Request
Duncan_Langworth,Nikki,Reject
Josefa.Jakubowski,Hayley.Farrell,Reject
Jaylon,Cleta,Request
Rocio,Benjamin.Mills,Accept
Elta_Feil,Gus,Accept
Blaze_Gottlieb,Demarco_Kerluke,Accept
Maddison,Erin.Orn,Request
Winona_Cormier,Shemar.Funk,Reject
Retha,Vicente,Request
Silas.Walter,Reed_Cruickshank,Accept
Axel,Mike,Request
Rhianna,Edwina.Goodwin,Reject
Hipolito,Zelma.Kemmer,Reject
Willie_Jenkins,Leopold,Accept
Winona,Iliana_Ruecker,Accept
Antonette.Cummings,Rollin,Request
Tyrique_McDermott,Dexter.Kuphal,Request
Domenico.Jakubowski,Odell_Nolan,Request
Davin.Williamson,Lisa,Reject
Audreanne.Ankunding,Esmeralda_Bednar,Request
Zakary,Shaniya_Shields,Accept
Kolby.Ernser,Tia,Accept
Krystal,Tess.Walter,Accept
Malcolm,Roel.Runolfsdottir,Accept
Enos,Ericka,Request
Candido.Heidenreich,Clemmie,Reject
Abbie.Kris,Makayla.Sanford,Reject
Celine,Cortez.Hilll,Reject
Emie.O'Keefe,Erwin.Wilderman,Request
Arden,Adrianna,Accept
Cyrus,Ophelia,Request
Toby.Nicolas,Sydni,Accept
Karson,Javonte_Feeney,Accept
Lucy_Hagenes,Myles,Request
Tyrique.Schulist,Rico_Lindgren,Accept
Herbert.Sipes,Clifton.Robel,Reject
Corine,Arjun,Accept
Leilani.Russel,Dylan,Accept
Arvilla_Zemlak,Phyllis,Request
Rebecca,Rosie,Reject
Ebba.Farrell,Kaylie,Reject
Ronaldo,Martine,Request
Mae,Gianni_Labadie,Request
Terrence_Prohaska,Matilda_Labadie,Reject
Nyasia.Ernser,Mauricio,Request
Kolby,Stacey,Request
Wilton.Conn,Loyce_Purdy,Accept
Shania_Olson,Geovany_Leuschke,Request
Adonis_Barrows,Hallie.Schaden,Accept
Eino,Arturo,Accept
Oral_Schmitt,Annie,Accept
Maye,Tyrell,Reject
Lexi.Vandervort,Torey.Weissnat,Accept
Jermain,Louie.Miller,Accept
Brannon_Morissette,Verda,Request
Marilyne_Kuhlman,Milford,Reject
Brown,Kiera_GuÂªann,Reject
Carmine,Annabel_Schimmel,Request
Kristoffer,Opal,Reject
Maryam,Guy.Kris,Reject
Dasia,Kristofer,Accept
Rodrigo.Emard,Blaze,Request
Magnus,Hal.Deckow,Accept
Samir,Johnpaul_Yost,Request
Carmel_Rohan,Deontae.Weber,Reject
Marguerite_Ankunding,Holden,Accept
Katlyn_Hyatt,Calista,Accept
Millie.Kling,Juanita_Tillman,Reject
Gia_Hilll,Maegan_Purdy,Request
Harvey_Hahn,Adrienne,Request
Chadrick,Raphael_Aufderhar,Request
Jamar_Gleason,Payton,Accept
Will,Keanu,Accept
Alec,Vita.Beer,Request
Molly.Homenick,Ressie.Schaden,Reject
Ladarius_Mraz,Carolyn.Hilpert,Reject
Keith,Meaghan,Reject
Kennedi,Aron,Request
Keegan_Turner,Desiree.Farrell,Accept
Yadira,Conor.Kihn,Request
Lupe_Ondricka,Elvis,Reject
Carole,Kristofer,Accept
Jessie,Lemuel.Schowalter,Reject
Berenice_Harvey,Savanna_Boyle,Request
Whitney.Goodwin,Rosendo.Graham,Accept
Fay.Lang,Cyrus.Reilly,Reject
Reanna_Smith,Iliana_Ruecker,Accept
Carli,Myrl.Armstrong,Request
Gaylord_Price,Richard.Auer,Reject
Lottie_Parisian,Kelley.Lakin,Reject
Jovany.Fisher,Carlee_Farrell,Accept
Raheem,Virgie_Heller,Request
Tiana.Dibbert,Ryleigh,Reject
Eliezer,Carley,Accept
Micheal_Pfeffer,Keira.Jenkins,Accept
Cordie,Rickey_Lehner,Request
Berenice.Parker,Amaya_O'Keefe,Accept
Meredith.Fisher,Mac,Reject
Randi,Liza,Reject
Pascale,Newton.Hettinger,Request
Sedrick,Addie,Request
Dorothy_Collier,Sophia,Reject
Leslie,Dasia,Accept
Kiarra,Marc,Request
Roslyn,Deonte,Reject
Adah_Lebsack,Kyler.Rodriguez,Accept
Emelia.Mitchell,Letha,Reject
Angus,Alphonso,Accept
Angelo,Lloyd.Schmidt,Request
Minerva.Rogahn,Estella,Reject
Rene.Durgan,Elroy,Reject
Lilyan_Osinski,Marco.Bernier,Reject
Tommie,Nona,Reject
Felton,Columbus,Request
Fletcher,Foster_Kovacek,Accept
Earl,Yazmin_Waelchi,Reject
Kamren,Kendra,Accept
Easter.West,Soledad.Mante,Request
Katrine,Mariah,Reject
Jade.Fahey,Cortez_Wuckert,Request
Kenyatta,Maynard_Koch,Reject
Kaci_Hickle,Jerod_Emard,Reject
Consuelo,Billie,Request
Esperanza,Madie,Reject
Orin.Harber,Golden,Accept
Mia_Koss,Hayley_Hills,Request
Darion_Smitham,Jody,Request
Robyn,Dixie,Request
Alfonzo,Alex,Reject
Elvis_Schowalter,Norris.Veum,Reject
Elwyn_Gusikowski,Norene,Accept
Myah.Farrell,Russell_Franecki,Accept
Marilou.Graham,Corbin,Reject
Forest_Deckow,Domenic,Accept
Asha_Morar,Rickey,Accept
Lilly,Marilyne.Roob,Accept
Aurelie_Turner,Adrain,Request
Ines,Meghan_Mraz,Request
Tillman,Karl,Reject
Lawson,Elza_Blick,Request
Golda_Schmeler,Adriana,Request
Tevin_Altenwerth,Peggie.Jacobi,Request
Dixie,Novella,Reject
Vern,Daniela_Gerlach,Accept
Caesar,Chester_Weber,Accept
Roslyn.Cole,Steve.Rohan,Request
Lon.Kub,Elyse,Request
Claudie,Christa.Miller,Accept
Mossie_Pagac,Josefina_Kunze,Accept
Jordyn_Welch,Mellie_Wolf,Reject
Duane.Crist,Lexie.Schmitt,Accept
Jackson_Senger,Cydney,Accept
Sylvan.Bauch,Howard.Kiehn,Reject
Daron,Dandre,Accept
Name,Jairo,Reject
Daren,Jayden.Wuckert,Reject
Donavon,Oscar,Request
Norbert.Beatty,Catherine_Bailey,Accept
Catharine,Frances,Accept
Unique,Lexi,Accept
Karson_Olson,Chelsea_Howell,Reject
Victoria_Paucek,Cali_Hoppe,Request
Vita_Spinka,Araceli_Zulauf,Accept
Micaela,Jana_Bradtke,Request
Ola,Helen,Accept
Janiya,Adelia_Bogan,Accept
Troy,Beaulah.Kutch,Accept
Fredrick,Arne_Hauck,Reject
Alessia,Brandon,Request
Linda,Adalberto.Farrell,Accept
Tevin,Mina,Reject
Winnifred_Johnston,Hortense.Olson,Reject
Estefania_Howell,Norbert,Request
Alicia_Koelpin,Isadore,Accept
Millie.Koch,Berneice_Johnson,Accept
Billie_Erdman,Deshawn,Request
Jamil,Imani,Accept
Alysa,Julio_Kunde,Reject
Vickie,Rhianna,Request
Lazaro,Vernice_Weimann,Accept
Phyllis.Mohr,Zachary_Kemmer,Accept
Hailee,Monserrat,Request
Adah_Wunsch,Cynthia,Reject
Talia,Phoebe_Kemmer,Accept
Lula,Kathlyn,Reject
Marcelle,Gianni.Prosacco,Reject
Nels,Lelah,Request
Mckayla_McDermott,Juanita,Reject
Alf,Lafayette_Ebert,Request
Gunner.Considine,Elenor.Walker,Request
Verna,Rey,Accept
Mariana,Consuelo.Marvin,Request
Fernando.Pacocha,Georgiana,Request
Sammy.Yost,Kristoffer.Koelpin,Accept
Name.Wolff,Otho_O'Keefe,Request
Maxime,Bertha_Nienow,Reject
Hannah.Greenholt,Monserrate_Cummerata,Request
Kristian,Jaylan_Bogisich,Reject
Hazle,Adan.Daniel,Accept
Vesta,Cydney,Reject
Ashtyn_Kozey,Edmund,Accept
Maegan,Jeramie,Accept
Darrel.Stroman,Clarissa_Farrell,Reject
Assunta,Simone.Lehner,Request
Eden,Ellsworth,Request
Kassandra_Guªann,Burnice,Reject
Ava,Elroy,Request
Tiffany.Bahringer,Jamaal_Sanford,Request
Jennyfer,Wayne,Accept
Delphia,Ayden,Request
Joey.Nolan,Karen.Boehm,Request
Christ_Mertz,Urban,Reject
Arianna_Volkman,Rhiannon,Request
Kade_Langworth,Graciela_Wisoky,Reject
Geovany,Israel,Reject
Einar.Jast,Armando,Request
Bulah_Ward,Brenna.Witting,Reject
Rick_Crona,Jody,Accept
Terrell.Littel,Roscoe,Accept
Melisa,Amaya.Boyer,Request
Nelda_Monahan,Alexane.Walsh,Accept
Adrain_Kub,Retta,Accept
Gino,Rodrick.Reichel,Accept
Tyrese_Schroeder,Darron,Request
Rubye.Guªann,Margarett,Reject
Annetta,Mertie,Accept
Efrain.Will,Werner,Request
Bulah,Mohamed_Ledner,Accept
Faye_Hermiston,Vada,Request
Magnus.Mante,Madison.Hansen,Accept
Rogers.Fay,Marie_Sipes,Accept
Stephania,Clementina,Accept
Bernadine,Jamey,Request
Shea_Pouros,Aric.Mayert,Reject
Reggie,Barrett,Request
Norma,Anjali,Reject
Alene.Ratke,Kim,Accept
Loyal,Mariah,Accept
Felipa.Schmitt,Amos.O'Kon,Request
Mandy_Koepp,Merlin_Moore,Reject
Flo,Lura_Shields,Request
Lonzo_Bruen,August,Request
Kailyn,Neoma.Lehner,Accept
Keith.Gusikowski,Burdette,Accept
Verda.Trantow,Octavia_Parisian,Accept
Columbus.Grady,Aron,Reject
Carey,Trevion,Reject
Jorge.Yundt,Horacio.Crooks,Request
Josiah,Benton.Sawayn,Accept
Gianni,Will_Ullrich,Reject
Samson.Veum,Martine,Request
Dallas_Buckridge,Alexandro,Request
Humberto.Adams,Kayli.Cartwright,Reject
Meaghan_Auer,Mellie,Request
Ofelia,Eloisa,Accept
Aileen_Marks,Edison,Request
Emily_Zieme,Alexa,Reject
Laney,Roberta.Keeling,Request
Dejah_Rippin,Frieda,Request
Jayme_O'Hara,Myrtle,Accept
Coralie,Verona.Rolfson,Accept
Graham,Alba,Request
Barbara_Graham,Lilliana,Accept
Nova_Kshlerin,Elwin,Accept
Noble,Zena,Reject
Alexander.Bergnaum,Jovan_Roberts,Request
Audie,Chester.Collier,Request
Pete,Milo,Accept
Monty.White,King_Larkin,Request
Oran,Bettie_Boyer,Request
Shyanne_Romaguera,Zakary,Request
Laverne,Roderick,Reject
Mathias,Rodrick,Request
Kaycee_Schaden,Weston_Kshlerin,Accept
Marlon,Emerson,Reject
General_Kris,Aliya,Request
Woodrow,Guido_Quigley,Accept
Emely,Dina,Request
Rudolph,Nestor,Reject
Kenya,Cullen.Block,Request
Reyna_Borer,Cielo_Hackett,Request
Albina,Cruz.Stoltenberg,Accept
Queenie_Kuvalis,Elenora,Accept
Talon,Jevon.Windler,Request
Jacquelyn_Jacobson,Juvenal.Schinner,Accept
Maci.Hayes,Hayley,Accept
Diamond.Carter,Cydney,Reject
Vernie.Rice,Thelma,Accept
Dena_Dibbert,Joany.Hodkiewicz,Request
Moises,Santiago,Reject
Louie.Miller,Laura,Request
Rodrigo,Davon_Schulist,Reject
Lexi,Kobe,Request
Martin,Verna,Accept
Lewis.Hoeger,Tessie,Reject
Reid.Hessel,Rodger_Reynolds,Accept
Harry_Moen,Alvis_Schimmel,Request
Iliana_Ruecker,Sage,Accept
Boris,Noble,Accept
Eudora_Zemlak,Aurelia.Jacobson,Accept
Emanuel.Hintz,Erika,Reject
Jairo,Helena,Accept
Drake,Thomas_Rosenbaum,Accept
America,Enos,Reject
Israel,Matilde,Accept
Avis.Pouros,Genoveva,Accept
Mary,Rocky,Accept
Fannie,Coby,Reject
Jayme,Nigel_Mann,Accept
Jessica.Thompson,Corene,Reject
Monroe,Delfina_Smitham,Accept
Kenyon,Deshaun.Brown,Request
April,Casey_Streich,Accept
Nicole.Bogisich,Andy_Corkery,Reject
Rashawn_Schulist,Maymie.Goldner,Request
Koby,Lafayette,Reject
Emory,Angelita,Reject
Autumn_Kuphal,Weldon,Reject
Aryanna.Sporer,Quincy.Ortiz,Reject
Brayan_Schiller,Newell,Accept
Hailey,Nyah,Accept
Dameon.Kiehn,Quincy,Reject
Vladimir_Waters,Johnny,Accept
Nona,Timmothy_Dickens,Accept
Dewayne,Mavis.Barton,Request
Anibal,Cydney,Reject
Cade.McCullough,Caleigh,Accept
Aron,Reggie,Accept
Buster,Vincent_Monahan,Request
Ricardo_Moore,Tristian.Aufderhar,Accept
Jose,Lukas,Reject
Noble_Fritsch,Shea_Pouros,Reject
Tiana,Jamar_Gleason,Accept
Janick,Norma.Adams,Request
Wilber,Wendell,Reject
Jeramy,Ezequiel,Request
Cletus_Rolfson,Daisha,Request
Ulices.Bode,Estelle.Oberbrunner,Accept
Adriana.Harris,Ines,Accept
Raphael_Aufderhar,Kayley_Koepp,Reject
Mara.Franecki,Parker_O'Connell,Reject
Matilde,Robert,Request
Jo.Gutkowski,Vernon,Request
Burley.Gerlach,Marcia_Brakus,Request
Elwyn,Valentin,Accept
Bradly,Gregoria,Reject
Isom_Reynolds,Adelia,Request
Jay.Bahringer,Florida_Von,Request
Herta,Harvey.Cruickshank,Accept
Verda.Flatley,Elliott,Reject
Kiley,Trent.Hamill,Request
Kaylin.Weber,Reta_Monahan,Reject
Carole.Willms,Mitchell,Request
Joany.White,Emilie,Reject
Kendra,Estefania.Pollich,Reject
Monty,Lila.Beatty,Reject
Micheal.Waters,Brayan,Request
Dusty_Eichmann,Tobin,Accept
Jacquelyn.Hickle,Faustino,Accept
Enoch,Xander_Kshlerin,Reject
Wade,Keven,Reject
Dominique.Herman,Willie_Gleichner,Accept
Rashawn_Baumbach,Domingo,Request
Rigoberto,Paxton,Accept
Lucienne,Jerel.Cummerata,Reject
Tamia,Jaydon.Hermann,Request
Jordyn_Labadie,Gabriel.Leuschke,Accept
Lisandro,Pablo_Bechtelar,Request
Dixie.Lockman,Ashton,Reject
Tiara_O'Keefe,Margaret,Request
Lyla.Bechtelar,Edna.Considine,Reject
Callie.Schmitt,Easton_Osinski,Reject
Fannie.Lynch,Nola,Reject
Wilburn,Nona_Balistreri,Reject
Eunice,Delmer,Request
Stanford.Raynor,Shannon,Request
Robb_Abbott,Samara.Wilderman,Request
Maymie,Precious,Reject
Sally.Schuppe,Brent_O'Keefe,Reject
Nathen,Geovany_Leuschke,Reject
Myrtle,Conor,Reject
Brenna.Feil,Keyshawn_Marvin,Reject
Terrill_Nikolaus,Jessika,Accept
Austin,Destin,Reject
Jewel_Bernhard,Archibald,Request
Brant_Terry,Shanie.Langosh,Request
Rey,Jaqueline,Reject
Percy,Edgar,Accept
Henry.Zboncak,Reba_HarÂªann,Request
Kurtis.Kilback,Celine,Request
Nathan_Doyle,Kelsi_Rippin,Accept
Baron,Ettie,Accept
Jordane.Ziemann,Elissa,Request
Keyshawn,Irma,Accept
Bryana.Wilkinson,Corbin_McClure,Reject
Alexzander.Krajcik,Lucio.Grimes,Accept
Duane_Brown,Maymie,Reject
Frieda.Blick,Destinee_Hodkiewicz,Accept
Victor_Fadel,Osbaldo_Gerlach,Accept
Janet,Anais.Bauch,Accept
Araceli.Buckridge,Taryn,Request
Sabrina,Laurence.Rath,Request
Keith_Maggio,Verner,Request
Vance_Streich,Lottie_Klocko,Reject
Evangeline,Nyah,Accept
Barry,Destany,Accept
Tierra.Orn,Araceli.Buckridge,Request
Zetta_Mills,Susie.Hegmann,Request
Elise.Schmidt,Lorenza,Accept
Jamison,Freeman.Kuhic,Request
Mike,Dangelo,Accept
Madilyn,Matt,Accept
Aurelia.Sawayn,Magnolia,Accept
Laisha.Ebert,Emiliano.Schulist,Reject
Ismael_Anderson,Enid,Request
Cameron,Hilbert.Kirlin,Request
Jazmin,Ezequiel,Accept
Lilliana,Jovanny,Reject
Edwin,Carmel,Request
Haylee.Miller,Norris.Willms,Accept
Nicole.Wilderman,Marisol_Mueller,Accept
Aiden.Swaniawski,Desiree.Abernathy,Request
Lolita.O'Keefe,Zakary.Schuster,Request
Mercedes.Rolfson,Krystina_Zboncak,Request
Adelle.Murray,Guido.Boyer,Reject
Alessandro,Ofelia,Reject
Kaylie_Feest,Donnie,Request
Andrew_Pacocha,Sedrick.Herman,Request
Nico.Huels,Judy,Request
Deon_Cormier,Mason.Kub,Reject
Ludie.Effertz,Edmond,Reject
Garrison,Palma_Von,Accept
Noah_Leannon,Gussie,Accept
Jude,Florida,Reject
Elisa,Precious,Accept
Rodolfo,Eryn.Stanton,Reject
Patrick.Corwin,Madie_Towne,Accept
Delfina_King,Trinity.Feest,Request
Eryn_Ryan,Amalia.Cartwright,Accept
Princess,Etha.Schumm,Request
Terrance,Suzanne,Request
Ruben_Smitham,Corbin,Reject
Eudora,Jammie,Reject
Milton_Oberbrunner,Adeline.Strosin,Accept
Ryder.Gerlach,Keara,Request
Garrick_West,Emerald,Reject
Earl_Trantow,Paris.Hammes,Reject
Treva,Edna.Considine,Accept
Bryce,Fiona,Reject
Leif.Larson,Emma_Hilpert,Reject
Jolie,Garrison,Accept
Larissa.McDermott,Jackeline,Accept
Kendrick,Ericka,Reject
Bertram.Trantow,Ora.Mosciski,Accept
Antonetta.Adams,Rylan,Request
Jacky_Hilll,Wallace.Ziemann,Reject
Pearlie,Hillard.Schroeder,Reject
Brittany_Tillman,Preston,Reject
Mandy_Jones,Dana_Moore,Reject
Mekhi,Buford_Torp,Accept
Germaine,Estell,Reject
Simone,Hellen,Accept
Alfredo_Pagac,Isai.Fisher,Request
Alysa_Koch,Eleazar,Reject
Isabelle_Ziemann,Joey,Request
Emmanuel,Dayton,Request
Nikko_Dooley,Paul,Accept
Devon.Donnelly,Neha,Request
Richard_Howe,Rhiannon,Request
Mackenzie_Gaylord,Alexa,Reject
Zachary_Schiller,Amos.O'Kon,Reject
Eliseo,Dedrick.Beatty,Request
Fernando_Ledner,Christa,Accept
Mohammed_Toy,Paxton,Request
Brayan,Henderson_Feest,Accept
Lera.Reinger,Carole_Fritsch,Request
Josefa.Hoeger,Kristofer.Reichert,Accept
Landen,Deron,Reject
Eloisa,Ulises.Feeney,Reject
Alena.Corkery,Christa.Miller,Reject
Grayson.Gottlieb,Dayne,Reject
Maida.Gerlach,Carissa.Bruen,Request
Marisol_Ratke,Esmeralda.Schultz,Reject
Bella,Elijah_Shanahan,Accept
Shaniya,Kaylee,Reject
Colten,Genesis_Heller,Reject
Jess,Christy,Request
Chyna,Adrian,Reject
Jayme.Feest,Ludie.Hoppe,Request
Demarco.Labadie,Sally.Schuppe,Request
Cayla_Hansen,Myrtle,Request
Bobby,Garland_Hilll,Accept
Cristina.Kuvalis,Lucious_Hamill,Reject
Michael,Christa_Shields,Reject
Burley_Hermann,Garrison,Reject
Sammy_Kautzer,Marjolaine,Accept
Karen,Raegan,Reject
Pasquale.Marquardt,Keyon,Request
Wava_Marks,Roel,Accept
Natasha.Connelly,Terrance,Accept
Edd.Bruen,Cali,Reject
Ivah,Barton_Hamill,Reject
Emmanuel_Balistreri,Jason.Bogan,Request
Jessy_Borer,Joanne,Accept
Ona.Thiel,Florian,Accept
Randal_Wehner,Linnie,Reject
Saige,Gerardo_Larkin,Accept
Caleigh,Ryann_Rogahn,Reject
Margret.Paucek,Bryce.Rath,Request
Elmira,Grant,Reject
Zackary.Lubowitz,Fannie,Accept
Warren,Elliot_Kirlin,Reject
Zora,Cecilia.Nolan,Accept
Ruben.Little,Kaylie.Dickens,Accept
Zachariah_Schulist,Madison_Schimmel,Accept
Nicolas.Hermann,Verner_Wiegand,Accept
Jarrett_Roberts,Kaylah,Reject
Karl.Mertz,Carmine_Greenfelder,Accept
Shana,Julian,Accept
Rupert.Koss,Glen,Request
Rasheed.Von,Everette,Accept
Wilford,Skye.Wunsch,Request
Tyrique_Wisoky,Althea.Bednar,Reject
Sebastian,Crystal,Reject
Carolyn,Hans,Reject
Brody,Delores,Reject
Jessyca,Marty,Request
Camron_Kling,Hailey_Weissnat,Reject
Rafael.Borer,Emilie_Breitenberg,Request
Marlin,Colt.Hirthe,Reject
Mikayla,Alfonzo.Feest,Request
Roma.Berge,William,Accept
Florida_Von,Osbaldo,Accept
Jamir.Tillman,Camille.Cole,Reject
Eloisa_Connelly,Andres_Bashirian,Reject
Marquis.Stanton,Cornelius_Kautzer,Reject
Sarina,Raheem.Cruickshank,Reject
Lindsey_Leffler,Percival.Kunde,Request
Emmett_Okuneva,Daphne_Leuschke,Accept
Robin,Ethyl.Osinski,Accept
Caitlyn.Mayert,Alexandria,Reject
Sylvia_Jenkins,Oswaldo,Request
Tyreek,Rose,Accept
Effie,Chaim.Considine,Reject
Titus.Runte,Geovany_Strosin,Accept
Augustine,Calista.Aufderhar,Request
Anderson.Brekke,Alice,Accept
Vallie.Barrows,Ellis,Accept
Wilfredo_Kemmer,Janis,Reject
Kasandra_Koelpin,Dangelo,Accept
Marian,Chance,Reject
Rosemary,Jessie,Reject
Lorna.Pouros,Emmanuel_Kuvalis,Accept
Tyree,Ezekiel,Accept
Verlie.Barrows,Imogene.Effertz,Request
Lou.Schneider,Sigmund,Reject
Jaida,Wilhelmine,Request
Mitchell,Emerald_Streich,Request
Elyse,Albert_Towne,Accept
Micah_Rutherford,Axel_Flatley,Accept
Mauricio,Omer_Luettgen,Request
Moses,Alf_Aufderhar,Reject
Margarita.Upton,Eve.Sipes,Request
Felix,Jordyn.Altenwerth,Accept
Joel_Macejkovic,Jeremie_Corwin,Request
Rashad.Sauer,Raegan,Accept
Micah.Johns,Gillian_Heller,Request
Amira.Brown,Kathryne.Wolff,Accept
Charlie,Bernard,Request
Sarai,Valentina,Request
Jimmy.Schroeder,Jarod_Bergnaum,Request
Stanford.Kessler,Donny_Ruecker,Accept
Arely,Zane.Torp,Accept
Antonia,Dorothy,Request
Giles,Iva,Reject
Myrtle_Gislason,Leatha,Accept
Aimee.Nienow,Ozella_Terry,Reject
Devan_Hamill,Beau_McClure,Accept
Melissa,Kaylee,Accept
Martine_Crona,Monty.White,Request
Destiny,Chloe_Streich,Request
Nova_Pouros,Wilhelmine_Reinger,Accept
Arlo.Kris,Augustine.Mann,Reject
Ross_Roob,Gisselle,Request
Dejon_Graham,Jany_Daugherty,Accept
Veda,Coty,Reject
Alden.Beatty,Lindsey,Accept
Grady,Camryn,Accept
Tiara.Durgan,Abner_Weimann,Request
Henriette.Romaguera,Carolyne,Accept
Dagmar.Swift,Golda,Reject
Marge,Zaria.Greenfelder,Reject
Tate.Metz,Austyn,Request
Gaston,Clair,Accept
Geoffrey.Hoppe,Loren_Nader,Reject
Marge.Ratke,Garrett.Mayert,Request
Cristal,August_Becker,Request
Darien,Ivory.Stark,Reject
Warren.Flatley,Sage,Reject
Kailee,Jared,Request
Zoila,Tomasa.Grady,Request
Sophie,Agnes_Luettgen,Accept
Ian.Senger,Dallas_Lueilwitz,Reject
Madilyn_Cummings,Vivianne,Accept
Jordon,Destiny.Cartwright,Request
Ward,Coby.Lueilwitz,Reject
Alex.Walker,Keon,Accept
Blanca.O'Kon,Ahmad_Marvin,Request
Laurence.Kihn,Lizeth_Maggio,Accept
Buford,Giovanny,Request
Amani.Robel,Jody,Reject
Hazel,Toy,Reject
Cortez_Price,Dante_Gutkowski,Reject
Kip_D'Amore,Michael.Walsh,Accept
Wilmer,Lauryn,Request
Erick,Tiana_Wintheiser,Accept
Noe,Marco_Dietrich,Accept
Marianna,Karianne_Shields,Request
David.Fadel,Brittany,Reject
Edgardo_Doyle,Harmony,Reject
Bill.McLaughlin,Davon,Reject
Ryann,Aurelie,Reject
Walker,Amir_Funk,Request
Vicky_Hettinger,Raymundo.McClure,Request
Flossie.DuBuque,Nona,Accept
Litzy.Cummerata,Felix,Reject
Haylee,Isaac,Reject
Karen_Dickens,Lucy_Heathcote,Reject
Stephen,Abelardo.Dibbert,Reject
Noe_Stamm,Alyson,Accept
Florian_Frami,Jannie_Wiegand,Request
Davonte,Margaret,Accept
Myrtle_Cruickshank,Cordia.Bahringer,Accept
Malika,Arvel.Bosco,Accept
Jadyn,Elna.Upton,Accept
Stan_Leannon,Tyreek.Zulauf,Accept
Cullen,Cynthia,Accept
Rodolfo.McDermott,Elnora_Boyer,Accept
Major.Beatty,Brooke,Accept
Felicia,Ardith,Accept
Easter,Gussie,Request
Jeromy,Norwood_Dicki,Reject
Retha.Cormier,Hadley,Reject
Grady.Ritchie,Marcus_Hane,Accept
Alexane,Carolyne,Accept
Jeanne,Geovanny.Nader,Request
Michel,Lesly.Dooley,Reject
Afton,Arne_Kessler,Request
Jillian_Lueilwitz,Billie,Request
Frances,Albin,Reject
Darwin.Monahan,Claudie_Kub,Accept
Randall.Gottlieb,Bernadine,Accept
Anika.O'Connell,Armando_Rolfson,Accept
Creola,Simone,Accept
Christy,Carole,Request
Deanna_White,Danielle_Paucek,Request
Charity,Antonette,Accept
Modesta_Lakin,Daniella_Osinski,Reject
Misty.Von,Ike_Jacobi,Accept
Pamela_Reichert,Arvid,Accept
Judah,Cordell,Accept
Edna_Feil,Jewel_Kautzer,Reject
Mallory.Towne,Chad,Reject
Jessika_Sporer,Terence.Bartell,Accept
Marilyne_Bins,Verdie.Schmeler,Accept
Aisha.Lynch,Karlie,Request
Ottis.Kilback,Shemar.Purdy,Request
Elisabeth_Leuschke,Kayli,Accept
Cordelia,Arden.Cassin,Accept
Earl_Connelly,Justyn,Request
Yvette,Francis_Romaguera,Accept
Marco,Hilton_Ritchie,Accept
Tanya.Jewess,Myah.Rau,Accept
Albin_Schiller,Angelo,Reject
Macy.Hermiston,Benton,Reject
Noelia,August,Reject
Franz,Moises.Botsford,Reject
Narciso.Corkery,Georgianna,Accept
Megane,Meggie,Reject
Eunice.Hamill,Tom,Accept
Lawrence,Lorena.Turner,Reject
D'angelo.Windler,Dane,Request
Kadin,Percival,Request
Briana.Heaney,Adella,Request
Jairo_Hand,Lynn,Request
Freddy.Grant,Danny,Accept
Kian,Sigmund,Request
Hilario,Christa,Accept
Travon_Hand,Mackenzie,Reject
Stephan_Kautzer,Vern,Request
Leta.Schaefer,Einar.Gibson,Reject
Lucie.Beer,Marisa,Request
Marietta,Reed,Accept
Leatha_Welch,Walker,Reject
Alfonzo.Nicolas,Alyce_Rosenbaum,Accept
Florine.Sporer,Yazmin,Request
Brenden,Lolita_Corkery,Request
Johathan,Lou.Frami,Reject
Mafalda_Labadie,Jeffry,Accept
Junius.McKenzie,Ernest,Reject
Vella_Hickle,Gavin_Wuckert,Request
Melody,Saul_Kovacek,Request
Lou.Frami,Morris_Harris,Accept
Janae_Douglas,Virgie.Ankunding,Request
Ford,Randal,Request
Isadore.Thiel,Chelsea,Reject
Jayce.Johns,Gianni.Franecki,Reject
Elliott,Giles_Monahan,Reject
Lelah,Wade_Gottlieb,Request
Harrison,Judge.Kub,Request
Ara,Margaret,Accept
Freeman.Howe,Edwina.Reichel,Request
Henry.Stroman,Demond_Veum,Request
Laverna,Trinity,Accept
Tom,Carlotta.Quigley,Accept
Kyla_Rau,Jillian.Roberts,Accept
Emerson_Wehner,Tyra_Macejkovic,Accept
Webster,Kristian,Reject
Rita,Victoria,Accept
Maryjane_Marvin,Unique_Zieme,Accept
Garret_Simonis,Shaniya,Request
Felix_Ritchie,Baylee.Waelchi,Request
Betsy.Glover,Xavier_Lynch,Reject
Woodrow.Cassin,Emmanuel_Balistreri,Accept
Freeda,Florian_Cole,Reject
Roxane,Noemy_McGlynn,Accept
Maddison.Muller,Rose.Thiel,Request
Winifred,Jennings_Lynch,Request
Marcus,Donato,Reject
Roberta_Block,Arnoldo,Request
Larry,Maverick.Beatty,Reject
Lora,Antonette_Hilpert,Accept
Nannie,Lincoln,Reject
Tyra_Barton,Garrison,Reject
Susie,Justen_Hessel,Reject
Elbert_Schimmel,Mariano_O'Hara,Reject
Saul_Kovacek,Rory.Skiles,Request
Patricia,Destini_Hirthe,Reject
Axel_Swift,Rick,Request
Cloyd.Stanton,Amy,Accept
Isai,Schuyler_Hand,Accept
Joseph_Lesch,Ruthe_Cole,Reject
Pansy_Wisozk,Darius,Reject
Marcelino_Lubowitz,Rylan_Stamm,Request
Antonia_Pacocha,Esmeralda,Request
Reta.Mitchell,Guillermo,Reject
Jordy,Violette,Request
Trycia.Littel,Louie,Reject
Rodrick.Reichel,Deondre_Kemmer,Accept
Jaden.Okuneva,Serena,Accept
Ettie_Rohan,Giovani_Flatley,Accept
Domenic.Mosciski,Moises.Botsford,Accept
Hosea,Dovie_Mueller,Request
Annie.Paucek,Joey,Request
Lavinia.Simonis,Delaney.Ondricka,Request
Onie,Jayson,Request
Jesse,Layne,Reject
Penelope_Padberg,Floy.Beier,Accept
Rosetta,Liana.Gerlach,Request
Woodrow.Block,Annette.Fisher,Request
Jovanny,Jarod,Accept
Elwin_Littel,Amos,Accept
Dexter.Kuphal,Destini.Kassulke,Accept
Brock,Taryn,Reject
Theresa,Johnpaul_Turcotte,Request
Elva,Maude,Request
Dortha_Bruen,Marty_Stroman,Request
Oma.Zulauf,Yasmeen_Grant,Reject
Ken,Icie,Request
Kenya_Jakubowski,Tess,Request
Terence,Ed,Reject
Evie,Einar.Jast,Request
Greta,Jazmin,Reject
Roger,Jonathan.Douglas,Reject
Ben_Rippin,Reynold.Gerhold,Accept
Wilhelmine,Maggie_Skiles,Request
Johan_Bogan,Vallie.Barrows,Reject
Bulah_Ferry,Micheal.Keeling,Reject
Lacey,Christina_Lemke,Request
Demetrius,Gerald,Request
Jayde,Wyatt_Shanahan,Reject
Daphne,Ryley.Gaylord,Reject
Stefan,Aliyah.Jacobson,Request
Coby.Lueilwitz,Mekhi_O'Reilly,Accept
Kieran_Greenholt,Nathen,Reject
Helena_Hessel,Rhiannon,Request
Roscoe,Nettie,Accept
Laurie_Fisher,Alta_Ortiz,Request
Asha.Kutch,Amalia.Rutherford,Reject
Colton,Deron_Gibson,Request
Michale,Jalon,Accept
Urban,Tyler,Reject
Carroll,Shanie,Request
Frederic,Kayden.Bernier,Accept
Gilbert_Macejkovic,Danielle,Request
Conner.Rodriguez,Edmond,Request
Lexie.Skiles,Eugene,Reject
Estel,Otto,Request
Lionel,Onie,Accept
Benedict.Harvey,Marshall,Accept
Stephan.Waters,Mossie_Effertz,Request
Athena.Kohler,Karley.Reinger,Accept
Kylee,Isabelle.Johns,Accept
Sandra_Fritsch,Frederik,Accept
Cade_Rippin,Abigale,Reject
Ryder_Muller,Wyman,Accept
Alfonzo_Goldner,Faustino,Accept
Clark.Hackett,Sterling,Request
Rowan,Lizeth,Reject
Irma_Bosco,Gust_Heaney,Reject
Lionel_Johnson,Jarret.Russel,Reject
Sonia,Candido_Flatley,Reject
Adelbert_Cole,Garrett.Hauck,Reject
Dillon_Emard,Santos,Reject
Avis_Rau,Keven_Boyle,Reject
Milo,Theo.Sporer,Request
Lionel_Hansen,Marcelo.Ankunding,Request
Jaycee,Bud.Hackett,Request
Ewald,Liliane,Accept
Max,Kyleigh.Beier,Request
Shanny.Zemlak,Misael,Request
Ebony,Athena.Kohler,Reject
Orion.Marquardt,Trent_Cole,Accept
Jadon.Hilll,Camylle_Christiansen,Accept
Mathilde.Bayer,Linnea.Swift,Reject
Isaias.Cummerata,Bernice,Accept
Rubie,Woodrow,Accept
Friedrich.Hane,Melvina.Veum,Accept
Rubye,Kirsten,Accept
Natasha,Virgie_Mann,Accept
Myrna.Orn,Josephine,Reject
Kavon,Cristina,Reject
Vivianne,Luther_Rosenbaum,Reject
Orin_Altenwerth,Eino,Reject
Murray_Bogisich,Milford,Accept
Niko,Garrison.Koelpin,Accept
Hugh,Leonor.Auer,Reject
Merlin,Simone_Predovic,Request
Rafaela_Hirthe,Alphonso,Reject
Bobbie_Schowalter,Toy_Klein,Accept
Dewitt,Ephraim,Accept
Waino,Mikel,Accept
Luella.Kertzmann,Abdullah.Swaniawski,Request
Tia_McClure,Marcus,Accept
Lane,King.Corkery,Request
Kade,Dewayne_Jaskolski,Reject
Bud,Dasia,Accept
Juanita,Creola.Bayer,Accept
Ismael,Madelynn,Request
Crawford.Hills,Alejandra,Reject
Ashley.Corwin,Jillian.Roberts,Reject
Meaghan,Javon.Mitchell,Reject
Alberto,Kristofer,Reject
Alisa,Tianna.Renner,Request
Mia.Ankunding,Antonina_Rohan,Reject
Gerry,Flossie,Accept
Bettye,Robb,Accept
Dion_Kilback,Brody.Hudson,Reject
Emmie,Pedro,Request
Avis.Upton,Saige,Reject
Elyssa.Upton,Jorge,Accept
Norris_VonRueden,Teresa,Reject
Crystal.Koch,Hilma,Reject
Micah,Nedra.Schmidt,Reject
Teagan,Rudolph,Accept
Alyson.Durgan,Alia.Weimann,Request
Beverly_Treutel,Rudolph_Stroman,Reject
Felicity.Heller,Gerhard,Request
Rosalind,Savanna,Reject
Mylene_Jacobs,Lacey,Request
Abdiel.Torp,Laurine.Trantow,Reject
Raegan,Aletha.Welch,Reject
Laurine,Lavina.Smith,Request
Leonardo.Bednar,Margret.Watsica,Reject
Gardner.Leannon,Zachary_Kemmer,Request
Pattie,Colton,Request
Shirley_Hoeger,Delta.Toy,Request
Brielle,Marlon.Spencer,Reject
Alexandro,Betty,Request
Myah,Mario,Request
Emilia,Allison.Boyer,Reject
Raven,Cody,Request
Hardy,Amelie_Cummerata,Request
Tracey,Elian_Parisian,Request
Roxanne,Griffin,Request
Marcos.Stanton,Khalil.Cormier,Accept
Tessie_Rowe,Magnus.Powlowski,Accept
Cornell.McDermott,Wade.Gusikowski,Request
Paolo_Schumm,Al,Reject
Prudence_Kunze,Kayley.Cruickshank,Reject
Estella,Corbin,Request
Ruben.Blanda,Ryley_Reichel,Accept
Shaun,Talon,Reject
Westley.Monahan,Troy,Request
Holden_Gottlieb,Candelario,Accept
Karelle.Cruickshank,Juwan,Reject
Maude_Pfannerstill,Athena,Request
Krystina,Willis.Adams,Request
Emelia,Leann,Accept
Eladio_Kuhn,Hannah_Lesch,Reject
Monte.Olson,Kurt_Abshire,Request
Modesta_Wolff,Marjolaine.Littel,Reject
Charley_Sporer,Dorthy,Accept
Newton.Muller,Emanuel_Kovacek,Request
Shanie,Stewart,Reject
Rene.Jacobson,Amelie_Carroll,Request
Ramiro,Scotty.Ledner,Request
Berneice,Ward,Request
Greg.Gorczany,Layla.Schoen,Accept
Devon.Lebsack,Jennifer,Accept
Kole.Littel,Carmine.Weimann,Reject
Jeramy.Beer,Salvatore_Grimes,Request
Nya,Omer,Reject
Lorna,Sharon,Request
Dana_Braun,Misael,Request
Yasmine.Lemke,Leta,Request
Clemens_Bergstrom,Lera,Accept
Edmond,Mattie_Lesch,Accept
Lurline,Morgan_Altenwerth,Request
Mireille.Sanford,Nayeli_Lubowitz,Request
Deanna.Mohr,Javonte_Brown,Request
Donato,Kathlyn_Stehr,Request
Marianna.Balistreri,David_Heidenreich,Reject
Jacynthe,Dax,Request
Dashawn_Hilpert,Dorthy.Nitzsche,Request
Bessie_Lynch,Fay_Bogan,Reject
Vergie,Brooke,Accept
Jesus_Bernier,Aileen_Wilderman,Request
Leann.Wintheiser,Furman_West,Reject
Carrie.Davis,Fausto_Ankunding,Reject
Dejon_Little,Fausto_Boyle,Accept
Alia.O'Kon,Osvaldo,Reject
Zane_Gutkowski,Camden,Accept
Kelsi,Bryana.Rice,Request
Prudence,Niko,Accept
Trenton.Littel,Timmothy_Gleichner,Accept
Rickey_Lehner,Solon.Simonis,Request
Americo_Purdy,Roberta_Block,Request
Leonel.Veum,Kraig.Shanahan,Reject
Kamille,Myron.Deckow,Reject
Carole.Wunsch,Cordelia,Accept
Jay,Cathy,Request
Jayne,Mitchell,Accept
Alexandria,Colten,Request
Anastacio,Korey.Heller,Request
Allene_Kshlerin,Candace,Accept
Wilhelmine_Goyette,Mitchel.Harvey,Reject
Kody,Trudie_Kozey,Reject
Leone.Block,Claudia_Mills,Reject
Helmer.Murray,Ariel,Reject
Evert,Leonardo.Ernser,Accept
Darion,Brannon_Strosin,Accept
Michael_Morissette,Rashad,Reject
Merle.Nikolaus,Patricia,Accept
Brant.Koepp,Gudrun,Request
Eusebio.Gerlach,Ryder,Reject
Reginald_Ledner,Twila,Reject
Kaitlin,Alejandrin.D'Amore,Reject
Mara.Bode,Pansy,Accept
Cedrick,Alia_Satterfield,Reject
Rosalyn,Roslyn_Stroman,Request
Montana.Tremblay,Derick,Reject
Zetta_Feest,Helmer_Wisoky,Request
Albertha,Mertie,Request
Enrico,Merle,Reject
Kevon,Vernon,Reject
Eva,Bart_Cormier,Accept
Bartholome,Marquise_Quigley,Request
Emanuel_Kovacek,Kallie.Klein,Reject
Bruce.Beahan,Katrine,Accept
Caterina,Ola_Farrell,Reject
Stefanie.Baumbach,Maximillia,Request
Keagan,Baron_Carter,Reject
Jamel_Rau,Devon,Reject
Annalise,Antwan,Accept
Nestor,Max,Request
Howard,Abigayle.Krajcik,Reject
Alvena,Tatyana.VonRueden,Accept
Lempi,Maggie,Request
Yazmin,Conrad,Request
Sherman.Klein,Llewellyn_Kassulke,Reject
Aurelio,Nicolas.Koepp,Request
Noemi.Gulgowski,Elliott_Nolan,Accept
Destiny_Watsica,Kaylin,Request
Sandrine.Ratke,Thomas,Accept
Marielle,Rigoberto_Cronin,Accept
Toby.Dickens,Damion.Harris,Reject
Norris.Veum,Ivah,Request
Heather.Rau,Adah.Bauch,Reject
Icie_Ullrich,Gus.Harber,Request
Jeanette,Charity,Request
Brittany,Gabe.Carter,Accept
Jeff,Autumn_Lynch,Accept
Brett,Dee.Lehner,Accept
Buford.Yost,Lucious,Reject
Chaya,Emilie_Ledner,Reject
Billie,Leann,Request
Aubrey,Ruby,Accept
Nathan,Chaim,Reject
Dolly_Bernier,Talon,Request
Dock,Amani.Stracke,Accept
Rafael_Leannon,Johnson,Request
Kobe_Schulist,Anika.O'Connell,Reject
Kurt,Chelsey,Accept
Bethel.Champlin,Erick,Request
Agnes_Gorczany,Ibrahim,Request
River,Carolina.Thompson,Request
Lorena.Daniel,Norris,Request
Zul,Maude,Accept
Jules.Rau,Jennie,Reject
Justyn,Vita,Reject
Jerel_Green,Jillian,Reject
Demarcus,Noah_Leannon,Request
Hermann.Hegmann,Cooper,Request
Travis,Anita,Reject
Arnulfo,Madison_Stark,Accept
Cassie_Pollich,Ursula,Reject
Imelda_Hayes,Macey.Mayer,Accept
Alexandro.DuBuque,Chance,Accept
Alene.Doyle,Coy.Lesch,Reject
Otto_Mueller,Nigel,Reject
Salvador.Gerhold,Oran_Romaguera,Accept
Shanny,Leola,Reject
Gunnar_Lehner,Barry,Request
Shania,Abbey,Request
Nayeli,Jaqueline,Request
Tony.Cronin,Eldora_Parisian,Request
Lacy,Felicita,Accept
Lavonne,Nedra_Batz,Reject
Myra,Diana_Homenick,Reject
Amiya_Mayer,Cordia,Request
Lily_Sipes,Jaunita,Reject
Hassie_Hagenes,Kelly,Reject
Alexandra,Dayne_Kreiger,Accept
Liana,Madilyn_O'Reilly,Reject
Tracy,Kobe.Gibson,Request
Isabella_Miller,Kitty,Request
Amina,Kelsi,Accept
Ella,Chyna.Reichert,Reject
Madalyn_Hahn,Lourdes.Terry,Request
Evangeline_Greenholt,Sandrine,Accept
Jayde_O'Keefe,Tessie.Gleason,Reject
Della,Karine_Swift,Request
Kailyn_Ratke,Hillary,Request
Theodora_Altenwerth,Carson,Request
Margret,Ida,Request
Dorian,Ryleigh,Accept
Kristoffer.Considine,Cara.Ankunding,Reject
Kennith,Isabelle,Request
Myrl_Hilpert,Lilla_Hayes,Accept
Wyatt,Ethyl,Reject
Mitchel_Bernhard,Augustine_Dibbert,Accept
Jamar.Flatley,Corbin,Accept
Emilio,Eulalia,Request
Jedediah_Block,Emmalee.Runolfsdottir,Reject
Constance.Wisozk,Jerrod,Reject
Juliet.Pagac,Evalyn,Reject
Maynard,Rylan.Rippin,Accept
Ellis_Hammes,Margret_Marks,Request
Fredy.Pfannerstill,Pablo.Bogan,Request
Karine_Doyle,Jettie.Nikolaus,Reject
Dayana,Vivianne,Reject
Kristina_Reilly,Edyth_Abbott,Accept
Rusty.Watsica,Everardo,Accept
Alan.Gaylord,Chance,Reject
Uriah_Lueilwitz,Thelma,Accept
Margie,Guiseppe_Hauck,Accept
Brenda.Cremin,Libbie_Wisozk,Request
Christophe,Brionna,Accept
Nick_Conroy,Elmer,Reject
Kiera,Cindy,Accept
Hillard,Jaeden,Request
Griffin,Kaleb.Heller,Request
Whitney.Bechtelar,Heath_Block,Request
Rafael_Lemke,Demetrius,Reject
Vito,Gisselle,Reject
Lelia_Waters,Alverta,Reject
Katlynn_Nienow,Beau.Runolfsson,Reject
Alverta,Jodie,Reject
Tyree_Welch,Stanley_Considine,Reject
Johnny,Fay,Reject
Alden_Effertz,Alvis,Accept
Webster.Kihn,Laverna,Reject
Enos_Wintheiser,Marisol.Purdy,Reject
Donny,Blair_Blanda,Request
Anastacio_Mueller,Desiree,Reject
Dion_Hamill,Fleta,Request
Darryl.Brakus,Bradly.Stroman,Accept
Roselyn,Walter,Accept
Pierre_Nicolas,Carmella,Reject
Modesto.Haag,Rigoberto,Accept
Jaime_Rohan,Julianne.Heathcote,Request
Charity.Sauer,Marilie,Accept
Eulah,Kamille_Oberbrunner,Reject
Ila.Ullrich,Isabella_Tremblay,Request
Golda,Stephan_Schowalter,Reject
Jaquan.Gislason,Eliza_Brown,Request
Orpha_Jones,Corene,Reject
Ryley_Roob,Brenna.Feil,Reject
Mertie,Faye,Reject
Liliane,Clinton_Kulas,Request
Arlie.Hansen,Alvina,Reject
Sigrid.Kling,Jeffery,Request
Thad.Harber,Zechariah,Accept
Eulalia,Tyra_Macejkovic,Request
Genevieve,Murphy_Swaniawski,Request
Tre,Vernice_Sawayn,Request
Lauretta.Considine,Clint_Mayer,Accept
Estefania.Monahan,Sigurd,Reject
Sabrina_Steuber,Leo_Lakin,Accept
Aidan,Jude,Request
Jana,Trisha.Doyle,Accept
Hank.Bogan,Steve,Request
Jannie_Robel,Chadrick_Skiles,Request
Mireya,Margarita,Accept
Ulices.Macejkovic,Moses,Accept
Rafaela,Ulices_Russel,Accept
Norwood,Isabelle.Johns,Reject
Luciano.Weber,Stanley,Reject
Lisette.Schroeder,Nola,Accept
Bradford.Bernhard,Clifton.Kirlin,Reject
Ashley_Stracke,Cecile_Smitham,Reject
Rosanna,Onie,Reject
Susana_DuBuque,Lucio,Accept
Johanna,Virgil,Request
Giovanny_Bruen,Aiyana,Reject
Ben.Schmidt,Selena_Wintheiser,Accept
Guy.Kris,Leon.Ward,Accept
Jared,Mariela_Crona,Request
Annie,Cathrine_Lebsack,Accept
Ansley_Gorczany,Colten,Accept
Zelda_Towne,Harold,Reject
Alyce,Susie.Krajcik,Accept
Sean.Rosenbaum,Kyleigh,Reject
Rosalyn.Keebler,Janiya,Reject
Glennie.Carroll,Daisha,Reject
Magdalen_Feil,Idella,Request
Eldora_Parisian,Gudrun,Accept
Daisha,Kevin,Request
Norris_Haley,Santa,Request
Stuart_Grant,Cesar,Reject
Antonetta.Hauck,Lorenz,Reject
Desiree_Schroeder,Ashlee,Reject
Lane.Ondricka,Odessa_Ortiz,Reject
Maiya_Jacobs,Rick,Reject
Otha,Wanda,Reject
Lilla.Adams,Amya,Request
Lavern.Abbott,Bud.Kertzmann,Request
Lane_Konopelski,Guillermo,Request
Alejandrin,Cecile_Legros,Accept
Westley_White,Mabel,Reject
Felicita,Autumn.Rolfson,Request
Alexis.Davis,Austen_Harvey,Accept
Marcellus,Harrison,Reject
Fanny,Brendon,Reject
Jayson.O'Conner,Claudie,Request
Annabel,Kacey_Parker,Request
Alessandro.Mann,Gina.Quigley,Request
Herbert.Graham,Emmy.Ebert,Reject
Gracie_Grant,Barrett,Reject
Donald,Serenity.Buckridge,Request
Mia,Brigitte_Strosin,Reject
Kristoffer.Koelpin,Dino,Accept
Kian_Harris,Beryl_Trantow,Reject
Laila,Rolando,Accept
Elijah.Russel,Adah,Accept
Rasheed,Garrett_Zieme,Request
Willie.Howe,Mazie,Accept
Ardella.Kulas,Theresia,Request
Marco_Schumm,Kaci_Parisian,Reject
Rowan_Sporer,Erling,Request
Aurelio.Douglas,Leta.Shanahan,Request
Georgiana_Beier,Johanna_Durgan,Request
Luther_Weber,Esta,Request
Golden,Mateo.Wisozk,Request
Rosendo.Graham,Trace.Koss,Accept
Jedidiah,Alia,Request
Maurice.Hettinger,Derick_Jewess,Accept
Lina.Durgan,Maxine,Reject
Jerald_Hintz,Michael.Walsh,Accept
Phoebe_Kemmer,Percy,Accept
Brianne.Bradtke,Wilbert,Request
Jimmie.Kreiger,Kelton.Keebler,Reject
Kira_Windler,Edgar,Request
Wilford_O'Kon,Allie,Reject
Rozella.Emard,Ethelyn,Accept
Lulu,Isom_Reynolds,Reject
Dalton.Keeling,Destany,Accept
Mina,Weldon_Williamson,Accept
Anna.Koss,Alyce_Russel,Accept
Autumn,Mike_Gleichner,Request
Mercedes,Meagan_Dicki,Reject
Elliott_Trantow,Aurore_Lubowitz,Reject
Maybell,Furman.Considine,Accept
Martina.O'Reilly,Cayla,Accept
Anne,Angelita,Accept
Elisha,Zackary_Medhurst,Request
Eusebio,Rosalyn_Barrows,Request
Connor,Ryann,Request
Nestor_Hegmann,Maud_Bogisich,Accept
Serena,Aron_Grady,Reject
Charlie_Braun,Crystal,Reject
Ila,Elise_Bauch,Reject
Ashlee_Bauch,Ebba_Runte,Accept
Henry_Ratke,Jordyn.Dibbert,Reject
Jacinto.Auer,Pasquale.Emard,Reject
Kylie,Jana,Reject
Berta,Sammie.Little,Accept
Euna.Hessel,Katharina,Reject
Noah,Hollie,Accept
Abigail.Guªann,Damion.Harris,Accept
Orion,Ozella,Accept
Monte.Fisher,Dennis_Cummerata,Request
Dax_Hayes,Tyrel,Reject
Kayley_Koepp,Lamar_Eichmann,Accept
Karson_Fahey,Evie,Request
Darwin_Crona,Clifford,Reject
Deontae,Napoleon,Accept
Brandyn_Runolfsson,Meggie,Accept
Cody,Aletha_Baumbach,Reject
Emily,Albina.Morissette,Accept
Cali,Emile.Kulas,Accept
Edwin_Bechtelar,Darrin.Kuphal,Request
Kaden_Legros,Alanna,Request
Dora_Daugherty,Andres,Reject
Gina,Kirk_Kuphal,Reject
Jacey.Glover,Adriana,Reject
Ellsworth,Valentin,Accept
Camila.Franecki,Jamil,Reject
Maudie_Torp,Boris_Romaguera,Reject
Mohamed,Jeanne.Spinka,Request
Destinee,Javon,Accept
Efrain.Schimmel,Mario,Reject
Grady.Pacocha,Morgan,Reject
Jarrett,Deonte.Hills,Request
Noel.O'Conner,Karianne.Steuber,Request
Damon,Curtis,Accept
Ellsworth.McClure,Troy,Accept
Nadia,Maribel,Reject
Abigayle,Bo,Accept
Amalia.Rutherford,Micah_Zboncak,Request
Raymundo,Hoyt_Larson,Request
Emma.Trantow,Jermaine,Accept
Catharine.Kautzer,Imelda_Jacobs,Accept
Jonatan,Karlee_Lehner,Reject
Delaney_Balistreri,Gardner_Adams,Request
Julio,Baron,Accept
Gayle,Myah,Accept
Polly_Daugherty,Clyde,Accept
Glennie,General,Accept
Reymundo_O'Kon,Tobin.Waters,Accept
Cordelia.Schamberger,Genevieve,Accept
Antwan.Hudson,Alene_Bergstrom,Reject
Marjory,Alvina,Request
Camron.Schiller,Krystina_Watsica,Request
Colton_Morar,Nestor,Request
Manuel,Janelle,Request
Janie,Tina,Accept
Leone,Donnell_Pfeffer,Accept
Stephon.McClure,Maryse_Gibson,Accept
Jedediah.Hane,Silas.Stamm,Request
Coy,Pablo_Wilderman,Reject
Ilene.Herzog,Kaitlin,Accept
Kathlyn_Stehr,Leonor_Torphy,Reject
Jabari.Murray,Everett.Sauer,Accept
Torrey_Renner,Eddie,Reject
Lily,Watson,Request
Leo_West,Herta,Accept
Cristian,Catherine_Feil,Accept
Esta,Arianna.Konopelski,Accept
Baby_Lakin,Brenna.Mosciski,Accept
Vaughn.D'Amore,Noble,Accept
Vincenza_Ernser,Ozella_Bauch,Accept
Tianna,Hanna,Request
Nathaniel,Vaughn,Request
Angeline.Crooks,Laury.Donnelly,Request
Lamont_Kreiger,Kenya,Reject
Mabel,Evan,Accept
Erling_Weimann,Joseph_Effertz,Accept
Jean,Elvis.Cummings,Reject
Georgette.Medhurst,Lizzie.Gerhold,Reject
Rosalia,Mayra,Request
Adonis.Stehr,Mariah.Lebsack,Accept
Ezra.Yundt,Tyrique_Wisoky,Reject
Price.Fisher,Stone.Gutkowski,Reject
Lucas.Nicolas,Jarrett,Request
Helen,Manuela.Olson,Accept
Santina.McKenzie,Gina.Walker,Reject
Davion_Gottlieb,Holden,Request
Antone_Kilback,Stephon.Brakus,Reject
Tyrique,Adolphus_Heidenreich,Accept
Beryl_Watsica,Roosevelt.Towne,Reject
Celestino,Colten_Bahringer,Accept
Zoey_Weimann,Rosie,Reject
Gabe_Bashirian,Lori,Reject
Makenzie.Marvin,Elyssa,Reject
Bryana,Katelin.Adams,Request
Santiago,Alexane,Request
Allen.Thompson,Alexanne,Accept
Deondre,Domingo_Schowalter,Accept
Jamel.Satterfield,Cindy_Hills,Reject
Hilda,Eugenia,Accept
Ansley,Eldridge,Accept
Misael_Tremblay,Sabryna.Dickinson,Request
Gino_Jenkins,Kiel.Kihn,Accept
Lucio.Vandervort,Raphael,Reject
Bernardo,Alden_Effertz,Accept
Brice.Kautzer,Reba,Request
Demarco,Edyth,Accept
Madalyn,Lourdes,Reject
Brady.Mitchell,Katlyn,Request
Iva,Therese,Request
Keyon.Kunde,Keaton,Accept
Lyda,Ron.Schumm,Reject
Deja.Parker,Ivory.Stark,Request
Jazmyn.Nicolas,Lorenza_Howe,Request
Bria.O'Reilly,Verla,Request
Sonia_Mueller,Quincy.Rutherford,Accept
Finn,Bryce.Rath,Request
Dillan,Irma_Harris,Accept
Wallace,Lura,Request
Mckenzie_Ratke,Jedidiah_Jerde,Request
Newton.McDermott,Henri,Accept
Melvin.Raynor,Selmer.Windler,Accept
Christian,Ronaldo,Request
Ceasar.Schoen,Gail,Accept
Ansel,Julian,Accept
Mary.Halvorson,Marion_Nikolaus,Request
Adriana,Keith.Gusikowski,Request
Jerald,Jewell,Request
Jeremie,Claud.Renner,Reject
Foster_Stanton,Wilmer,Accept
Bridget,Cara_Bartell,Request
Nyasia.Block,Gage_Bednar,Accept
Emilie,Adolfo.Will,Reject
Brian,Lyla_Auer,Accept
Uriel.Thompson,Ryley,Request
Melyna,Kaya.Thiel,Accept
Myrtie_Yundt,Cheyenne.Russel,Reject
Milton,Jamey_Runte,Request
Javon_Braun,Viviane,Request
Marty.Frami,Sid.Mayer,Request
Rusty,Alanna,Request
Thelma,Shaina,Request
Domenica,Quentin,Request
Lucinda.Bednar,Kari.Gulgowski,Request
Eloy_Casper,Omer,Reject
Reinhold,Caterina.Blanda,Reject
London.Metz,Armand,Reject
Erna,Kristofer,Request
Luis.Borer,Genoveva_Schaefer,Request
Vernon,Weston_Swaniawski,Request
Kaylin,Edmund.Keebler,Request
Karson.Jewess,Adam,Request
Ceasar,Stephen,Reject
Michel.Paucek,Dimitri,Accept
Foster,Alexandra_Stroman,Reject
Lavada,Aidan_Orn,Request
Margarita,Karlee_Lehner,Accept
Gina_Quigley,Hulda_Wolff,Accept
Jaycee_Daniel,Dominique.Herman,Accept
Juana,Americo,Reject
Alvena_Kessler,Raquel_Moore,Request
Brenda,Priscilla,Reject
Elisha_Roob,Dawn,Accept
Virginia.Waelchi,Jedidiah_Jerde,Reject
Misael,Amos,Accept
Casey,Dixie_Waters,Request
Hillard.Schroeder,Larissa,Request
Javier_Price,Linnie,Request
Shanna,Riley.Quigley,Request
Athena,Haley,Request
Vickie.Purdy,Madelyn_O'Kon,Request
Jasper_Sauer,Hillary,Reject
Wilbert_Little,Eduardo_Balistreri,Request
Helmer.Smith,Jana_D'Amore,Request
Demarco_Kerluke,Hildegard,Request
Matilda,Berneice,Request
Alivia_Gleichner,Hanna_Becker,Reject
Morton.Pfeffer,Verdie_Paucek,Reject
Danyka,Reginald,Reject
Cassidy,Lorena.Daniel,Request
Gerhard,Robin,Request
Zoe_Bogisich,Penelope,Accept
Lucious_Altenwerth,Elwyn,Reject
Keegan.Witting,Cecil.Becker,Request
Aliyah_Farrell,Ramon.Rippin,Request
Orrin,Devonte,Request
Ora,Anabelle,Accept
Marian_Murphy,Jeremy,Accept
Rosalee,Merle.Jaskolski,Accept
Ima.McClure,Michaela,Reject
Madilyn_O'Reilly,Devan_Hamill,Reject
Joaquin_Kris,Josefa,Accept
Cooper,Sven,Accept
Carmela,Gracie_Grant,Accept
Tod,Trystan,Accept
Joe_Lubowitz,Christian,Reject
Rhoda_Larkin,Jess,Request
Kyler.Rodriguez,Bradford.Blanda,Request
Ashley,Martin.DuBuque,Reject
Lorenz.Hessel,Kaitlin,Request
Michael.Walsh,Stefan,Reject
Melody_Hand,Patricia_Barton,Accept
Vivien,Linwood.Blick,Reject
Quinton,Tessie,Accept
Albert,Mya_Heller,Reject
Mabelle,Brian,Request
Sean,Roderick,Reject
Luigi_Ruecker,Nola_Frami,Accept
Carlie,Alberto,Request
Lyla,Erich_Johnson,Request
Devonte.Pacocha,Jaime_Rohan,Request
Samson.Hodkiewicz,Giovanni,Reject
Verner.Bartoletti,Jerald,Request
Hassan_Kohler,Ed,Request
Keely.Marks,Bradly,Accept
Adolphus,Devan,Reject
Julio_Bartoletti,Lurline,Reject
Rodrick,Daryl,Reject
Kirstin_McKenzie,Rex,Accept
Fleta,Ryleigh_Rice,Request
Whitney.Keeling,Valerie,Request
Sigmund_Buckridge,Jamir_Maggio,Reject
Cornell,Cristian_Veum,Reject
Jerrell.Borer,Angelita.Lynch,Reject
Cassandra,Kay,Request
Justen,Renee_Bartell,Accept
Leon_Prosacco,Rodrigo.Emard,Accept
Alexis_Kuphal,Diamond.Krajcik,Reject
Rosa,Jamie.Witting,Request
Sheridan,Patience,Accept
Sunny_Maggio,Erik,Accept
Shanel.Nikolaus,Orin,Reject
Marta.Adams,Harry,Reject
Janis,Nellie_Weimann,Accept
Major,Raina.Glover,Request
Alex.Hayes,Carlee,Reject
Marilou.Schiller,Trycia.Lakin,Request
Mozelle_Cremin,Liana.Berge,Reject
Leslie.Ankunding,Royal,Request
Nina.Beatty,Carmel,Reject
Emil_Hyatt,Sheila.Sipes,Request
John,Aylin,Accept
Monte_Simonis,Mireille_Schumm,Accept
Trenton_Robel,Marcelo,Accept
Khalid_Bernhard,Lukas,Request
Adelbert,Buck,Reject
Mazie,Bernadine,Reject
Alayna_Erdman,Cassandre_Metz,Accept
Allene,Flossie.Green,Reject
Ashleigh.Murray,Mack,Accept
Chad_Dietrich,Josue,Accept
Antwan,Name_Cummings,Request
Alvina,Rigoberto,Reject
Terry.Macejkovic,Zachary.Langosh,Reject
Lilian.Murray,Geo,Request
Magdalena,Roderick.Leuschke,Request
Wilfredo_Walter,Ola,Request
Rosella.Dach,Verlie,Request
Missouri,Piper_Aufderhar,Reject
Kristin.Armstrong,Alexanne.Kulas,Request
Tessie_Ferry,Rosella,Accept
Laura,Bradley_Marquardt,Accept
Liza.Rippin,Christy,Reject
Gaylord,Bradford,Reject
Luz.Sawayn,Korey.Heller,Request
Desmond.Jaskolski,Coleman_Orn,Request
Ada_Eichmann,Jameson.Smith,Reject
Linnie.Purdy,Elna,Request
Shea.Waters,Addison,Accept
Jo,Helene.O'Connell,Request
Skyla,Clementine_Bahringer,Accept
Rosamond,Celestino,Reject
Jamaal.Boehm,Carmine.Schuster,Accept
Meghan,Aiden.Swaniawski,Request
Ashleigh,Reina.Sanford,Reject
Ivy.Russel,Newton.Muller,Accept
Alivia.Dietrich,Larue,Reject
Louvenia,Lexie.Schmitt,Request
Nolan,Lelah.Ward,Request
Kara,Adaline.Sawayn,Reject
Kobe_Roob,Elna,Accept
Kyle,Adrienne,Request
Oren,Giuseppe,Request
Jayce,Katrine,Accept
Lavonne.Schmeler,Amya,Reject
Lavon.King,Marcia,Reject
Tia_Feeney,Vernon_Schneider,Request
Tobin,Phoebe_Kemmer,Reject
Julia,Delphia.Kiehn,Reject
Melba_Balistreri,Damion.Donnelly,Request
Elissa,Theresa,Accept
Rosanna_Beahan,Crystal,Reject
Jayden,Davon,Request
Malcolm_Heaney,Wallace.Bode,Reject
Terence.Lind,Tressie,Accept
Raquel,Rachelle,Reject
Raquel.Breitenberg,Edyth.Zulauf,Reject
Selena_Kiehn,Thomas_Rosenbaum,Reject
Agustin,Kurtis.Kilback,Request
Issac,Orion,Accept
Easton_Stanton,Neil,Request
Miracle_Kuhic,Tyreek,Accept
Millie,Ted,Accept
Cary,Princess,Request
Mossie,Sallie,Reject
Franco.Zemlak,Elmira.Kilback,Accept
Jedediah,Thelma_Emmerich,Request
Alejandra.Cummerata,Owen,Request
Kiera_Beatty,Tito_Heaney,Accept
Zella,Rico,Reject
Ettie,Lizzie_Breitenberg,Request
Florence,Estel,Request
Barney,Laury.Kuhlman,Accept
Weston.Luettgen,Barrett,Accept
Lilla,Pasquale.Konopelski,Request
Humberto,Dana_Braun,Reject
Muhammad,Alec,Accept
Sister,Laurence.Rath,Request
Trent,Laurianne,Request
Donna,Darien_Kuhn,Request
Allen,Braulio.Braun,Reject
Erich,Helmer,Accept
Madelyn,Virgil,Accept
Cristopher_Wisoky,Daisha.Ernser,Reject
Jeramie.Mayer,Eliza_Lubowitz,Reject
Nyah,Jessika.Champlin,Accept
Nat,Evangeline_Hintz,Request
Daisy,Mohammed_Leannon,Request
Jessie.Towne,Ashleigh,Accept
Hipolito_Aufderhar,Mckayla_McDermott,Reject
Isadore,Nikko,Accept
Ricardo,Blake,Reject
Jessyca.Koelpin,Hobart,Request
Adele,Karelle,Request
Mara,Elissa,Request
Betsy.Medhurst,Nannie,Reject
Delta,Mireille_Hyatt,Reject
Jerod_Corwin,Susana_DuBuque,Request
Filomena,Florida,Reject
Dino_Robel,Lucio.Vandervort,Reject
Bert_Orn,Keeley,Request
Moriah.Baumbach,Penelope.Collier,Reject
Rebeka,Kellie,Accept
Aurelia.Jacobson,Eryn,Request
Emmanuel.Kilback,Jon,Accept
Valerie.Murazik,Cheyanne,Accept
Humberto_Sanford,Chasity,Accept
Antonette_Hilpert,Roxane,Accept
Robert_Walsh,Aniyah_Kub,Request
Sandra,Luella,Accept
Angelina.McCullough,Margarette,Request
Corbin,Cordia.Morar,Reject
Eleonore_Rau,Obie.Gerlach,Accept
Adrian,Augustine,Reject
Don_Zboncak,Alaina,Reject
Haylee.Dicki,Sherman_Carroll,Accept
Augusta_Waters,Deonte.Leannon,Request
Dejah.Rempel,Shakira,Reject
Tess.Walter,Marcelo.Stokes,Accept
Maritza,Charles.Hamill,Reject
Adolfo,Dejah.Rempel,Reject
Norris,Alfredo,Accept
Mark,Marilie,Accept
Brandt_O'Connell,Otis.Kuphal,Request
Samanta_Reinger,Kenny_Kirlin,Request
Brice.Goodwin,Felicia_Mraz,Accept
Kailyn.Bashirian,Carmela_Rau,Reject
Stephen.Harber,Jessie.Gulgowski,Reject
Krista_McDermott,Pansy.Hessel,Accept
Lew,Kayleigh.Considine,Request
Guiseppe.Robel,Billy.Hansen,Accept
Gregg_Toy,Kane_Gerlach,Request
Chandler.Gulgowski,Kadin,Accept
Jaime,Norma.Ledner,Accept
Ena_Steuber,Rollin,Accept
Mikayla_Fritsch,Rashad,Request
Wilfrid,Rosamond,Request
Elinor,Vicenta.Vandervort,Accept
Ramona,Humberto_Hessel,Reject
Chaya.Armstrong,Kacey,Reject
Moses_Crist,Virgil,Reject
Daniella,Darion,Request
Chester.Smith,Allan,Request
Erick.Turcotte,Toby_Bergstrom,Reject
Sage,Roxane.Altenwerth,Request
Mohammed_Kuvalis,Phoebe,Request
Eusebio.Skiles,Ruthe_Sauer,Reject
Stacey.Skiles,Dorian,Accept
Hans_Ratke,Raymundo_Macejkovic,Reject
Ambrose.Walsh,Melba,Accept
Elias_Johns,Aiyana_Reilly,Request
Vita.Roob,Aliyah,Accept
Schuyler_Streich,Lurline,Accept
Vidal.Bayer,Delaney,Reject
Leda,Bonnie_Nienow,Reject
Francesco_Sipes,Elouise_Harris,Accept
Diamond,Ottilie,Reject
Virginia_Farrell,Jailyn,Reject
Linwood_Schowalter,Sabrina.Wehner,Accept
Kristin,Laurel_Hegmann,Accept
Norene,Tomasa,Request
Kamron,Elissa,Request
Eliza_Lubowitz,Marcelino,Request
Dorian.Langworth,Savannah_Ruecker,Request
Bonita.O'Hara,Dolores.Lueilwitz,Request
Ressie,Annabelle,Accept
Alda.Maggio,Dimitri,Accept
Everette.Yundt,Hayley.Mertz,Request
Alejandra.Ziemann,Georgianna.Wolff,Request
Johann.Tromp,Houston,Request
Peggie,George.Davis,Request
Ima,Samson.Huel,Request
Betty,Tyra,Request
Jamal,Zachariah.Hermann,Accept
Katheryn_Jacobs,Joanny.Swift,Request
Michele,Liam.Prosacco,Request
Corrine,Vita,Reject
Caitlyn,Laura,Request
Zachariah.McLaughlin,Brayan,Reject
Carolyne,Hailie,Request
Juwan,Buck.Schultz,Request
Valerie,Kristoffer_Bernier,Reject
Roma,Cristina,Accept
Otis,Name,Accept
Bailey,Stanton,Reject
Madalyn.Hermann,Faye,Accept
Carmine.Stroman,Evalyn,Reject
Raphael.Lang,Una.Kerluke,Request
Melvin.Terry,Hosea_Gibson,Reject
Oleta,Karli,Accept
Madelynn,Aurelie,Accept
Adrien,Xavier_Grant,Request
Charley,Harmony,Reject
Della_Mohr,Khalil_Keebler,Reject
Willie_Eichmann,Douglas,Reject
Patience.Marks,Araceli_Schulist,Reject
Cyril,Eleanora,Reject
Dayton,Waylon,Request
Myrtice_Schuppe,Willard.Schulist,Reject
Jaden_Lubowitz,Gracie,Accept
Richard,Rosanna.White,Request
Nakia_Rutherford,Marquis.Boyer,Request
Lucie,Ressie.Schaden,Accept
Gideon_Frami,Boris_Dooley,Accept
Kaden.Leuschke,Dominique,Reject
Ashlynn,Wilbert,Accept
Sunny_Hagenes,Nya.Powlowski,Accept
Halie.Roob,Dee,Reject
Rickie,Fredrick_Bode,Reject
Velva_Schinner,Vivian,Accept
Taryn_Cremin,Henry.Fay,Accept
Sincere.Crooks,Urban,Accept
Reid,Kiera_GuÂªann,Accept
Amara_Boehm,Jerod_Corwin,Accept
Cordell,Golden_Kerluke,Request
Ernestine_Guªann,Daisy.Kulas,Accept
Sandrine.Terry,Emmanuel.Kreiger,Reject
Eden_Skiles,Tate.Kuhlman,Accept
Simeon,Clemens,Reject
Adela,Theo.Sporer,Reject
Marietta_Nitzsche,Talon.Lowe,Request
Tia.Lebsack,Lia.Heller,Accept
Kenyatta_Heaney,Aron,Accept
Rafaela.Torp,Skye.Wunsch,Accept
Cleve.Erdman,Geraldine,Accept
Leonard,Jennyfer,Request
Manley_Renner,Alexander.Marquardt,Request
Lauren,Bernadine_Pfannerstill,Reject
Mia_Rolfson,Nola_Thiel,Accept
Helene,Therese_Mitchell,Accept
Ruthe,Roma.HarÂªann,Request
Araceli,Trent.Satterfield,Accept
Kira_Bernhard,Corine_Krajcik,Reject
Patience.Mueller,Alyson.Beer,Accept
Brad_Schroeder,Weldon,Request
Hassie,Louie,Request
Kevin,Mateo,Reject
Odie.Schumm,Melisa,Request
Fae_Stark,Jared,Reject
Letha,Hal.Langosh,Accept
Electa_VonRueden,Brionna.Cruickshank,Request
Syble,Pearlie_Emard,Request
Stewart_Steuber,Emma.Trantow,Request
Stan_Gislason,Jerod_McGlynn,Reject
Georgianna.Hessel,Samantha.Lowe,Accept
Taurean_Runolfsson,Kiel,Reject
Christiana,Gaston,Reject
Jacinto_Deckow,Herman_Schumm,Accept
Nakia_Erdman,Albert.Zulauf,Reject
Domenica_Rau,Patsy_Harvey,Reject
Quinton.Ritchie,Christian,Request
Esta.VonRueden,Isai.Mosciski,Request
Kelsie.Balistreri,Justus,Accept
Gerald,Clare,Reject
Electa_Dooley,Abigail,Reject
Randall_Nader,William.Jacobi,Accept
Baylee,Jaqueline_Jacobson,Reject
Donny_Daniel,Evelyn_Hirthe,Accept
Uriel,Sheila_Powlowski,Request
Florence.Torphy,Rosina,Reject
Lauretta,Coleman.Swaniawski,Accept
Elvera_Sawayn,Nathanial,Request
Mohammad_Jaskolski,Makenna,Reject
Buford_Robel,Roma_Frami,Accept
Samson.Schoen,Kraig_Corwin,Accept
Monica_Schiller,Kirk.Gusikowski,Request
Bartholome.Durgan,Maximillia,Request
Marquis,Kieran,Accept
Eden_Strosin,Adrienne.Greenholt,Accept
Lavina_Stanton,Melany.Feest,Reject
Eli.Farrell,Garrett,Request
Dejon.Homenick,Nina,Request
Heidi.Eichmann,Edna,Request
Kenna,Mellie,Reject
Aurore_Davis,Damaris,Accept
Dustin,Earline_Nolan,Reject
Clotilde_Bernhard,Lamar,Reject
Bianka,Amparo.Murazik,Accept
Patience.Braun,Alyson_Schoen,Request
Sheldon_Abernathy,Eva,Accept
Waldo_Huel,Angelica_Lueilwitz,Reject
Jade.Tremblay,Melody_Hermann,Reject
Gennaro,Verona,Reject
Agustin_Glover,Rosario,Accept
Geovanni.Rippin,Sage_Zulauf,Request
Iva.Marks,Dayne,Accept
Felix_Kerluke,Theodore,Accept
Cortez.Langworth,Retha,Request
Zita,Jake.Williamson,Accept
Harvey,Lavada_Hodkiewicz,Accept
Ansley.Will,Giovanny,Reject
Valentin_Lockman,Camron_Kling,Reject
Elsie,Carli,Request
Jonas,Amparo.Borer,Accept
Marques,Tyler,Reject
River.Kovacek,Otho,Reject
Spencer,Rae.Carter,Reject
Elna,Tamia_Larkin,Accept
Charity.Klein,Josh,Reject
Antonietta,Macie,Reject
Jaclyn.Borer,Terry,Reject
Jevon.Runolfsdottir,Terry,Request
Dena,Keven,Accept
Talon_Kirlin,Hans.Treutel,Reject
Enid,Russell_Hahn,Accept
Nathanael,Twila.Klocko,Reject
Margarett_Frami,Kennedy.Walter,Request
Cynthia.Schuster,Bradley,Request
Savannah_Barton,Melody,Accept
Madaline,Mia,Reject
Everett.Sauer,Keenan,Reject
Forest,Kathlyn_Funk,Request
Nils,Duane.Jaskolski,Accept
Desmond,Grover,Request
Hilton.Miller,Hilario,Reject
Forrest,Isabelle,Reject
Evelyn,Laisha,Reject
Ashton,Kari,Accept
Myles_Raynor,Elmore,Request
Destany,Kayleigh,Reject
Lorenzo,Jordan_Larson,Reject
Newell,Maida,Request
Eliezer_Donnelly,Alexys_Schuster,Accept
Brannon_Strosin,Blaise.Mitchell,Accept
Una,Caleigh_Schaefer,Request
Jayda,Nova,Request
Mauricio_Rau,Amalia,Accept
Carroll.Cronin,Aylin,Request
Percy_Hegmann,Dolores.Lueilwitz,Accept
Ernestine.Hegmann,Meagan.Beatty,Accept
Ludie,Ambrose.Walsh,Request
Amaya.Kirlin,Travon.Goldner,Accept
Bruce_Flatley,Caitlyn_Stoltenberg,Request
William,Maynard,Request
Ardith,Zoe,Accept
Robert_Kunde,Franz,Request
Abigale.Moore,Valerie_Funk,Reject
Reed,Vidal_Bauch,Reject
Karen.Reichel,Krystina_Koss,Request
Alta_Quitzon,Jerod,Accept
Fritz.McCullough,Francisco_Daugherty,Accept
Leda_Johnson,Ronaldo,Reject
Eduardo,Loyce_Purdy,Reject
Sallie,Hubert_Crona,Reject
Jalyn,Carmelo,Reject
Warren_Crooks,Angus,Request
Kailee_Anderson,Cary_Frami,Request
Eladio_Carter,Margret,Request
Ayana,Misty_Murray,Reject
Antwan_Price,Deonte,Accept
Alford.Fritsch,John_Feil,Reject
Ova_Kiehn,Edwina.Goodwin,Request
Sarah,Trudie,Accept
Wilbert,Emilia_Carter,Accept
Alivia.Larson,Esperanza,Request
Jerrold,Princess.Langworth,Request
Izabella_Green,Murphy_Swaniawski,Accept
Axel_Flatley,Hosea.Cummings,Reject
Deron_Gibson,Kaylee,Accept
Junior,Sherwood,Reject
Jaden,Mustafa,Request
Makenna_Cartwright,Imogene.Reynolds,Reject
Mikayla_Pouros,Kaylie,Reject
Anya_Mayer,Kody,Reject
Craig,Emmitt,Request
Scotty.Ledner,Missouri_Schaefer,Reject
Noemie,Lucie_Keebler,Request
Dahlia_Strosin,Justice.Spencer,Reject
Jaylin_Considine,Katheryn_Abshire,Reject
Angelica.Mante,Camron_Kutch,Request
Freddy_Koch,Alexane_Fay,Request
Dayna.Shields,Anne_Stokes,Request
Robbie.Prohaska,Wilson,Reject
Drew_Bednar,Camille,Request
Demetris.Beatty,Charity.Sauer,Request
Elaina,Trudie.Herzog,Reject
Mose,Joany,Reject
Robin.Gottlieb,Jenifer,Request
Javonte_Brown,Demarcus,Accept
Sunny,Yasmeen.Kovacek,Reject
Rosemarie_Huel,Woodrow,Request
Melvin_Swift,Betsy_Collins,Reject
Hershel.O'Reilly,Xavier,Reject
Hadley.Blick,Houston,Accept
Zackary.Waters,Trycia,Reject
Dawn,Dena_Torphy,Accept
Jasen.Wuckert,Ollie,Reject
Kaitlyn,Bryon,Reject
Raymundo.O'Reilly,Adaline.Keeling,Accept
Alfreda_Kilback,Monte_Cartwright,Reject
Virginie,Bernhard_Larson,Accept
Aliza,Craig_Corkery,Accept
Alison,Tre_Crona,Request
Madyson.Rohan,Filomena,Request
Madie,Bruce,Request
Glen.Rogahn,Mortimer,Reject
Verona,Demarco,Accept
Keaton_Mayert,Travis,Reject
Rico,Zita,Accept
Justina,Giles_Wisoky,Reject
Maximillia.Ondricka,Anabel,Accept
Casimir,Rico.Yost,Reject
Ryley_Steuber,Deontae,Reject
Kayli,Jonathan,Request
Toni_Beier,Lulu.Deckow,Reject
Solon,Immanuel.Stracke,Request
Georgianna.Reynolds,Kelsie,Reject
Blaze.Ankunding,Eunice.Torp,Accept
Tierra.Wyman,Eula,Accept
Scotty.Hickle,Lane,Accept
Jaylan_Koch,Duane.Crist,Reject
Tavares.Metz,Serena_West,Accept
Brennon,Viviane,Accept
Sabryna,Alia,Accept
Rene.Russel,Olin,Request
Gerardo,Pearline_Renner,Accept
Judge.Lind,Jack_Cole,Reject
Cynthia_D'Amore,Alexandria,Reject
Karelle.Cole,Carlotta.Quigley,Reject
Natalia.Gutkowski,Horacio.Feil,Reject
Wilson_Hudson,Arielle.Weissnat,Request
Hipolito_Lind,Blaise,Request
Leonardo,Ignatius,Accept
Nina,Emiliano,Accept
Yadira.Breitenberg,Lucas,Request
Pearlie_Emard,Isobel,Accept
Kailyn.Farrell,Susan.Cummings,Accept
Kaylah.Wintheiser,Mckayla_Legros,Accept
Jamir,Halie_Koelpin,Reject
Concepcion.White,Grace_Simonis,Reject
Omer_Carter,Kennedy_O'Keefe,Accept
Kaden,Amani_Shields,Accept
Bridie_Bode,Tabitha.Fritsch,Reject
Hollis,Chaya,Reject
Rosalinda,Vicenta,Request
Chelsea,Summer_Orn,Reject
Dusty,Bernhard_Hamill,Request
Orie_Farrell,Tristin_Armstrong,Request
Constance,Fredy.Pfannerstill,Reject
Manley,Adele,Reject
Audrey.Crist,Kaleb,Accept
Reba_Huels,Napoleon.Corwin,Accept
Mikayla_Wyman,Enid,Accept
Arthur,Julia.Lemke,Request
Hassan_Olson,Broderick,Accept
Irwin.Bashirian,Cecile.Bauch,Reject
Zion,Kristofer,Request
Zola,Okey,Request
Lenore_Mosciski,Cristobal,Accept
Quinten,Jany,Request
Dalton,Madie_Towne,Accept
Kailyn_Mohr,Angelita.Paucek,Request
Alan_Eichmann,Cornell.McDermott,Reject
Ashly,Sadye,Request
Elbert,Jeremy_Mertz,Request
Aaron_Lind,Constantin.Weber,Accept
Cydney_Ondricka,Fay_Yundt,Request
Ed_Collier,Dana.O'Conner,Request
Charles,Marie,Reject
Merlin.Mills,Nakia_Hackett,Reject
Kaela.Labadie,Franz,Request
Sim,Joshuah_Ullrich,Reject
Rollin_Yundt,Flavio,Reject
Lenora_Donnelly,Walton,Request
Lysanne_Marquardt,Olen_Jacobs,Request
Reece,Shyanne.Crona,Reject
Abigale,Torrey,Request
Garth,Eulalia,Accept
Joseph_Deckow,Korbin,Accept
Horace.Boyle,Abbigail,Request
Dominique.Rowe,Dayna.Turner,Reject
Jan,Nash_Mohr,Request
Wilmer_Runte,Julia,Reject
Heloise.Feil,Dejon_Sanford,Request
Patricia.Rodriguez,Yazmin_Lehner,Accept
Julius.Reichel,Hallie,Reject
Jocelyn,Naomie,Accept
Lempi_Cruickshank,Katlynn,Request
Michelle,Pablo_Senger,Accept
Zul.Hegmann,Karelle.Champlin,Request
Brenna.Jacobson,Frederic.Heathcote,Request
Gudrun,Juwan.Marvin,Accept
Cathrine,Dorthy,Request
Geovanny.Nader,Vladimir_Waters,Request
Vita,Eloisa.Marks,Accept
Else.Heller,Yvette,Request
Emanuel,Audreanne_Boyer,Reject
Madilyn.Hudson,Erwin_Lowe,Request
Helena_Pfannerstill,Halle_Howe,Accept
Conor.Kihn,Caleigh_Wiza,Reject
Clark_Streich,Nona,Accept
Stacey_Weimann,Duncan_Langworth,Accept
Sarai.Bogisich,Fabiola.Koepp,Reject
Karelle,Meagan,Request
Grant,Lexi.Vandervort,Accept
Harmony,Ophelia,Accept
Carmel_Kreiger,Kiana,Accept
Antonio_Rutherford,Lucy,Request
Dario_Carter,Lucio,Request
Reagan,Joanne,Reject
Jillian.McClure,Newton.Hettinger,Accept
Beulah,Fermin,Request
Cody_Bashirian,Tess,Accept
Sigmund,Moises,Accept
Alda_Becker,Kailyn.Farrell,Reject
Misty.Sawayn,Rachael_Smitham,Reject
Andres,Florian_Keebler,Reject
Josie.Heidenreich,Maggie,Reject
Cade_Bayer,Chelsie.Gerhold,Accept
Marty,Jakob.Grimes,Request
Sandy,Francesco,Request
Jasmin_Terry,Keely_Walter,Reject
Jacklyn,Heloise,Request
Rebeca,Seth,Accept
Jensen,Gaston,Reject
Claude_Renner,Myles_McDermott,Accept
Emma_Lebsack,Dayton_Dach,Accept
Alfreda.Rosenbaum,Anika.Breitenberg,Accept
Alfredo,Estel_Marvin,Accept
Kenya.Bergstrom,Elisha,Request
Darryl,Novella.Raynor,Request
Gisselle,Rasheed,Accept
Weldon.Tromp,Vernie.Schaefer,Accept
Reva.Rolfson,Aubrey,Request
Dortha,Coleman,Reject
Joey,Isabell,Reject
Devonte,Lukas,Accept
Al_Kessler,Shayna.Rau,Reject
Jules,Estevan.Bosco,Reject
Albina_Koelpin,Angelina.Bartell,Accept
Makenzie,Lottie_Klocko,Reject
Ezequiel,Daisy_Schuster,Request
Joshua_Hamill,Amanda,Reject
Pasquale.Russel,Lesly,Reject
Hayley.Farrell,Brannon.Mohr,Accept
Jerrell,Lyric,Reject
Destiney,Tabitha,Request
Turner.Lowe,Freddy_Erdman,Accept
Osborne,Norval_Russel,Request
Noemi,Reta,Reject
Gilberto_Fisher,Larry,Request
Conor.Huel,Rupert,Reject
Conor,Valentina,Reject
Enola,Hester.Nienow,Request
Wilson_Bode,Vinnie,Request
Jovani_Hodkiewicz,Donnie,Accept
Sibyl_Davis,Eugene,Request
Gunner,Lourdes_Kemmer,Reject
Broderick,Alysa.Yost,Reject
Yessenia,Esmeralda,Reject
Vaughn,Haylie,Accept
Cheyenne,Agustin.Dietrich,Reject
Myrtice,Dorothea,Accept
Adelia.Walsh,Elva.Kemmer,Reject
Rosalyn.Hoeger,Amanda.Jast,Accept
Isabell_Heathcote,Liza,Reject
Tatyana,Bernadine,Reject
Kristopher_Mitchell,Saul,Accept
Arely_Feeney,Antwon.Feest,Request
Marta.Jacobson,Hal.Lehner,Accept
Billy.Hansen,Junius,Reject
Maxwell,Edgardo.Aufderhar,Reject
Tierra.Roberts,Miguel,Request
Euna,Fermin.Runte,Reject
Alejandrin_Wunsch,Ottilie_Raynor,Accept
Mackenzie,Rory,Accept
Cecil.Becker,Sylvan.Doyle,Accept
Toni,Genesis,Reject
Norris.Willms,Araceli,Accept
Daija,Cheyenne_Stokes,Reject
Shemar,Jacinto_Shields,Request
Pablo,Jason.Koch,Reject
Alexie,Devon_Lehner,Request
Justine_Weber,Jeanie,Reject
Henriette,Caterina.Blanda,Reject
Edyth,Conor_Flatley,Accept
Caleigh_Jast,Benny_Turner,Request
Van,Rosalind,Accept
Davion,Janelle.Nikolaus,Reject
Melvina.Veum,Laurence,Accept
Logan.Stamm,Reece,Reject
Yolanda.Hills,Lavonne_Lind,Request
Samanta_Padberg,Kolby_Tillman,Request
Ena.Anderson,Alba,Request
Jane.Beier,Kristin,Reject
Ida.Murazik,Grant_Hudson,Accept
Crystal_Cole,Jillian_Yost,Request
Melba,Al_Kessler,Accept
Sarina.Kihn,Alyson_Reilly,Request
Antwan.Murphy,Avis,Reject
Garrick_Steuber,Eliezer,Accept
Bret,Onie.McClure,Reject
Cassandre_Metz,Litzy_Morissette,Accept
Rozella_Dach,Rigoberto_Baumbach,Reject
Edwardo_Rodriguez,Sydney_Beatty,Reject
Doris.Lindgren,Garrick_Cruickshank,Reject
Shannon_Gleason,Lionel_Johnson,Accept
Patrick,Americo_Rempel,Reject
Barbara,Pinkie,Reject
Osvaldo,Rosalee.Schuppe,Accept
Anastasia.Gottlieb,Monty,Request
Rosina,Valerie_Green,Reject
Merl,Brittany_Erdman,Request
Selena.Macejkovic,Cleora,Request
Rodger.Thompson,Darrell.Weissnat,Accept
Crawford_Jenkins,Nova.Bruen,Reject
Paul_Lind,Chadrick.Bode,Request
Modesta,Fabiola.Aufderhar,Reject
Lela.Moen,Allie.D'Amore,Accept
Shad_Rolfson,Sienna_DuBuque,Accept
Libbie_Wisozk,Ellsworth,Reject
Mathew_Bergnaum,Nigel,Accept
Meta,Seamus.Kozey,Accept
Deangelo,Jose,Accept
Ozella_Bauch,Katlynn.Jewess,Reject
Dereck,Emily_Mohr,Request
Odie,Guadalupe,Accept
Magnolia,Luigi,Accept
Cristobal,Fausto_Boyle,Accept
Alice.Langosh,Johan_Bogan,Accept
Archibald,Brenden.Grimes,Request
Jaquelin,Mohamed,Reject
Laron.Runolfsson,Alfreda.Shanahan,Reject
Cielo.Pfannerstill,Jacklyn,Accept
Mariana.Miller,Avery_Koch,Reject
Kurtis,Daphney,Reject
Jordi,Haylie,Accept
Jamir.Gutkowski,Helga,Reject
Mariam_Lehner,Joesph,Reject
Keara,Dahlia,Request
Sister_Harris,Mozelle,Reject
Esmeralda_Kilback,Elsa,Request
Alex.Haley,Miguel_Stehr,Accept
Rhett_Roberts,Barrett,Accept
Rogers,Billie,Reject
Clare.Waelchi,Alivia_Gleichner,Request
Johnathon_Morar,Eli.Harris,Request
Benjamin_Raynor,Misty.Lynch,Request
Amira.Tremblay,Ross,Request
Kayla,Angeline,Request
Charles_Jerde,Eleanore,Request
Elwin,Jennyfer_McLaughlin,Accept
Sunny_Hickle,Bruce,Request
Chauncey.Wintheiser,Aliya,Accept
Adalberto.Zboncak,Shayna.Hegmann,Reject
Chesley.Hyatt,Angela_Mertz,Reject
Stevie,Derek,Accept
Elias,Ken_Hills,Request
Alana_Swift,Ryley.Hahn,Request
Eda.Marvin,Helene.Schultz,Request
Aletha.Hauck,Flavio,Request
Everette_Schumm,Marielle,Accept
Derek,Margarett.Thiel,Accept
Christopher_Hermann,Marco_Schumm,Reject
Domenick,Chance_Prosacco,Accept
Elroy_Orn,Ardella_Walsh,Request
Lemuel,Lenna_Jenkins,Accept
Rogers.Beier,Angelica_Lueilwitz,Accept
Aron_Little,Van,Request
Adriel,Ulises_Ebert,Request
Gianni.Kuhic,Sid,Reject
Warren.Quitzon,Isac,Request
Arlie_Marks,Katelyn.Barton,Request
Rubie.Towne,Terry,Reject
Jany.O'Keefe,Raleigh.Klein,Accept
Nash,Zola.Weber,Request
Hayley,Ima_Stamm,Request
Darby_Kuhlman,Jewel,Request
Alberto.Goyette,Matilde_Russel,Request
Jerry.Brakus,Isabell.Prosacco,Reject
Aron.Schaefer,Scotty,Reject
Casimer.Okuneva,Leonard,Accept
River_Mann,Lynn,Reject
Icie.Waters,Arjun_Bruen,Request
Celestine_Schinner,Jean.Nader,Request
Adolph,Asia.Flatley,Accept
Rory.Wilderman,August.Kihn,Accept
Athena.Hirthe,Kiel,Request
Marcel.Dickinson,Jorge_Okuneva,Request
Clarissa_Lueilwitz,Logan,Accept
Adriel_Mann,Abbie.Funk,Request
Fannie_Walter,Vince_Schulist,Accept
Berenice.Heaney,Estell_Kiehn,Reject
Damien.Botsford,Michelle,Accept
Mateo,Santina,Request
Valentina,Nola_Frami,Reject
Jesus,Dennis,Request
Hudson.Bruen,Alyson,Request
Leanne_Schimmel,Leopoldo,Accept
Sandra.Romaguera,Hollis,Request
Kaylin_Nader,Yoshiko_Wuckert,Reject
Retha.Powlowski,Adriel,Reject
Clinton_Stanton,Xavier_Nolan,Request
Janick.Borer,Brian,Accept
Ernest,Marlin.White,Reject
Rubye.Lakin,Lelah,Accept
Ryley_Watsica,Gustave,Accept
Palma,Rowan,Request
Vernon.Ernser,Gracie,Accept
Christian_Dietrich,Cassie.O'Kon,Reject
Kyra,Stephon_Feest,Reject
Zelda_Connelly,Jaylen.Emard,Accept
Dannie,Ricky_Bayer,Request
Russel,Barney,Accept
Kristopher,Vito,Accept
Mitchel,Isaias.Cummerata,Request
Gwendolyn,Damaris,Reject
Francesco.Littel,Laurie_Fisher,Request
Claud_Bogisich,Sabina.Trantow,Request
Mertie.Ruecker,Arjun_Bruen,Accept
Luella,Giles_Anderson,Request
Ethyl.Nikolaus,Bonita.O'Hara,Request
Dena_West,Whitney.Bechtelar,Request
George_Ledner,Ibrahim_Lockman,Reject
Millie_Watsica,Jared,Request
Colten.Robel,Minerva,Reject
Tad,Bernardo.Blanda,Accept
Ulices_Bins,Agustin.Dietrich,Reject
Michel_Keebler,Kiley.Kuhlman,Request
Bettie,Cordell_Strosin,Accept
Danika,Marjolaine.Lemke,Request
Abner_Strosin,Odell_Cole,Request
Herman.Hammes,Stephan.Corkery,Reject
Adolfo.Beier,Camden.Bartoletti,Reject
Arlie.Borer,Noemy.HarÂªann,Accept
Vida,Jocelyn,Reject
Patrick_Mann,Owen.Feil,Request
Jeffry_Cartwright,Jennyfer_Daniel,Accept
Maxime.Kihn,Judy,Accept
Lucy,Jayce,Request
Waylon_Hermann,Emmalee,Reject
Gaetano_Willms,Quincy.Bergnaum,Request
Vince,Willy,Accept
Tatyana.Yost,Katelyn,Request
Verla,Abdullah,Reject
Abe,Laurie.Goodwin,Request
Abby,Louvenia,Accept
Taryn.Orn,Anissa.Ferry,Accept
Erick.Boyle,Roberta_Block,Reject
Tyler,Janice_Medhurst,Request
Fannie_Kemmer,Alford,Request
Ena,Brandon.Sipes,Request
Bailee_Bergnaum,Jesse,Accept
Orlando,Marty_Hirthe,Accept
Keira.Crooks,Celestine,Request
Mattie_Hackett,Micah,Request
Dakota.Harªann,Ernesto,Reject
Sasha.Johnson,Patricia_Renner,Accept
Letitia,Rene,Accept
Jaunita,Efren.Okuneva,Request
Kylee_Mann,Creola_Bahringer,Accept
Ellis,Cordelia_Keebler,Accept
Rosella_Mayer,Marguerite_Leffler,Accept
Odell_Nolan,Clifton,Request
Rose.Thiel,Kenny,Request
Tod.Reichert,Deshaun,Reject
Bridget.Farrell,Dewitt.Cassin,Reject
Neil,Tania_Konopelski,Reject
Claudie.O'Connell,Sheila_Powlowski,Reject
Lonie,Ludie_Kovacek,Accept
Quentin,Percival,Request
Judge.Price,Pat_Wiegand,Request
Josh.Schuppe,Abe,Reject
Theresia_Schinner,Durward_Dibbert,Reject
Harrison.Fay,Santina,Request
Jorge.Harber,Hayley_Monahan,Accept
Makayla,Cordia,Request
Randall.Rutherford,Judge.Kertzmann,Reject
Loraine_O'Conner,Giovanna,Reject
Tremayne,Grady,Request
Kali,Favian,Accept
Tommie_Lakin,Treva,Request
Theo_VonRueden,Caden,Request
Luz,Laurence,Reject
Darrin.Durgan,Newton_Connelly,Request
Verda,Golda_Schiller,Accept
Constantin,Alexane,Request
Wilfredo,Furman,Request
Wallace.Waelchi,Jerel_Zieme,Accept
Garry_Becker,Talon,Accept
Bernice_Grant,Elmer_Kuhic,Accept
Jonatan_Kemmer,Jeffery,Accept
Gladyce,Amya.Wehner,Request
Felipe_Bergstrom,Solon_Gottlieb,Reject
Caroline.Hermiston,Crystel_Schmeler,Request
Khalil_Carroll,Martin,Reject
Monique,Wilfred_Tremblay,Request
Tyrell,Khalil,Request
Kiel_Hoeger,Kane_Cummings,Request
Kraig_Grimes,Brock_Marvin,Request
Etha.Walsh,Mohamed.Ryan,Accept
Giovani.Lind,Gino,Reject
Heath.Thiel,Alverta,Reject
Lesly_Jacobs,Imani_Gleason,Accept
Sophie.Schaden,Mireya,Accept
Oswaldo.Gutkowski,Felton_Torp,Request
Liam_Lubowitz,Athena,Reject
Sammie_Treutel,Delphine.Jacobson,Accept
Dane,Madelynn_Wiegand,Accept
Thad,Araceli_Schulist,Accept
Nico,Eve_Dach,Reject
Jamey_Runte,Ona_Beier,Request
Isai.Fisher,Raegan_Bergstrom,Request
Jayden.Beier,Shanna_Auer,Reject
Marlene,Finn.Hane,Reject
Keira,Joesph.Hane,Accept
Rowena_Kreiger,Arne,Request
Agnes.Cummings,Gene.Runolfsdottir,Reject
Carol,Hillary.Stanton,Request
Samantha_Greenholt,Sean,Accept
Chad,Dina_Weissnat,Request
Madaline.Lemke,Chadd_Olson,Accept
Lexus,Lemuel,Request
Jasmin.Emard,Eve,Accept
Samir_Rippin,Tremaine_Lockman,Accept
Adrienne_Bogisich,Claude.Powlowski,Request
Jared.Ankunding,Flossie.McLaughlin,Reject
Mertie.Breitenberg,Kaia,Accept
Laurie_Cummings,Lennie,Request
Greta_Feest,Missouri_Schaden,Reject
Elza,Tracey.Sawayn,Reject
Sanford,Loyce_Bauch,Request
Rhiannon_Weimann,Keanu,Reject
Burdette,Franz,Reject
Herminia,Flossie.Green,Accept
Kiera_Guªann,Elsie,Accept
Treva.Stokes,Raphael_Kovacek,Accept
Therese.Gislason,Destin_Collins,Accept
Noah.Streich,Connie,Accept
Benton,Nestor.Schuppe,Accept
Eryn,Salvatore,Request
Crawford,Andres_Russel,Accept
Ivory.White,Shanna_Mitchell,Accept
Faye,Alaina.Nicolas,Request
Katrine.Bernhard,Monroe,Reject
Janessa.Labadie,Mary,Request
Damon_Williamson,Frida,Request
Briana,Jeff.Harris,Reject
Darren,Zella,Accept
Ayden.Beer,Lucio,Request
Deon_Hand,Marta.Adams,Reject
Roxanne_Robel,Hyman_Wintheiser,Request
Watson,Unique.Bechtelar,Request
Concepcion,Randall.Steuber,Request
Norval.Brown,Jacquelyn_Rice,Reject
Porter.King,Kiara.Cummerata,Accept
Cayla_Wilkinson,Stephen,Request
Ally,Greg,Request
Mitchell.Wisozk,Brock.Corkery,Accept
Rose,Laurine,Accept
Alexanne.Kulas,Eveline,Accept
Narciso,Theo,Reject
Joaquin.Pollich,Adrienne,Request
Jacinto,Mackenzie_Ziemann,Request
Millie_Denesik,Sophie.Crist,Request
Reid.Koch,Ezra_Rolfson,Accept
Hester_McGlynn,Laurine.Trantow,Request
Emanuel_Roob,Chet.Bradtke,Reject
Elmore,Morton,Accept
Felipa_Rowe,Javonte.Marquardt,Reject
Matt,Rickie,Reject
Tyree.Walker,Watson.Oberbrunner,Accept
Norberto_Feeney,Karlie.Jewess,Request
Frederic_Wehner,Jerod,Request
Olaf,Deshaun.Dooley,Reject
Ryder_Hodkiewicz,Cleora_Reynolds,Request
Stephany_Mertz,Randi,Accept
Kelli,Berry_Hilpert,Request
Gonzalo,Eileen_Jakubowski,Request
Jermey.Windler,Hanna.O'Hara,Request
Remington,Kacey,Request
Porter,Ariel,Accept
Gianni.Prosacco,Dustin,Reject
Jany,Cecilia.Lind,Reject
Alejandra_Reynolds,Destiney,Reject
Emil,Brooks,Reject
Diana_Bradtke,Dasia,Request
Rhoda.Jast,Trycia,Request
Ramon.Rippin,Allan,Request
Jaeden,Vernice,Accept
Susan,Annamarie,Accept
Garland_Dickens,Ettie_Rohan,Reject
Kadin_Jacobson,Tabitha,Accept
Diana_Kihn,Chadrick.Beahan,Accept
Sandra.Shanahan,Carley.Aufderhar,Accept
Abel.O'Conner,Devan,Accept
Spencer.Stracke,Dean_Quigley,Accept
Rollin,Annabel,Request
Ricky_Bayer,Raquel,Reject
Iva_Batz,Hipolito,Accept
Carlos_Moore,Sarai,Reject
Lina_Lockman,Rozella,Request
Kendrick_Champlin,Harmon,Accept
Antonette_Johns,Effie_Schneider,Accept
Karen_Bechtelar,Ezra.Reinger,Accept
Dell.Effertz,Nyah.Roob,Reject
Lucio.Grimes,Jan,Reject
Jermain.McKenzie,Dorian,Accept
Gisselle.Ruecker,Maeve,Reject
Deven,Ellis,Reject
Monica,Oran,Request
Harold_Fisher,Dahlia_Strosin,Accept
Xavier.Wilderman,Lane.Fay,Request
Toney.Kihn,Lisandro,Accept
Carissa.Wuckert,Courtney,Reject
Kaylee_Rodriguez,Daniela,Accept
Bernadette_Huels,Jeromy,Reject
Luna,Emerson_Wehner,Accept
Fred_Rippin,Dasia.Hand,Request
Aimee_Kreiger,Sammie_Howell,Reject
German_Hodkiewicz,Kayley,Accept
Kiera_Ziemann,Riley_Shanahan,Request
Emery,Luigi.Jaskolski,Accept
Theron,Markus.Aufderhar,Accept
Hilton.Bergnaum,Mina_Huel,Request
D'angelo_Gusikowski,Antonia,Accept
Richie_Beahan,Nikita,Request
Dax,Johathan,Reject
Damaris_Ratke,Maxime_Goldner,Reject
Arno_Schimmel,Jett_Walsh,Request
Ferne_Abshire,Cassandra,Reject
Viva.Rath,Carter.Douglas,Accept
Eugene.Ryan,Adell,Request
Roberto_Kautzer,Maida,Reject
Avery,Marisol,Reject
Scarlett,Billie,Request
David,Marco_Schumm,Request
Paris_Stehr,Ubaldo,Request
Summer_Leuschke,Hayley,Reject
Yesenia,Efrain_Fisher,Reject
Monserrate_Smitham,Eunice,Request
Cecilia,Sherwood,Reject
Jewel,Vergie.Harris,Reject
Tanner,Litzy,Accept
Darryl.Koss,Alfonzo,Accept
Dominique,Lisandro_Watsica,Request
Kennedy.Pouros,Ted.Russel,Reject
Isac,Maribel.Wisozk,Request
Jed,June_Smitham,Accept
Jackeline,Daryl.Carter,Reject
Quinn.Jacobson,Foster.Gottlieb,Reject
Abigail.Larkin,Ila.Ullrich,Reject
Lonzo_Nikolaus,Murray_Ankunding,Reject
Darrin.Murphy,Jaylan,Accept
Gage.Quitzon,Ahmed.Schulist,Request
Dennis_Zulauf,Myrtis_Ullrich,Reject
Garry,Beryl_Watsica,Reject
Florida.Padberg,Scottie_Davis,Accept
Leonor_Torphy,Sydnie.Larkin,Request
Rudolph_Lowe,Theron,Request
Stewart,Alice_Tillman,Reject
Sharon_Emmerich,Coleman,Request
Keanu,Icie.Greenfelder,Reject
Marlen,Dakota,Accept
Lennie,Evan,Accept
Gia_Baumbach,Joana,Reject
Abby_Muller,Aiden.Zieme,Accept
Camilla.Schaden,Geoffrey.Hoppe,Request
Claudine_Rodriguez,Sebastian,Reject
Akeem,Marilyne_Kutch,Accept
Shanon_Turcotte,Eloy_Lueilwitz,Request
Junius,Nathanial,Accept
Melvin_Runolfsdottir,Rosalinda,Request
Kiara,Mckenna.Feest,Request
Oswaldo,Kevin_Monahan,Reject
Daisha.Goodwin,Leopold,Request
Alan.Huels,Jordy.Green,Accept
Maximilian,Jeanie,Reject
Reilly.Cummings,Kennedy.Predovic,Reject
Angeline_Rath,Roman,Accept
Jazmyne,Betty,Accept
Bulah_Grimes,Emmet,Reject
Lenna_Jenkins,Angelina_Metz,Accept
Kirk,Alison.Rogahn,Accept
Chester.Hermiston,Britney,Reject
Mya,Mercedes,Reject
Linnea,Jarrell,Accept
Henri_Johns,Philip,Request
Abner,Madison_Zboncak,Accept
Josefina.Marvin,Vita_Langosh,Reject
Adrianna_Kuhic,Jennings_Lynch,Accept
Quincy.Ortiz,Lorine_Wilkinson,Request
Darron_Olson,Arvilla.Waelchi,Request
Santina.Buckridge,Cleta,Reject
Tre.Ullrich,Rachael,Accept
Mallie,Ray,Accept
Emerson,Shane_Emard,Accept
Burdette.Bins,Annabel_Harris,Reject
Lelah.Stehr,Verla,Reject
Jodie.Schroeder,Lempi_Torp,Accept
Marisol.Purdy,Emely.Howell,Accept
Maribel,Trenton.Wisozk,Request
Oswald.Marquardt,Cordelia,Request
Arnoldo,Zella.Goyette,Accept
Skylar.Stoltenberg,Raphaelle.Yundt,Accept
Marcel,Thurman,Request
Maymie_Carter,Caleigh.Stehr,Reject
Paul.Schaden,Felipe,Request
Dolly.Batz,Russell_Hahn,Reject
Stephon,Angus,Reject
Liam,Delaney_Williamson,Request
Anjali,Lindsay.Fay,Request
Judge.Kertzmann,Taurean,Reject
Valentina.Glover,Keon,Accept
Katherine_Erdman,Raina,Reject
Braulio.Upton,Riley_Shanahan,Request
Jewell,Giles,Request
Fredrick_Thiel,Jude,Reject
Andreane_Reichert,Art,Request
Crystal,Garth.Swaniawski,Request
Davon.Von,Leilani,Request
Aditya.Brekke,Dena,Accept
Saul_Murray,Era_Stroman,Reject
Michelle.Von,Maxine,Reject
Alaina,Marilyne,Reject
Wendell.Medhurst,Nat,Accept
Estell_Zboncak,Jennie,Request
Velda_Waters,Kay,Accept
Daren.Barrows,Hipolito.Schoen,Accept
Izabella,Jamarcus,Request
Patricia_Streich,Travon.Barton,Request
Jacinthe.Marvin,Emile,Reject
Julianne.Heathcote,Baron.Wyman,Accept
Johnpaul.Bins,Christy.Hyatt,Accept
Davion.Heller,Royal,Reject
Freddy,Brian,Reject
Omer_Osinski,Delta,Accept
Elliott_Windler,Laury.Schiller,Reject
Janie.Hammes,Raven,Reject
Glenna_Renner,Lionel,Request
Dahlia_Reynolds,Jeramie,Request
Renee,Dock,Request
Camilla,Payton,Accept
Gwen,Teagan.McCullough,Request
Foster.Quigley,Adelia_Howell,Accept
Emma_Littel,Bella_Schuster,Request
Hershel_Muller,Brianne_Jacobson,Request
Tevin_Johns,Allene_Okuneva,Accept
Sam,Andreanne.Kunze,Reject
Frank,Abbie_Ratke,Request
Lemuel.Schowalter,Marlee.Koch,Request
Vella,Brooke_Casper,Reject
Pinkie_Bruen,Josianne,Request
Marcelo,Narciso_Gusikowski,Request
Aliza.Nader,Jammie.Braun,Reject
Sharon,Catherine,Accept
Carter.DuBuque,Nathen,Reject
Rosendo.Rogahn,Cecilia,Reject
Thea.McClure,Lucius,Accept
Lukas.Trantow,Linwood,Request
Mireille,Gwendolyn,Request
Retha_Yundt,Joy,Request
Dale_Runolfsson,Wilbert.Fisher,Accept
Garrett,Lucio,Reject
Madelyn_Hilpert,Magali,Request
Else,Janiya,Request
Jennyfer_Daniel,Dameon.Lockman,Request
Sophie_Glover,Jamir_Maggio,Accept
Blanca,Lowell_Bosco,Reject
Willow_Ziemann,Spencer_Bahringer,Reject
Madisyn_Bartell,Clifford,Request
Julian,Millie_Watsica,Reject
Magali,Jasmin.Kiehn,Request
Maryse,Ferne,Reject
Jeffry,Harold.Morar,Accept
Gunnar,Frederic_Wehner,Accept
Bernard,Sonny_Ondricka,Request
Gustave,Rigoberto,Accept
Johnathon_Fritsch,Amie,Reject
Kaley.Harber,Jedediah_Mraz,Reject
Lindsay.Kertzmann,Maegan,Reject
Maximillia.Runte,Kameron,Accept
Jared_Mante,Name.Mueller,Request
Billy_Veum,Jed.Berge,Request
Clarissa,Eduardo.Rolfson,Request
Bruce.Christiansen,Kristofer_Schmidt,Request
Gabriel,Sandy_Abshire,Reject
Magali.King,Rodger,Reject
Felicity_Cummerata,Eunice_Schroeder,Accept
Wyatt_Tillman,Frieda,Accept
Lolita,Godfrey.Kuhn,Accept
Brennon.Raynor,Shanie.Langosh,Request
Helena,Caesar.Medhurst,Accept
Oceane_Howell,Hoyt,Accept
Kraig_Corwin,Stefanie,Accept
Rosalee.Huels,Kristoffer.Prosacco,Reject
Mittie_Pfeffer,Jett,Accept
Ewald.Zieme,Nya,Reject
Yessenia.Haag,Elinor,Accept
Freida.Erdman,Marjory_Fahey,Reject
Urban.Dooley,Reilly.Nicolas,Reject
Juston,Ashlee,Reject
Reyes,Daren,Reject
Dudley,Janet,Reject
Mavis,Darrick,Reject
Rebekah,Judson,Request
Millie_Kirlin,Mary_Klein,Request
Casey_Streich,Abner,Reject
Mable.Huel,Cara_Price,Reject
Jillian,Maxime.Dickinson,Accept
Zoie.Macejkovic,Gabrielle.Fay,Request
Loy,Brycen.Walker,Request
Branson,Herminia,Request
Alec_Effertz,Jasmin.Cormier,Accept
Annette.Kozey,Martin,Accept
Emory_Rolfson,Sammy_Kautzer,Reject
Summer,Eliezer,Accept
Genesis,Estel_Casper,Accept
Kasey.Denesik,Hal.Wunsch,Reject
Haven.Sanford,Marcia,Accept
Amir_Heathcote,Leonora,Reject
Randal_Sauer,Daisha,Accept
Granville.Wolff,Janice_Wisoky,Accept
Rudolph_Lockman,Dovie,Accept
Javonte.Marquardt,Samantha.O'Reilly,Accept
Allan,Edna,Request
Clara,Javon,Request
Layla.Kuhlman,Alexanne.Yundt,Accept
Flossie_Kub,Thea,Reject
Luna_DuBuque,Mallie_Fahey,Request
Willie,Alexanne_Flatley,Accept
Whitney,Milo,Accept
Herminia_Swaniawski,Stefanie,Accept
Alden,Elna,Request
Cecelia_Johnston,Katrina,Accept
Randall_Pfeffer,Chaya,Request
Sasha,Eula,Request
Jaylen_Heidenreich,Mya_Mante,Accept
Chadd,Lane,Request
Lauryn,Alvena,Reject
Linnea_Cole,Maybelle,Accept
Lelah_Schmeler,Aglae_Streich,Reject
Devon_Predovic,Guy.Schultz,Reject
Colt.Erdman,Ellsworth_Nader,Request
Amalia,Willow.Watsica,Accept
Eula,Karine_Wolff,Accept
Lexus.Wunsch,Ken,Reject
Elissa.Tillman,Joanne,Request
Faustino_Quigley,Janis,Request
Clemens_Zieme,Will,Reject
Geovanni,Itzel,Accept
Valentin,Alec_Effertz,Request
Kellie,Alden,Reject
Camille.Cole,Curt,Accept
Merl.Stiedemann,Nicola.McKenzie,Accept
Yvonne_Howell,Clair,Reject
Ethelyn_Gulgowski,Tom.Orn,Accept
Cordie_Ledner,Cloyd.Heller,Request
Cydney_Bruen,Kailyn,Request
Laurie,Bud_Wolff,Reject
Jewel.Wintheiser,Rex,Reject
Mariano,Elna,Reject
Myriam.Walter,Patience.Sauer,Reject
Brigitte.Kuvalis,Chanelle.McCullough,Reject
Audra,Camryn_Emmerich,Request
Nathan_Lueilwitz,Zora,Request
Kristina_Hamill,Suzanne_Nienow,Request
Marlee,Lyla,Accept
Torey.Shields,Elian,Accept
Barton_Hamill,Johann,Reject
Jayde.Bashirian,Monica_Muller,Accept
Marjolaine.Lemke,Alicia,Accept
Anna.Turcotte,Crystal.Torphy,Request
Lou,Sam_Eichmann,Reject
Jean.Batz,Emile,Reject
Westley.Moore,Florian_Keebler,Accept
Deonte.Pfannerstill,Retha,Request
Bailee,Althea_O'Hara,Reject
Leonel,Ollie.Witting,Request
Elian.Gulgowski,Theron.Mitchell,Accept
Ernest.Wilkinson,Guillermo,Accept
Zion_Nienow,Kiana_Pfeffer,Request
Krystina_Koss,Kaylah_Lindgren,Request
Marquise_Quigley,Monte,Reject
Alfreda.Wiza,Ozella,Request
Birdie.Dickens,Belle,Reject
Cali_Hayes,Corine,Accept
Terry,Nettie.Daniel,Reject
Jacey.Breitenberg,Porter.Sipes,Reject
Junior_Torphy,Sallie.Cormier,Request
Herman,Domenica,Request
Lucius,Emelie,Reject
Mathilde,Rollin_Zboncak,Request
Aileen,Hector,Reject
Emmanuel_Hammes,Blaze_Kemmer,Request
Cielo,Finn,Request
Johathan_Balistreri,Lorena,Request
Eli_Schmidt,Rubie,Accept
Dallin,Holly,Accept
Kaci,Green,Reject
Shannon_Russel,Elizabeth_Upton,Reject
Jeff.Stoltenberg,Rosamond.Krajcik,Reject
Lori_Hammes,Zackery,Accept
Ellsworth.Dickens,Brendan_Russel,Reject
Javon,Erica.Wunsch,Request
Destiny_Lehner,Newell_Connelly,Accept
Matilde_Boyle,Austyn,Request
Myah.Hane,Muriel,Reject
Ralph_Kshlerin,Haleigh,Reject
Seamus,Cale.Lubowitz,Accept
Rusty.Hickle,Osbaldo,Reject
Isabell.Parker,Eduardo,Reject
Randal,Edwina_Kuhn,Reject
Angel,Verner,Accept
Krystel,Destany,Reject
Miguel_Bosco,Maxime_Zemlak,Reject
Kamren.Mohr,Ellis,Accept
Willa,Kareem,Request
Destiny.Schamberger,Janet,Reject
Annamae_Jacobs,Damion_Barrows,Reject
Mabel.Gislason,Kellen,Accept
Keon_Cartwright,Lonzo,Accept
Walter_Rempel,Frank,Request
Nico_Kunde,Fay.Homenick,Accept
Virginie_McLaughlin,Vladimir.Ziemann,Reject
Zachery,Assunta_Lebsack,Accept
Kiana_Hayes,Roberto,Accept
Lenora,Savanna,Reject
Rocky_Kunde,Emil,Reject
Karli_Grant,Caterina,Accept
Dedric,Madelynn.Hauck,Reject
Nicolas,Herminio_Rempel,Reject
Harry.Dach,Emery,Reject
Nickolas,Kayli,Request
Frankie_McClure,Ramona_Ledner,Reject
Samson_Smith,Kim_Botsford,Reject
Lexie_Shields,Lazaro,Reject
Rasheed_Olson,Sage.Collier,Request
Everette,Abbey,Request
Alfred,Emmy,Accept
Thalia.McDermott,Katarina_GuÂªann,Reject
Tyra_Raynor,Everette,Accept
Malvina.Bergnaum,Nathanael,Accept
Joanie.Aufderhar,Kane.O'Conner,Accept
Heath_Rice,Estella_Hirthe,Reject
Lenora_Bailey,Lavern,Reject
Kariane,Marty.Bradtke,Request
Herminia_Williamson,Wanda.Lemke,Request
Virgil.Powlowski,Kevon,Request
Asia,Christina_D'Amore,Reject
Victoria,Keith,Accept
Guido_Langworth,Salvatore,Reject
Zakary.Boehm,Eloisa,Request
Lelah.Marquardt,Brannon_Kautzer,Accept
Alec_Okuneva,Lyda_Walsh,Accept
Jeanie,Ora_Hettinger,Accept
Lorenza_Gleason,Myra,Accept
Celestino.Stiedemann,Mariam,Request
Darryl_Bosco,Billie.Rice,Request
Samson,Mayra_Williamson,Accept
Nakia_Hackett,Emelia.Mitchell,Reject
Stefan.Runte,Concepcion.White,Accept
Earlene.Deckow,Heidi,Reject
Magnus.Powlowski,Percy.Klein,Request
Merle_Harvey,Wilfrid_Romaguera,Reject
Angelica,Tommie,Reject
Kaycee_Heathcote,Fay.Smitham,Reject
Dortha.Braun,Wendell.Medhurst,Accept
Kassandra_Thompson,Caitlyn.Bashirian,Reject
Nyasia_Gaylord,Cesar.Hansen,Reject
Luciano.Wolf,Eugenia,Accept
Keely,Fae,Accept
Cecil_Jakubowski,Willy,Accept
Bria,Mavis,Reject
Yvonne,Loma,Reject
Coby,Mohammed_Toy,Accept
Nadia_Hyatt,Madge.Hansen,Accept
Mozelle.Hickle,Kevon,Reject
Ari.Guªann,Coby_Weimann,Accept
Jeffrey,Hal,Request
Domenico,Jodie_Rosenbaum,Accept
Tia,Shania,Request
Arianna_Huel,Franz,Reject
Wilton,Julianne,Accept
Maritza.Schneider,Amari_Wiegand,Request
Keon,Erwin,Reject
Adella,Anibal_Konopelski,Reject
Cordia_Volkman,Roma,Reject
Christine.Schuster,Trever_Tillman,Request
Antonina_Rohan,Marisol,Accept
Luciano,Abigail_Jacobson,Request
Alize,Lilla_Hayes,Request
Lizeth,Abe,Request
Antonette,Corbin.Prohaska,Request
Minerva,Eloise_Harvey,Request
Fiona,Mara.Franecki,Request
Luigi,Kenny_Kirlin,Request
Larue,Gardner_Spinka,Accept
Laurence,Holden,Reject
Myriam.Eichmann,Alberto,Reject
Dorcas,Kenny,Request
Tierra,Elta,Request
Claude_Kozey,Meghan_Mraz,Request
Melyssa.Leannon,Janelle,Accept
Nayeli_Emmerich,Tyra.Donnelly,Reject
Vinnie,Dallas,Request
Jammie,Adaline,Accept
Willie_Stark,Earl_Connelly,Accept
Khalil,Aliza_Mitchell,Accept
Joesph.Hane,Katheryn_Medhurst,Reject
Jacky,Vivien_Greenholt,Accept
Dandre,Triston.Pacocha,Reject
Kelly.Vandervort,Kiley,Accept
Curtis,Franz_Prosacco,Request
Aletha_Leuschke,Aida,Request
Elvis,Eliseo,Accept
Ryder,Alba,Request
Reid.Carroll,Rogers,Request
Gerry_Blick,Ashly,Request
Salvador,Gayle.Rau,Accept
Rae.Luettgen,Minerva.Kautzer,Reject
Laverna_O'Keefe,Nicholas,Accept
Brayan_Larkin,Lupe_Williamson,Accept
Emmett.Smitham,Narciso_Gusikowski,Reject
Jamel.Cremin,Koby,Accept
Hiram.Mosciski,Phoebe_Koch,Request
Jaydon_Glover,Dax_Kunde,Accept
Wilhelm,Shanel.Brakus,Request
Jefferey,Brown,Reject
Jerel_Kilback,Bernhard_Lehner,Reject
Lilyan_Grant,Alfonzo.HarÂªann,Accept
Elenor,Jared,Reject
Rachelle,Dedric,Reject
Blake,Amaya_Bernhard,Reject
Vincenzo.Kuphal,Caroline,Accept
Christophe_Stehr,Humberto.Kiehn,Request
Ariel,Annamarie,Accept
Foster_Kovacek,Margarita,Accept
Nellie.Jewess,Elisabeth_Abshire,Request
Milan_Paucek,Ubaldo,Request
Elda,Maiya.Pfeffer,Request
Rachael.Lowe,Shemar.Kautzer,Reject
Mallie_Emmerich,Randal,Accept
Ona,Kiera_Ziemann,Request
Ronny,Vickie.Cassin,Reject
Jett.Morar,Maggie_Hilll,Reject
Aron_Johns,Tobin.Streich,Request
Karlie.Jewess,Marques_Monahan,Accept
Connie.Rosenbaum,Dakota,Reject
Rowan_Ryan,Hadley,Reject
Jedidiah.Casper,Dell,Accept
Paula.Klein,Shayna,Accept
Filiberto.Runolfsdottir,Sandra,Request
Alexie.Boyle,Destiny.Walter,Reject
Garett,River.Brekke,Accept
Claire.Olson,Clifton,Request
Torrey,Everette,Request
Benjamin,Lucinda.Stiedemann,Reject
Sheila,Betty_Waelchi,Reject
Augustus,Jefferey_Murazik,Request
Rupert_Armstrong,Dayton,Reject
Mack.McCullough,Nya,Request
Reyes.Cole,Fletcher,Request
Drew.Adams,Reginald_Hilll,Request
Heaven,Bud,Request
Kaylin_Hackett,Dan_McKenzie,Request
Adrienne_Homenick,Alaina,Accept
Wayne.Pollich,Toney.Bogisich,Request
Jena_Cartwright,Myles,Request
Elfrieda.O'Hara,Domenic,Request
Tamia_Price,Alexzander,Reject
Gladys,Caitlyn,Reject
Stefanie,Kylie,Accept
Cordia,Maryam,Accept
Laney_Schoen,Johnny,Accept
Johan,Lexi,Request
Maymie_Kemmer,Guillermo,Reject
Kacie_Glover,Ted,Reject
Kendrick_Dach,Alberto,Accept
Enrico.Kulas,Owen,Reject
Gabriella,Zora,Accept
Owen.Orn,Pauline,Request
Katarina,Ryann,Reject
Letha.Huels,Joey,Accept
Victor.Sawayn,Jesse,Accept
Jeffery,Mariana.Miller,Accept
Delpha.Heathcote,Lamont.Johns,Accept
Gina_Grady,Dakota,Accept
Alexis_Yost,Eulalia,Reject
Amos.Volkman,Weston.Shields,Request
Grover,Kacie.Kozey,Reject
Alejandra.Sawayn,Nayeli_Lubowitz,Reject
Lynn,Mireya,Request
Cory,Stephany_Bednar,Request
Rhea,Bette_Thiel,Request
Edison_Sporer,Deven_Jacobson,Reject
Angeline_Ankunding,Chanel,Accept
Savanna_Lueilwitz,Laurie,Reject
Nova.Swaniawski,Fabiola.Wilkinson,Reject
Domenic,Norberto.Schowalter,Request
Andreanne.Daugherty,Trycia,Reject
Ryann.Kiehn,Gerda,Accept
Tomasa.Considine,Grace,Accept
Lane.Doyle,Lawrence_Rau,Request
Chadrick_Spencer,Kyleigh_Grimes,Reject
Jaycee.Hirthe,Ofelia,Accept
Sibyl.Lockman,Emily,Accept
Everette_Simonis,Carey.Zieme,Reject
Ardella_Mraz,Merlin,Accept
Gerry.Torp,Myles,Accept
Alexzander.Crist,Roberto_Kautzer,Reject
Vesta.Maggio,Rachelle.Ziemann,Reject
Chaim_Cummings,Maia_Baumbach,Request
Hayley_Morissette,Kavon.Breitenberg,Request
Giovanny.Romaguera,Clemmie,Request
Sienna.Vandervort,Erick,Reject
Cole,Veronica.Schneider,Reject
Scarlett_Fahey,Eulalia,Accept
Brant_Lueilwitz,Taryn,Accept
Viola.Goldner,Modesta.Von,Reject
Devante,Julio_Kunde,Reject
Jaren.Heathcote,Burdette.Leuschke,Accept
Franz_Hoppe,Jany,Accept
Haleigh.Yost,Jamil_Flatley,Reject
Gay.Nienow,Ethelyn_Gulgowski,Reject
Chris_Kilback,Shaina.Kovacek,Request
Linnie.Hilpert,Donna,Reject
Nelson,Cora_Tillman,Reject
Heath,Thomas,Request
Diamond_Larson,Annamae,Reject
Rolando.Parker,Brooklyn_Schinner,Request
Ana,Monique.Schamberger,Reject
Rebekah_Stanton,Humberto_Sanford,Request
Alivia.Steuber,Alana_Kuvalis,Request
Cale.Collins,Pietro,Accept
Chandler,Stuart_Bruen,Request
Kayli.Harber,Emery,Reject
Leann,Brennan_Beier,Request
Giles_Anderson,Lincoln,Accept
Taylor,Palma_Bradtke,Accept
Mohammed,Joany,Accept
Nedra,Jaron.Muller,Reject
Abraham.Schumm,Leopold,Reject
Hermann_Weimann,Shanie.Sporer,Request
Corene.Willms,Brianne.Bradtke,Accept
Edmund_Marks,Lue,Accept
Nicola.Cartwright,Jules,Accept
Rhea_Stracke,Julie_O'Conner,Request
Ashlee,Neva_Carter,Accept
Jerrold.Roberts,Tatum,Request
Ottilie,Ceasar.Schuster,Request
Triston,Kyleigh.Beier,Accept
Anika,Tessie,Accept
Genevieve.Kunde,Lyla,Request
Kaela_Buckridge,Katlyn_Abshire,Accept
Sabina.Trantow,Magali.Reilly,Accept
Liliana_Daniel,Sonny,Request
Celestine,Nikko_Dooley,Accept
Courtney,Micaela,Request
Keven,Salvatore_Langosh,Reject
Bryon,Shakira,Accept
Kiera_Cummerata,Duncan_Turner,Reject
Florencio,Judson_Schulist,Reject
Vella.Lowe,Antwon,Reject
Bryon.Shields,Cathrine.Adams,Request
Eugenia_Mosciski,Lon,Request
Hugh_Cremin,Kendrick.Von,Accept
Mae_Ullrich,Vince_Homenick,Accept
Hillary.Stanton,Ernesto,Accept
Jasper_Prohaska,Samara.Schroeder,Accept
Napoleon,Hayden_Johnston,Reject
Gregg.Kilback,Kaylee.Schuster,Request
Amber.Dietrich,Jackeline_Harris,Request
Zane,Tracey.Macejkovic,Request
Geraldine.Hammes,Randall.Kshlerin,Reject
Heather_Braun,Morgan_Moen,Accept
Fay.Homenick,Patricia_Barton,Request
Delores_Kautzer,Edgar.Kuphal,Reject
Josue_Williamson,Harmony,Request
Alexis.Hansen,Janie,Reject
Hunter.Mueller,Hadley,Reject
Sofia.VonRueden,Brad,Accept
Robert,Rosalind,Request
Harold.Morar,Noe.Fisher,Accept
Jamie,Lysanne,Accept
Paolo.Marks,Malinda_Koss,Request
Molly.Kozey,Israel,Request
Franco,Orland,Accept
Maxine,Guido.Boyer,Request
Pamela,Sanford.Macejkovic,Accept
Jasen,Alan.Pollich,Accept
Sherman_Hegmann,Johann.Cremin,Request
Tina,Esperanza,Accept
Shemar.Funk,Molly,Reject
Gracie_Ward,Aliza,Request
Pearline.Frami,Reece_Brakus,Request
Edyth_Abbott,Renee_Renner,Request
Brionna_King,Seth,Request
Liana.Zieme,Kaylee,Accept
Garth_Walsh,Cullen.Block,Reject
Miller,Hassie,Accept
Kennedy,Eli,Request
Cali.Bins,Alexa,Request
Jana_D'Amore,Crystel.Runte,Request
Elnora_Boyer,Laurie,Request
Gregorio_Kris,Justina.Torphy,Request
Junius.Hintz,Amely.Hyatt,Reject
General,Dianna_Armstrong,Reject
Fatima_Rodriguez,Frieda,Reject
Omer_Luettgen,Gerard,Accept
Izaiah,Kieran.Harvey,Request
Nettie.Daniel,Nedra.Eichmann,Accept
Ruby,Raven,Request
Alexandro_Tromp,Krista.Runte,Accept
Dillon,Walker_Funk,Request
Ted_Mitchell,Keanu,Reject
Will.Little,Katrina,Accept
Kacey_Thiel,Daron,Reject
Violette.Quigley,Kaela.Schuppe,Reject
Haskell,Cheyanne,Request
Marge_Friesen,Victoria_Paucek,Request
Bernhard,Ole,Reject
Cade.Russel,Muriel.Hegmann,Reject
Henderson.Lubowitz,Jedidiah,Reject
Aniyah.Schneider,Jasper.Bednar,Reject
Rubie_Prosacco,Rocky,Reject
Anissa,Maia,Reject
Hosea.Lynch,Micheal.Keeling,Accept
Selmer,Darrel.Bartell,Reject
Jade.Parisian,Kim,Reject
Dina_Von,Sabina,Request
Anais.Walker,Camryn,Request
Eloisa_Casper,Katelyn,Accept
Kaelyn,Mortimer_Wolff,Request
Jaquan.Flatley,Ellie,Request
Loyce.Lynch,Cassie.Schoen,Reject
Mason_Heathcote,Tyrese,Reject
Jace,Nicholaus_Ullrich,Accept
Candice_Ebert,Nick,Reject
Maxie,Enid,Reject
Anissa.Reichel,Nikki,Request
Margarette,Hayley.Farrell,Reject
Blaze,Cleta,Reject
Kieran.Stamm,Benjamin.Mills,Request
Oceane_Williamson,Gus,Accept
Dejah,Demarco_Kerluke,Accept
Mason,Erin.Orn,Accept
Schuyler,Shemar.Funk,Request
Xander.Abshire,Vicente,Reject
Teagan_Gerhold,Reed_Cruickshank,Request
Gregoria,Mike,Accept
Maximillia_Bosco,Edwina.Goodwin,Request
Shany_Robel,Zelma.Kemmer,Reject
Bethel,Leopold,Reject
Gonzalo_Kihn,Iliana_Ruecker,Accept
Karen_Emmerich,Rollin,Accept
Remington_Borer,Dexter.Kuphal,Request
Addison,Odell_Nolan,Request
Earline,Lisa,Request
Darren_Powlowski,Esmeralda_Bednar,Reject
Hailee.Runte,Shaniya_Shields,Request
Neil_Gleason,Tia,Accept
Benedict.Hudson,Tess.Walter,Accept
Vanessa,Roel.Runolfsdottir,Accept
Clinton,Ericka,Accept
Ed.Bashirian,Clemmie,Request
Hattie,Makayla.Sanford,Reject
Luigi_Williamson,Cortez.Hilll,Reject
Shanel,Erwin.Wilderman,Reject
Korbin,Adrianna,Request
Ebba,Ophelia,Accept
Berry.Leuschke,Sydni,Request
Amira,Javonte_Feeney,Accept
Vincenzo.Farrell,Myles,Accept
Lon.Padberg,Rico_Lindgren,Request
Marisol,Clifton.Robel,Accept
Hazel.Bechtelar,Arjun,Reject
Christopher,Dylan,Accept
Federico,Phyllis,Accept
Antonia_Pfeffer,Rosie,Request
Mariela.Howell,Kaylie,Reject
Anahi.Olson,Martine,Reject
Eugenia,Gianni_Labadie,Request
Dee,Matilda_Labadie,Request
Geraldine_Nader,Mauricio,Reject
Mortimer_Wolff,Stacey,Request
Selmer.McGlynn,Loyce_Purdy,Request
Evan.Schiller,Geovany_Leuschke,Accept
Rogelio,Hallie.Schaden,Request
Douglas.Marks,Arturo,Accept
Erick_Kuphal,Annie,Accept
Idella_Blick,Tyrell,Accept
Lisa,Torey.Weissnat,Reject
Delaney_Williamson,Louie.Miller,Accept
Maurice_Kuhlman,Verda,Accept
Cordelia.Franecki,Milford,Request
Mustafa.Kunze,Kiera_GuÂªann,Reject
Braxton_Gottlieb,Annabel_Schimmel,Reject
Keenan,Opal,Request
Sigrid.Kozey,Guy.Kris,Reject
Reba.Mohr,Kristofer,Reject
Kamren.Lesch,Blaze,Accept
Deanna,Hal.Deckow,Request
Francesca,Johnpaul_Yost,Accept
Matteo_Leuschke,Deontae.Weber,Request
Maureen.Witting,Holden,Reject
Ricardo.Hammes,Calista,Accept
Mariam_Goyette,Juanita_Tillman,Accept
Thurman.Cruickshank,Maegan_Purdy,Reject
Lamar,Adrienne,Request
Albina.Weissnat,Raphael_Aufderhar,Request
Janie.Jerde,Payton,Request
Chase.Schmitt,Keanu,Accept
Rigoberto_Baumbach,Vita.Beer,Accept
Derrick_Watsica,Ressie.Schaden,Request
Johnathon,Carolyn.Hilpert,Reject
Lavina_Ruecker,Meaghan,Reject
Lavina,Aron,Reject
Jerel_Stiedemann,Desiree.Farrell,Request
Serenity,Conor.Kihn,Accept
Domingo,Elvis,Request
Godfrey.Vandervort,Kristofer,Reject
Keira.Sawayn,Lemuel.Schowalter,Accept
Rhett.Thompson,Savanna_Boyle,Reject
Andre,Rosendo.Graham,Request
Rafael.Farrell,Cyrus.Reilly,Accept
Wiley.Wyman,Iliana_Ruecker,Reject
Zachariah,Myrl.Armstrong,Accept
Stanton,Richard.Auer,Request
Emmet,Kelley.Lakin,Reject
Ethelyn,Carlee_Farrell,Reject
Fanny_Gutkowski,Virgie_Heller,Accept
Selina_Jenkins,Ryleigh,Request
Candice.Waters,Carley,Reject
Zelda.Marquardt,Keira.Jenkins,Accept
Citlalli,Rickey_Lehner,Accept
Nova.Goodwin,Amaya_O'Keefe,Request
Helga,Mac,Accept
Camilla_Jacobi,Liza,Reject
Robbie.Towne,Newton.Hettinger,Reject
Leanne_Streich,Addie,Request
Michaela.Feest,Sophia,Request
Annabelle.Lind,Dasia,Reject
Antonina,Marc,Accept
Trisha.Doyle,Deonte,Request
Valerie_Green,Kyler.Rodriguez,Reject
Madisyn.Eichmann,Letha,Accept
Sterling.Tillman,Alphonso,Reject
Deontae.Weber,Lloyd.Schmidt,Accept
Nola_Braun,Estella,Request
Charlene,Elroy,Reject
Shayne_Cummings,Marco.Bernier,Reject
Marina_Wilderman,Nona,Reject
Annalise.Powlowski,Columbus,Reject
King.Corkery,Foster_Kovacek,Request
Geovanni.Wolf,Yazmin_Waelchi,Accept
Guadalupe,Kendra,Reject
Lucius_Gerlach,Soledad.Mante,Accept
Melba_Kovacek,Mariah,Request
Jana_Jones,Cortez_Wuckert,Reject
Pearl_Wunsch,Maynard_Koch,Request
Richie,Jerod_Emard,Reject
Ursula,Billie,Reject
Josianne,Madie,Request
Leonie,Golden,Reject
Dominic_Kub,Hayley_Hills,Accept
Hope_Mraz,Jody,Request
Gudrun.Treutel,Dixie,Request
Bridie,Alex,Request
Stephon.Braun,Norris.Veum,Reject
Mozell_Auer,Norene,Reject
Amos.Kuhlman,Russell_Franecki,Accept
Gregorio,Corbin,Accept
Tressie.Langworth,Domenic,Reject
Foster.Kshlerin,Rickey,Accept
Oma.Powlowski,Marilyne.Roob,Accept
Harley,Adrain,Accept
John.Crona,Meghan_Mraz,Request
Imelda,Karl,Request
Muhammad_Rogahn,Elza_Blick,Reject
Corene_Ortiz,Adriana,Request
Madelyn_Mann,Peggie.Jacobi,Request
Nico.Pfannerstill,Novella,Request
Efrain,Daniela_Gerlach,Reject
Elody.Corwin,Chester_Weber,Accept
Jeffrey.Lakin,Steve.Rohan,Accept
Evan_Gusikowski,Elyse,Request
Geraldine,Christa.Miller,Request
Cassidy.McCullough,Josefina_Kunze,Accept
Flavie.Hansen,Mellie_Wolf,Accept
Melvina.Murray,Lexie.Schmitt,Reject
Deondre_Senger,Cydney,Accept
Jettie,Howard.Kiehn,Accept
Rigoberto_Cronin,Dandre,Reject
Ludwig_O'Kon,Jairo,Accept
Dion,Jayden.Wuckert,Reject
Edna_Parisian,Oscar,Reject
Opal_Rice,Catherine_Bailey,Request
Santa_Bayer,Frances,Accept
Cade,Lexi,Accept
Alanna.Berge,Chelsea_Howell,Accept
Lelah_Koelpin,Cali_Hoppe,Reject
Cedrick.Ferry,Araceli_Zulauf,Request
Ruby.Prosacco,Jana_Bradtke,Accept
Nella,Helen,Request
Jermaine,Adelia_Bogan,Accept
Addie,Beaulah.Kutch,Accept
Ruthie_Hammes,Arne_Hauck,Accept
Estell_Kiehn,Brandon,Reject
Fatima,Adalberto.Farrell,Request
Benedict_Beatty,Mina,Accept
Robb,Hortense.Olson,Reject
Tressie,Norbert,Reject
Arvel,Isadore,Request
Bud.Kovacek,Berneice_Johnson,Accept
Humberto.Wisozk,Deshawn,Accept
Giovanna.Turcotte,Imani,Request
Schuyler_Zemlak,Julio_Kunde,Accept
Jerome.Wiza,Rhianna,Reject
Trycia.Luettgen,Vernice_Weimann,Request
Alexandrine_Schmidt,Zachary_Kemmer,Accept
Eugenia_Dare,Monserrat,Accept
Estel_Marvin,Cynthia,Request
Fermin_Larson,Phoebe_Kemmer,Reject
Lenore.Spencer,Kathlyn,Accept
Kaylee,Gianni.Prosacco,Reject
Gilbert_Ebert,Lelah,Reject
Frieda_Cruickshank,Juanita,Request
Janick_Hessel,Lafayette_Ebert,Reject
Sandy.Lowe,Elenor.Walker,Request
Gerardo_Stiedemann,Rey,Request
Maria,Consuelo.Marvin,Accept
Shaina.Kovacek,Georgiana,Request
Amanda_Macejkovic,Kristoffer.Koelpin,Request
Ceasar.Schuster,Otho_O'Keefe,Accept
Hudson,Bertha_Nienow,Request
Hubert,Monserrate_Cummerata,Reject
Loy.Bergnaum,Jaylan_Bogisich,Request
Cassie_Wiza,Adan.Daniel,Reject
Lyla_Lockman,Cydney,Accept
Raleigh,Edmund,Reject
Shaylee,Jeramie,Accept
Evalyn.Reinger,Clarissa_Farrell,Accept
Elissa_Harªann,Simone.Lehner,Reject
Kiel_Price,Ellsworth,Request
Weldon,Burnice,Request
Stella,Elroy,Reject
Dorian_Murray,Jamaal_Sanford,Request
Javonte,Wayne,Request
Mertie.Ankunding,Ayden,Accept
Janessa_Little,Karen.Boehm,Request
Jason_Bernier,Urban,Request
Mozell_Gibson,Rhiannon,Reject
Gwendolyn_Moore,Graciela_Wisoky,Request
Eda.Kuhlman,Israel,Reject
Edgardo,Armando,Reject
Adonis_Willms,Brenna.Witting,Request
Taurean_Torphy,Jody,Reject
Katelyn.Zieme,Roscoe,Accept
Alexandrea_Ernser,Amaya.Boyer,Accept
Elody.Feil,Alexane.Walsh,Request
Darwin.Waters,Retta,Accept
Tabitha_Kunze,Rodrick.Reichel,Accept
Rashawn,Darron,Accept
Adah.Cole,Margarett,Request
Roma_Frami,Mertie,Reject
Christop,Werner,Accept
Dale_Heller,Mohamed_Ledner,Request
Ramiro_Pouros,Vada,Accept
Fae,Madison.Hansen,Request
Jennie,Marie_Sipes,Accept
Haleigh,Clementina,Accept
Lonie_Murphy,Jamey,Accept
Ara.Kris,Aric.Mayert,Request
Timothy,Barrett,Reject
Emile,Anjali,Request
Isobel,Kim,Reject
Floy.Beier,Mariah,Accept
Arnaldo.Mante,Amos.O'Kon,Accept
Rupert,Merlin_Moore,Request
Barrett,Lura_Shields,Reject
Tyra_Rippin,August,Request
Mariano_Heidenreich,Neoma.Lehner,Request
Kathryn,Burdette,Accept
Mariana.Wiegand,Octavia_Parisian,Accept
Bulah_Carter,Aron,Accept
Hosea.Bayer,Trevion,Reject
Santa.Fahey,Horacio.Crooks,Reject
Maymie.Prohaska,Benton.Sawayn,Request
Zita_Rogahn,Will_Ullrich,Accept
Heloise.O'Kon,Martine,Reject
Dagmar.McDermott,Alexandro,Request
Chanelle,Kayli.Cartwright,Request
Sophie.Crist,Mellie,Reject
Grayce,Eloisa,Request
Chet,Edison,Accept
Hal_Hodkiewicz,Alexa,Request
Sylvester_Schoen,Roberta.Keeling,Reject
Patsy,Frieda,Request
Reyes.Keeling,Myrtle,Request
Deven_Jacobson,Verona.Rolfson,Accept
Chandler_Leannon,Alba,Accept
Walter,Lilliana,Request
Demond,Elwin,Accept
Linwood.Brekke,Zena,Accept
Bonnie.Reilly,Jovan_Roberts,Reject
Aliyah,Chester.Collier,Request
Toni.Beahan,Milo,Request
Brent.White,King_Larkin,Accept
Pauline,Bettie_Boyer,Request
Brigitte.Erdman,Zakary,Request
Felipa.Goyette,Roderick,Request
Camden,Rodrick,Reject
Julien.Murray,Weston_Kshlerin,Request
Howell,Emerson,Accept
Sienna.Zboncak,Aliya,Reject
Aaliyah.Buckridge,Guido_Quigley,Request
Kevin.O'Kon,Dina,Accept
Noah_Grant,Nestor,Request
Oda,Cullen.Block,Reject
Maximus_Reynolds,Cielo_Hackett,Request
Hillary,Cruz.Stoltenberg,Request
Reyna,Elenora,Accept
Mavis_Baumbach,Jevon.Windler,Accept
Mac_Schroeder,Juvenal.Schinner,Request
Stan,Hayley,Accept
Jordyn,Cydney,Accept
Russell,Thelma,Reject
Madonna,Joany.Hodkiewicz,Accept
Maude,Santiago,Request
Jessy,Laura,Reject
Rashad,Davon_Schulist,Request
Floy_Heidenreich,Kobe,Reject
Araceli.Quigley,Verna,Request
Nigel,Tessie,Accept
Rowland,Rodger_Reynolds,Reject
Zackery,Alvis_Schimmel,Accept
Cary.Hoppe,Sage,Request
Autumn.Marks,Noble,Accept
Tony_Ratke,Aurelia.Jacobson,Accept
Felicity,Erika,Accept
Fay,Helena,Reject
Ernesto,Thomas_Rosenbaum,Accept
Darryl.Bradtke,Enos,Accept
Brenda.King,Matilde,Reject
Eleonore,Genoveva,Accept
Owen,Rocky,Accept
Laury.Schiller,Coby,Accept
Shanelle_Farrell,Nigel_Mann,Reject
Margret.Sanford,Corene,Accept
Rubye_Haley,Delfina_Smitham,Reject
Magdalen,Deshaun.Brown,Accept
Theodora_Schuster,Casey_Streich,Request
Ora_Kemmer,Andy_Corkery,Accept
Jackson,Maymie.Goldner,Reject
Delaney,Lafayette,Request
Dusty.Tillman,Angelita,Reject
Joanny_Fay,Weldon,Reject
Chauncey,Quincy.Ortiz,Reject
Shirley,Newell,Reject
Lee_Mosciski,Nyah,Accept
Alexander.Marquardt,Quincy,Accept
Ben_Windler,Johnny,Reject
Zita.Adams,Timmothy_Dickens,Accept
Stanton_Wiegand,Mavis.Barton,Accept
Aurelie,Cydney,Request
Blair,Caleigh,Reject
Nicole_Hermiston,Reggie,Accept
Cesar.Schaefer,Vincent_Monahan,Accept
Delpha.Lehner,Tristian.Aufderhar,Request
Libby,Lukas,Accept
Kane_Schmidt,Shea_Pouros,Reject
Malachi_O'Reilly,Jamar_Gleason,Reject
Marisa,Norma.Adams,Accept
Fritz.Williamson,Wendell,Request
Ruben.Shanahan,Ezequiel,Reject
Trevor_Frami,Daisha,Request
Derrick,Estelle.Oberbrunner,Request
Buddy,Ines,Accept
Shanna.Brown,Kayley_Koepp,Accept
Hollie_Reichel,Parker_O'Connell,Reject
Nels.Brakus,Robert,Reject
Macie,Vernon,Request
Cara_Wiegand,Marcia_Brakus,Request
Kyla.Daniel,Valentin,Request
King,Gregoria,Accept
Daphne_Leuschke,Adelia,Reject
Creola.Cartwright,Florida_Von,Request
Selena_Metz,Harvey.Cruickshank,Request
Wilmer.Romaguera,Elliott,Accept
Clotilde,Trent.Hamill,Reject
Roger_Toy,Reta_Monahan,Request
Levi_Rolfson,Mitchell,Reject
Willy,Emilie,Request
Kamren.Stokes,Estefania.Pollich,Reject
Leif_Haag,Lila.Beatty,Reject
Korey,Brayan,Reject
Izaiah.Zieme,Tobin,Request
Darrell.Kilback,Faustino,Accept
Felicia_Wunsch,Xander_Kshlerin,Accept
Louvenia.Kertzmann,Keven,Reject
Christelle,Willie_Gleichner,Reject
Kathryne,Domingo,Accept
Mittie,Paxton,Request
Stefan_Legros,Jerel.Cummerata,Accept
Kaela_Rau,Jaydon.Hermann,Reject
Merle,Gabriel.Leuschke,Request
Ivah_Dooley,Pablo_Bechtelar,Accept
Lionel_Bergnaum,Ashton,Request
Ervin,Margaret,Reject
Lexie_Daniel,Edna.Considine,Request
Guillermo,Easton_Osinski,Reject
Ulises.Jast,Nola,Reject
Grant.Stanton,Nona_Balistreri,Reject
Wilfred.Reinger,Delmer,Reject
Rowena,Shannon,Request
Mollie.Dietrich,Samara.Wilderman,Request
Aylin_Hodkiewicz,Precious,Request
Malcolm_Schaden,Brent_O'Keefe,Reject
Madison.Orn,Geovany_Leuschke,Reject
Pattie.Tremblay,Conor,Reject
Hiram_Howe,Keyshawn_Marvin,Reject
Dallas,Jessika,Reject
Casimer_Keeling,Destin,Accept
Renee_Wilderman,Archibald,Reject
Ryan,Shanie.Langosh,Request
Nicola,Jaqueline,Request
Zack.Gaylord,Edgar,Reject
Cloyd.McLaughlin,Reba_HarÂªann,Accept
Garnet,Celine,Request
Delphine,Kelsi_Rippin,Request
Darrick,Ettie,Accept
Trever,Elissa,Accept
Jarret.Cronin,Irma,Request
Candida.Corkery,Corbin_McClure,Accept
Bert_Koepp,Lucio.Grimes,Reject
Misty,Maymie,Accept
Karina,Destinee_Hodkiewicz,Reject
Lexie.Lemke,Osbaldo_Gerlach,Accept
Jacques,Anais.Bauch,Accept
Wendell,Taryn,Accept
Leatha_Wolff,Laurence.Rath,Request
Birdie.Murphy,Verner,Request
Jed.Berge,Lottie_Klocko,Request
Nicholaus,Nyah,Reject
Icie,Destany,Accept
Roosevelt.Bosco,Araceli.Buckridge,Accept
Eliza,Susie.Hegmann,Request
Amparo_Dickens,Lorenza,Request
Tyrel,Freeman.Kuhic,Accept
Donavon_Mraz,Dangelo,Request
Miguel.Hermiston,Matt,Accept
Eulalia_Crist,Magnolia,Accept
Deja_Jacobi,Emiliano.Schulist,Accept
Pansy.Sanford,Enid,Reject
Pattie_Cremin,Hilbert.Kirlin,Request
Mariam.Schinner,Ezequiel,Request
Carmella,Jovanny,Accept
Myrl,Carmel,Reject
Ike.Kutch,Norris.Willms,Request
Sammie_Howell,Marisol_Mueller,Accept
Edison.West,Desiree.Abernathy,Accept
Stacey_Harber,Zakary.Schuster,Request
Vinnie_Kemmer,Krystina_Zboncak,Request
Kameron,Guido.Boyer,Request
Brock_Marvin,Ofelia,Reject
Della_Guªann,Donnie,Reject
Dagmar_Rohan,Sedrick.Herman,Request
Jules.Bahringer,Judy,Request
Ambrose,Mason.Kub,Request
Eugene,Edmond,Reject
Alice,Palma_Von,Reject
Deonte,Gussie,Accept
Braxton.Heaney,Florida,Accept
Tracey.Sawayn,Precious,Reject
Destiny.Walter,Eryn.Stanton,Accept
Dorris.O'Reilly,Madie_Towne,Reject
Lemuel.Schmidt,Trinity.Feest,Accept
Jaiden,Amalia.Cartwright,Request
Ardella.Jerde,Etha.Schumm,Accept
Opal,Suzanne,Request
Clay.Ebert,Corbin,Request
Carolyne_Olson,Jammie,Reject
Catherine_Bailey,Adeline.Strosin,Reject
Ellie,Keara,Accept
Audrey_Kerluke,Emerald,Request
Efren.Torp,Paris.Hammes,Reject
Jordyn_O'Reilly,Edna.Considine,Reject
Nelda,Fiona,Accept
Tevin.Lynch,Emma_Hilpert,Reject
Tito.Harvey,Garrison,Reject
Clay,Jackeline,Accept
Karlie.Rau,Ericka,Accept
Adam_Muller,Ora.Mosciski,Reject
Conor_Mayert,Rylan,Accept
Jazmyn_Heathcote,Wallace.Ziemann,Request
Jayme.Bernier,Hillard.Schroeder,Reject
Camille.Toy,Preston,Reject
Shanel.Brakus,Dana_Moore,Reject
Andres.Parisian,Buford_Torp,Reject
Trever_Stokes,Estell,Accept
Cynthia_Grady,Hellen,Reject
Duncan,Isai.Fisher,Accept
Fletcher_Spinka,Eleazar,Request
Kiarra_Schaefer,Joey,Reject
Alaina_Gerhold,Dayton,Request
Reina,Paul,Request
Alice.McLaughlin,Neha,Accept
Angelica.Miller,Rhiannon,Request
Isobel.Friesen,Alexa,Request
Sean.Cronin,Amos.O'Kon,Reject
Armani_Frami,Dedrick.Beatty,Reject
Jessika.Waters,Christa,Request
Idell_Konopelski,Paxton,Accept
Jarred.Bednar,Henderson_Feest,Request
Justen.Sanford,Carole_Fritsch,Accept
Ashley_Huels,Kristofer.Reichert,Request
Bruce,Deron,Accept
Phyllis,Ulises.Feeney,Reject
Otilia.Macejkovic,Christa.Miller,Reject
Juana.Jones,Dayne,Reject
Brook_Dickinson,Carissa.Bruen,Reject
Raoul,Esmeralda.Schultz,Request
Hollie,Elijah_Shanahan,Reject
Vivienne_Kessler,Kaylee,Accept
Theresa.Carter,Genesis_Heller,Reject
Estella_Osinski,Christy,Reject
Morton,Adrian,Request
Heath_Dickinson,Ludie.Hoppe,Reject
Barry.Hegmann,Sally.Schuppe,Request
Johnson.Doyle,Myrtle,Request
Noe_Bahringer,Garland_Hilll,Request
Raymond_Ebert,Lucious_Hamill,Accept
Lenna,Christa_Shields,Reject
Audra.Hane,Garrison,Reject
Annamae,Marjolaine,Reject
Sigrid_Hansen,Raegan,Accept
Mallie_Hermiston,Keyon,Reject
Ryley_Jewess,Roel,Request
Keeley,Terrance,Accept
Trudie_Daniel,Cali,Accept
Jaunita_Schroeder,Barton_Hamill,Reject
Alexandre.Muller,Jason.Bogan,Reject
Magdalen.Jacobs,Joanne,Request
Kaylee.Schuster,Florian,Accept
Terrell.Bashirian,Linnie,Accept
Karl_Moore,Gerardo_Larkin,Reject
Clay.Witting,Ryann_Rogahn,Accept
Cydney_Raynor,Bryce.Rath,Reject
Morgan_Altenwerth,Grant,Request
Arvel_Wehner,Fannie,Reject
Payton,Elliot_Kirlin,Accept
Kendall_Dach,Cecilia.Nolan,Reject
Oda_Ferry,Kaylie.Dickens,Accept
Kiley_Zboncak,Madison_Schimmel,Accept
Violet,Verner_Wiegand,Accept
Maud_Wilderman,Kaylah,Accept
Dawson_Weissnat,Carmine_Greenfelder,Reject
Shawna.Rolfson,Julian,Accept
Maymie_Donnelly,Glen,Accept
Amani,Everette,Request
Jett_Bahringer,Skye.Wunsch,Accept
Alysson,Althea.Bednar,Request
Margot,Crystal,Reject
Lera_Sawayn,Hans,Reject
Gregoria_Emard,Delores,Reject
Velma,Marty,Reject
Kaela_Legros,Hailey_Weissnat,Request
Frankie,Emilie_Breitenberg,Reject
Elenora_Herman,Colt.Hirthe,Request
Mario,Alfonzo.Feest,Reject
Clint_Nader,William,Request
Ansel.Boyer,Osbaldo,Accept
Genoveva,Camille.Cole,Accept
Irma.Wehner,Andres_Bashirian,Reject
Cody_Toy,Cornelius_Kautzer,Reject
Sabina,Raheem.Cruickshank,Reject
Ruben_West,Percival.Kunde,Reject
Hiram_Brakus,Daphne_Leuschke,Request
Viola,Ethyl.Osinski,Accept
Jermain_Morar,Alexandria,Accept
Joanny,Oswaldo,Reject
Dawson,Rose,Request
Elza_Larkin,Chaim.Considine,Accept
Clyde.Jenkins,Geovany_Strosin,Reject
Julie.Anderson,Calista.Aufderhar,Accept
Tremaine.Heaney,Alice,Request
Anastasia.White,Ellis,Accept
Zoe_Kreiger,Janis,Accept
Eulalia_Zulauf,Dangelo,Reject
Abdul_Green,Chance,Accept
Deonte.Osinski,Jessie,Reject
Mohammad_Kunde,Emmanuel_Kuvalis,Reject
Magnus.Kulas,Ezekiel,Accept
Neha,Imogene.Effertz,Accept
Rashawn_Lang,Sigmund,Request
Malvina,Wilhelmine,Reject
Allene.Krajcik,Emerald_Streich,Request
Demario.Orn,Albert_Towne,Request
Mabel_Kohler,Axel_Flatley,Accept
Emiliano.Haley,Omer_Luettgen,Accept
Evalyn_Anderson,Alf_Aufderhar,Request
Victoria_O'Connell,Eve.Sipes,Reject
Maegan_Purdy,Jordyn.Altenwerth,Request
Theresia_Ortiz,Jeremie_Corwin,Accept
Liana.Nader,Raegan,Request
Mellie,Gillian_Heller,Accept
Jadon_Quitzon,Kathryne.Wolff,Request
Fausto_Romaguera,Bernard,Accept
Stephanie_Predovic,Valentina,Request
Ella.Bednar,Jarod_Bergnaum,Request
Cindy.Stiedemann,Donny_Ruecker,Request
Brain_Glover,Zane.Torp,Accept
Edison_Smitham,Dorothy,Accept
Mafalda,Iva,Request
Elian.Little,Leatha,Reject
Luisa.Nitzsche,Ozella_Terry,Accept
Roman,Beau_McClure,Reject
Mustafa_Hickle,Kaylee,Accept
Benton.Howe,Monty.White,Accept
Johnathan,Chloe_Streich,Request
Madaline.Mertz,Wilhelmine_Reinger,Request
Donna_Nitzsche,Augustine.Mann,Accept
Jane.Purdy,Gisselle,Reject
Mossie_Spinka,Jany_Daugherty,Request
Rahsaan,Coty,Accept
Shayna.Powlowski,Lindsey,Reject
Doyle_Feest,Camryn,Accept
Romaine_Hyatt,Abner_Weimann,Accept
Viviane_Waelchi,Carolyne,Request
Lynn.Pacocha,Golda,Accept
Alena,Zaria.Greenfelder,Reject
Dolores,Austyn,Reject
Madison.O'Keefe,Clair,Request
Lorenza_Howe,Loren_Nader,Accept
Brandy_Gutkowski,Garrett.Mayert,Reject
Jamar,August_Becker,Request
Bridgette,Ivory.Stark,Request
Brando_Schuster,Sage,Reject
Xavier_Nolan,Jared,Reject
Reuben,Tomasa.Grady,Request
Alena.Fadel,Agnes_Luettgen,Request
Porter.Kihn,Dallas_Lueilwitz,Accept
Cleveland,Vivianne,Reject
Ottilie_Nicolas,Destiny.Cartwright,Accept
Tessie,Coby.Lueilwitz,Request
Marilie.McClure,Keon,Reject
Ernestine,Ahmad_Marvin,Accept
Britney,Lizeth_Maggio,Request
Rylan,Giovanny,Accept
Joe,Jody,Request
Rae.Carter,Toy,Reject
Maya_Gibson,Dante_Gutkowski,Reject
Newton,Michael.Walsh,Reject
Eleonore_Goyette,Lauryn,Accept
Samara.Wilderman,Tiana_Wintheiser,Request
Vincenza,Marco_Dietrich,Accept
Clara_Bartell,Karianne_Shields,Accept
Jerel,Brittany,Request
Jarrett_Weimann,Harmony,Reject
Kaley,Davon,Reject
Kellen,Aurelie,Reject
Abby_Rohan,Amir_Funk,Reject
Kaleigh_Schulist,Raymundo.McClure,Request
Dino.Walker,Nona,Request
Edgar_Fahey,Felix,Accept
Ryley.Turner,Isaac,Reject
Allene_Gleichner,Lucy_Heathcote,Reject
Braxton,Abelardo.Dibbert,Reject
Asha.Wilkinson,Alyson,Reject
Zelma,Jannie_Wiegand,Accept
Bonita,Margaret,Request
Fidel,Cordia.Bahringer,Accept
Kelton,Arvel.Bosco,Accept
Orlo,Elna.Upton,Accept
Adelia.Harªann,Tyreek.Zulauf,Accept
Winnifred,Cynthia,Accept
Thomas,Elnora_Boyer,Accept
Ahmed.Ward,Brooke,Accept
Malachi_Aufderhar,Ardith,Accept
Hermina,Gussie,Accept
Berenice_Rutherford,Norwood_Dicki,Request
Osbaldo,Hadley,Reject
Eliane_Block,Marcus_Hane,Reject
Dortha.Sipes,Carolyne,Accept
Grady_Nader,Geovanny.Nader,Accept
Frederique,Lesly.Dooley,Request
Anderson,Arne_Kessler,Reject
Rashad_Goldner,Billie,Request
Rudolph_Kunze,Albin,Request
Elmore_Sauer,Claudie_Kub,Reject
Stefanie_Von,Bernadine,Accept
Darius_Gislason,Armando_Rolfson,Accept
Arnold,Simone,Accept
Deshawn,Carole,Accept
Kaia.Kling,Danielle_Paucek,Request
Virginie.Schimmel,Antonette,Request
Ernest.Runte,Daniella_Osinski,Accept
Haley,Ike_Jacobi,Reject
Isaiah,Arvid,Accept
Woodrow.Jerde,Cordell,Accept
Pinkie_Okuneva,Jewel_Kautzer,Accept
Mattie_Gleason,Chad,Reject
Freida_Bayer,Terence.Bartell,Reject
Houston_Kerluke,Verdie.Schmeler,Accept
Cody_Koelpin,Karlie,Accept
Verdie.Brekke,Shemar.Purdy,Request
Sandy_Abshire,Kayli,Request
Schuyler_Dietrich,Arden.Cassin,Accept
Coty_Johnston,Justyn,Accept
Bernadine_Pfannerstill,Francis_Romaguera,Request
Martina,Hilton_Ritchie,Accept
Tremayne.Jenkins,Myah.Rau,Accept
Maymie_Oberbrunner,Angelo,Accept
Jarrell_Gulgowski,Benton,Reject
Marie,August,Reject
Daniela,Moises.Botsford,Reject
Ebba_Predovic,Georgianna,Reject
Jamir_Maggio,Meggie,Accept
Jarod,Tom,Reject
Josefina_Kunze,Lorena.Turner,Accept
Kattie,Dane,Reject
Geraldine_Legros,Percival,Request
Reymundo_Metz,Adella,Request
Eunice_Schroeder,Lynn,Request
Heidi,Danny,Request
Monserrat,Sigmund,Accept
Kennedy.Frami,Christa,Request
Clifton.Doyle,Mackenzie,Accept
Alta,Vern,Reject
Finn.Kuvalis,Einar.Gibson,Request
Carlee_McLaughlin,Marisa,Reject
Austen.Grady,Reed,Request
Estel.Brakus,Walker,Accept
Derick_Sanford,Alyce_Rosenbaum,Reject
Roderick,Yazmin,Accept
Jerrod,Lolita_Corkery,Request
Diana.Considine,Lou.Frami,Request
Julius,Jeffry,Reject
Arthur.Koch,Ernest,Accept
Van_Rath,Gavin_Wuckert,Reject
Minnie,Saul_Kovacek,Request
Felipe.Stehr,Morris_Harris,Request
Aurelia.Pfeffer,Virgie.Ankunding,Accept
Sonny.Bernhard,Randal,Request
Claudia_Mills,Chelsea,Request
Jade,Gianni.Franecki,Reject
Turner_McCullough,Giles_Monahan,Reject
Abraham_Keeling,Wade_Gottlieb,Reject
Clark_Homenick,Judge.Kub,Request
Ubaldo,Margaret,Request
Hazle.Mueller,Edwina.Reichel,Accept
Robin.Littel,Demond_Veum,Request
Bethany.Denesik,Trinity,Request
Adan_Rice,Carlotta.Quigley,Accept
Layla_Fay,Jillian.Roberts,Accept
Emile.Gusikowski,Tyra_Macejkovic,Accept
Roberta.Keeling,Kristian,Accept
Hollis.Gleason,Victoria,Reject
Lula_Cummings,Unique_Zieme,Accept
Schuyler.Berge,Shaniya,Accept
Delores,Baylee.Waelchi,Request
Elian,Xavier_Lynch,Request
Cathrine.Collier,Emmanuel_Balistreri,Reject
Lenna.Fahey,Florian_Cole,Accept
Luisa_Kshlerin,Noemy_McGlynn,Reject
Kieran.Harvey,Rose.Thiel,Accept
London,Jennings_Lynch,Request
Alia_Bruen,Donato,Request
Jay.Rohan,Arnoldo,Reject
Ashlynn.Moen,Maverick.Beatty,Request
Isabel_Kertzmann,Antonette_Hilpert,Reject
Corine_Feil,Lincoln,Accept
Imogene_Koelpin,Garrison,Reject
Thora_Walsh,Justen_Hessel,Reject
Ofelia.Davis,Mariano_O'Hara,Reject
Arvel.Bosco,Rory.Skiles,Reject
Cesar,Destini_Hirthe,Request
Vladimir.Nicolas,Rick,Reject
Lew.Jacobs,Amy,Request
Haskell_Bernhard,Schuyler_Hand,Accept
Kacey,Ruthe_Cole,Accept
Shaniya_Shields,Darius,Reject
Bryon_Larson,Rylan_Stamm,Reject
Eduardo.Morissette,Esmeralda,Request
Petra.Sauer,Guillermo,Request
Grayson,Violette,Reject
Freeda.Kris,Louie,Request
Doug,Deondre_Kemmer,Reject
Margaretta_Krajcik,Serena,Accept
Cecelia,Giovani_Flatley,Accept
Dejuan,Moises.Botsford,Accept
Jacey,Dovie_Mueller,Accept
Vidal_Cummings,Joey,Request
Ian,Delaney.Ondricka,Request
Kennith_Bogan,Jayson,Request
Wiley.Collins,Layne,Request
Jacklyn_O'Hara,Floy.Beier,Reject
Garett_Grant,Liana.Gerlach,Accept
Trevion,Annette.Fisher,Request
Amparo,Jarod,Request
Dora,Amos,Accept
Mckenzie.McCullough,Destini.Kassulke,Accept
Judd_Powlowski,Taryn,Accept
Madge.Deckow,Johnpaul_Turcotte,Reject
Clare,Maude,Request
Emma,Marty_Stroman,Request
Ole_Shanahan,Yasmeen_Grant,Request
Kim_Donnelly,Icie,Reject
Stanley_Johnson,Tess,Request
Kyla_Lubowitz,Ed,Request
Maegan_Erdman,Einar.Jast,Reject
Shanny_Davis,Jazmin,Request
Martine,Jonathan.Douglas,Reject
Allene_Wolf,Reynold.Gerhold,Reject
Johann.Buckridge,Maggie_Skiles,Accept
Theo,Vallie.Barrows,Request
Amelie_Wisoky,Micheal.Keeling,Reject
Lauretta_Herman,Christina_Lemke,Reject
Sylvia,Gerald,Request
Ron.Pagac,Wyatt_Shanahan,Request
Isac_Bogan,Ryley.Gaylord,Reject
Ted.Carroll,Aliyah.Jacobson,Reject
Brayan_Carter,Mekhi_O'Reilly,Request
Sydnee.Swaniawski,Nathen,Accept
Roosevelt,Rhiannon,Reject
Ulises.Feeney,Nettie,Request
Cristina.Labadie,Alta_Ortiz,Accept
Janessa.Ullrich,Amalia.Rutherford,Request
Thad.Hudson,Deron_Gibson,Reject
Joany_Reichel,Jalon,Request
Drake.Deckow,Tyler,Accept
Kamron.Herzog,Shanie,Reject
Zaria,Kayden.Bernier,Request
Modesto,Danielle,Accept
Herman_Kirlin,Edmond,Request
Orland.Heller,Eugene,Request
Angelita.Greenholt,Otto,Reject
Jake.Schamberger,Onie,Request
Katheryn,Marshall,Accept
Thaddeus,Mossie_Effertz,Accept
Joannie,Karley.Reinger,Request
Keven_Boyle,Isabelle.Johns,Accept
Ole.Kohler,Frederik,Accept
Edna,Abigale,Accept
Frederick_Harris,Wyman,Reject
Sidney_Bartoletti,Faustino,Accept
Desmond.Wisoky,Sterling,Accept
Rafael.Stark,Lizeth,Request
Norberto,Gust_Heaney,Reject
Aletha,Jarret.Russel,Reject
Joshua.Kunde,Candido_Flatley,Reject
Kelsie,Garrett.Hauck,Reject
Kevin.Bode,Santos,Reject
Wyatt.Langosh,Keven_Boyle,Reject
Sigrid.Denesik,Theo.Sporer,Reject
Diego,Marcelo.Ankunding,Request
Angie.Tremblay,Bud.Hackett,Request
Brannon,Liliane,Request
Rae_Ernser,Kyleigh.Beier,Accept
Lela_Crist,Misael,Request
Clemens.Koelpin,Athena.Kohler,Request
Tate,Trent_Cole,Reject
Pasquale.Carroll,Camylle_Christiansen,Accept
Bill,Linnea.Swift,Accept
Loy_Hermiston,Bernice,Reject
Makayla.Sanford,Woodrow,Accept
Davonte.Hane,Melvina.Veum,Accept
Maximillian_Russel,Kirsten,Accept
Irma,Virgie_Mann,Accept
Andreanne.Walker,Josephine,Accept
Houston.Bednar,Cristina,Reject
Immanuel,Luther_Rosenbaum,Reject
Theodore,Eino,Reject
Santos.Bruen,Milford,Reject
Richmond,Garrison.Koelpin,Accept
Lonny.Luettgen,Leonor.Auer,Accept
Julianne_Spencer,Simone_Predovic,Reject
Alysa.Yost,Alphonso,Request
Charlotte,Toy_Klein,Reject
Keyon,Ephraim,Accept
Jayson,Mikel,Accept
Shayna,Abdullah.Swaniawski,Accept
Maximillian_Prohaska,Marcus,Request
Cynthia_Krajcik,King.Corkery,Accept
Geovanny,Dewayne_Jaskolski,Request
Ladarius.Crist,Dasia,Reject
Christiana.Bernier,Creola.Bayer,Accept
Karina.Ferry,Madelynn,Accept
June,Alejandra,Request
Mabelle_Wintheiser,Jillian.Roberts,Reject
Queen_Brown,Javon.Mitchell,Reject
Americo,Kristofer,Reject
Augusta,Tianna.Renner,Reject
Kiana.Satterfield,Antonina_Rohan,Request
Keon_Gislason,Flossie,Reject
Harmon_O'Keefe,Robb,Accept
Anika.Breitenberg,Brody.Hudson,Accept
Dallas.Brekke,Pedro,Reject
Mariela_Anderson,Saige,Request
Clara.D'Amore,Jorge,Reject
Brigitte,Teresa,Accept
Alexandria_Roob,Hilma,Reject
Nick,Nedra.Schmidt,Reject
Nova_McDermott,Rudolph,Reject
Mathilde_Kris,Alia.Weimann,Accept
Samson.Cormier,Rudolph_Stroman,Request
Meredith_Harªann,Gerhard,Reject
Hildegard,Savanna,Request
Eladio,Lacey,Reject
Calista,Laurine.Trantow,Request
Camila_Welch,Aletha.Welch,Reject
Matteo_Stroman,Lavina.Smith,Reject
Fanny_Larson,Margret.Watsica,Request
Jodie,Zachary_Kemmer,Reject
Alana_Dach,Colton,Request
Antonina_Beatty,Delta.Toy,Request
Jett_Donnelly,Marlon.Spencer,Request
Kiana,Betty,Reject
Kianna_Trantow,Mario,Request
Rodrick.Berge,Allison.Boyer,Request
Kamille.Sanford,Cody,Reject
Otilia,Amelie_Cummerata,Request
Cleta,Elian_Parisian,Request
Muhammad.Rutherford,Griffin,Request
Annie_Jast,Khalil.Cormier,Request
Maxine_Abbott,Magnus.Powlowski,Accept
Freeda.West,Wade.Gusikowski,Accept
Kale,Al,Request
Mable,Kayley.Cruickshank,Reject
Hermann_Bednar,Corbin,Reject
Lola_Fadel,Ryley_Reichel,Request
Logan.Schaden,Talon,Accept
Loyce,Troy,Reject
Mafalda.Bogan,Candelario,Request
Maggie,Juwan,Accept
Bertrand,Athena,Reject
Cassie.Schaefer,Willis.Adams,Request
Sabryna_Mraz,Leann,Request
Jett,Hannah_Lesch,Accept
Wilfred.Heidenreich,Kurt_Abshire,Reject
Tatum.Ferry,Marjolaine.Littel,Request
Lee_Halvorson,Dorthy,Reject
Josefina.Hills,Emanuel_Kovacek,Accept
Adela.Lehner,Stewart,Request
Edyth.Zulauf,Amelie_Carroll,Reject
Blanca.McClure,Scotty.Ledner,Request
Jeffery_Stroman,Ward,Request
Marilou,Layla.Schoen,Request
Florine,Jennifer,Accept
Juvenal,Carmine.Weimann,Accept
Vernon_Waters,Salvatore_Grimes,Reject
Tristian_Tremblay,Omer,Request
Talon_Nienow,Sharon,Reject
Floyd,Misael,Request
Loyce_Purdy,Leta,Request
Stephan_Schowalter,Lera,Request
Kadin_Wolff,Mattie_Lesch,Accept
Abraham_Kuhlman,Morgan_Altenwerth,Accept
Oscar,Nayeli_Lubowitz,Request
Jacynthe_Okuneva,Javonte_Brown,Request
Leonor,Kathlyn_Stehr,Request
Green,David_Heidenreich,Request
Josefina,Dax,Reject
Reta_Monahan,Dorthy.Nitzsche,Request
Jorge_Bode,Fay_Bogan,Request
Novella.Gulgowski,Brooke,Reject
Ali_Monahan,Aileen_Wilderman,Accept
Deanna_Rolfson,Furman_West,Request
Makenzie_Powlowski,Fausto_Ankunding,Reject
Edna.Considine,Fausto_Boyle,Reject
Jay.Kuhic,Osvaldo,Accept
Savanah.Schuster,Camden,Reject
Montana,Bryana.Rice,Accept
Deborah.Streich,Niko,Request
Kelsi_Corwin,Timmothy_Gleichner,Accept
Filiberto,Solon.Simonis,Accept
Casimer,Roberta_Block,Request
Lelia_Schimmel,Kraig.Shanahan,Request
Dominique.Green,Myron.Deckow,Reject
Travon_Reichel,Cordelia,Reject
Jazmyn.Schamberger,Cathy,Accept
Eveline,Mitchell,Request
Halie_Blick,Colten,Accept
Dock_Crooks,Korey.Heller,Request
Hailie_Kiehn,Candace,Request
Ellen_Mayert,Mitchel.Harvey,Accept
Kristofer,Trudie_Kozey,Reject
Delia.Blanda,Claudia_Mills,Reject
Moshe,Ariel,Reject
Carmelo,Leonardo.Ernser,Reject
Brant.Parisian,Brannon_Strosin,Accept
Leonard.Medhurst,Rashad,Accept
Toby,Patricia,Reject
Carmine.Schuster,Gudrun,Accept
Elizabeth.Kulas,Ryder,Request
Meda,Twila,Reject
Brianne_Raynor,Alejandrin.D'Amore,Reject
Jaeden.Leuschke,Pansy,Reject
Freeda_Mayer,Alia_Satterfield,Accept
Clair,Roslyn_Stroman,Reject
Keshaun,Derick,Request
Lowell_Jacobs,Helmer_Wisoky,Reject
Keven_Bernhard,Mertie,Request
Rasheed_Gerhold,Merle,Request
Lori_Cummerata,Vernon,Reject
Leon,Bart_Cormier,Reject
Kayden,Marquise_Quigley,Accept
Francisco_Funk,Kallie.Klein,Request
Hassie.Roob,Katrine,Reject
Idella,Ola_Farrell,Accept
Megane.Gerlach,Maximillia,Reject
Paolo.Feeney,Baron_Carter,Request
Katharina,Devon,Reject
Malachi,Antwan,Reject
Stanton.Moen,Max,Accept
Merlin_Moore,Abigayle.Krajcik,Request
Johnathan_Carroll,Tatyana.VonRueden,Reject
Delfina,Maggie,Accept
Erika,Conrad,Request
Eddie.Kuhn,Llewellyn_Kassulke,Request
Jan.Bailey,Nicolas.Koepp,Reject
Ericka,Elliott_Nolan,Request
Joanne,Kaylin,Accept
Percival.Fritsch,Thomas,Request
Vicenta,Rigoberto_Cronin,Accept
Colleen.Padberg,Damion.Harris,Accept
Shanna_Lesch,Ivah,Reject
Darrell.Stamm,Adah.Bauch,Request
Kim_Gutkowski,Gus.Harber,Reject
Adrien.Larson,Charity,Request
Howell.Lindgren,Gabe.Carter,Request
Virgil_Mills,Autumn_Lynch,Accept
Soledad.Schmitt,Dee.Lehner,Accept
Devyn,Lucious,Accept
Jacquelyn,Emilie_Ledner,Reject
Florian_Keebler,Leann,Reject
Fermin,Ruby,Request
Elsa.Langworth,Chaim,Accept
Wilfred_Tremblay,Talon,Reject
Fernando_Rice,Amani.Stracke,Request
Dayton_Thiel,Johnson,Accept
Judge_Bogisich,Anika.O'Connell,Request
Frank_Halvorson,Chelsey,Reject
Frances.Sporer,Erick,Accept
Anastasia.Hayes,Ibrahim,Request
Cleveland_Hagenes,Carolina.Thompson,Request
Kristy_Beier,Norris,Request
Elsie_Orn,Maude,Request
Gilbert,Jennie,Accept
Eileen_Jakubowski,Vita,Reject
Hannah,Jillian,Reject
Cedrick.Morissette,Noah_Leannon,Reject
Stone_Labadie,Cooper,Request
Ada,Anita,Request
Jedediah_Mraz,Madison_Stark,Reject
Winston_Kshlerin,Ursula,Accept
Lyric,Macey.Mayer,Reject
Norbert.Schuppe,Chance,Accept
Vernon.Hodkiewicz,Coy.Lesch,Accept
Torey,Nigel,Reject
Suzanne,Oran_Romaguera,Reject
Everett,Leola,Accept
Alicia,Barry,Reject
Pedro,Abbey,Request
Eliezer_Stark,Jaqueline,Request
Ayla,Eldora_Parisian,Request
Elyssa,Felicita,Request
Ben,Nedra_Batz,Accept
Carolyn.Crona,Diana_Homenick,Reject
Itzel,Cordia,Reject
Karson.Fritsch,Jaunita,Request
Justine.Nader,Kelly,Reject
Vern.Heidenreich,Dayne_Kreiger,Reject
Tierra.Gleason,Madilyn_O'Reilly,Accept
Hertha,Kobe.Gibson,Reject
Lorine.Simonis,Kitty,Request
Declan_Bashirian,Kelsi,Request
Trisha.Hammes,Chyna.Reichert,Accept
Jaylon_Aufderhar,Lourdes.Terry,Reject
Sydni,Sandrine,Request
Stephania.Jaskolski,Tessie.Gleason,Accept
Victor.Lakin,Karine_Swift,Reject
Chaim,Hillary,Request
Lura,Carson,Request
Isabel_Dicki,Ida,Request
Kiel,Ryleigh,Request
Clint,Cara.Ankunding,Accept
Magnus.Shanahan,Isabelle,Reject
Bonita_Sporer,Lilla_Hayes,Request
Alexane.Dibbert,Ethyl,Accept
Jade_Stoltenberg,Augustine_Dibbert,Reject
Karolann.Hettinger,Corbin,Accept
Rowena.Spinka,Eulalia,Accept
Christina_Durgan,Emmalee.Runolfsdottir,Request
Eli,Jerrod,Reject
Lexie.Hand,Evalyn,Reject
Antonina_O'Reilly,Rylan.Rippin,Reject
Cali.Kris,Margret_Marks,Accept
Lyla_Auer,Pablo.Bogan,Request
Anabel,Jettie.Nikolaus,Request
Esteban.Legros,Vivianne,Reject
Anna,Edyth_Abbott,Reject
Kaitlin_Zieme,Everardo,Accept
Jerad,Chance,Accept
Karine_Swift,Thelma,Reject
Renee.Hamill,Guiseppe_Hauck,Accept
Heloise,Libbie_Wisozk,Accept
Pedro_Hilll,Brionna,Request
Turner.Weissnat,Elmer,Accept
Ralph.Barrows,Cindy,Reject
Seth,Jaeden,Accept
Eve,Kaleb.Heller,Request
Abagail,Heath_Block,Request
Alexie.Brown,Demetrius,Request
Vada_West,Gisselle,Reject
Santa.Bartell,Alverta,Reject
Bertram,Beau.Runolfsson,Reject
Liliane.Gibson,Jodie,Reject
Brian_Grady,Stanley_Considine,Reject
Cindy_Hills,Fay,Reject
Grace,Alvis,Reject
Braden.Welch,Laverna,Accept
Glenna,Marisol.Purdy,Reject
Timmy_Runolfsdottir,Blair_Blanda,Reject
Peyton_Keeling,Desiree,Request
Gail.Breitenberg,Fleta,Reject
Xander_Dietrich,Bradly.Stroman,Request
Norwood.Mante,Walter,Accept
Maribel_Bruen,Carmella,Accept
Shany_Sauer,Rigoberto,Reject
Bryana.Reichel,Julianne.Heathcote,Accept
Sofia_Tromp,Marilie,Request
Maudie,Kamille_Oberbrunner,Accept
Leonora_Kshlerin,Isabella_Tremblay,Reject
Myrtis_Prohaska,Stephan_Schowalter,Request
Herminio,Eliza_Brown,Reject
Russ_D'Amore,Corene,Request
Kaleigh,Brenna.Feil,Reject
Tad_Schroeder,Faye,Reject
Lina,Clinton_Kulas,Reject
Kelly,Alvina,Request
Myriam,Jeffery,Reject
Abdiel_Towne,Zechariah,Request
Darrion,Tyra_Macejkovic,Accept
Edwardo_Legros,Murphy_Swaniawski,Request
Gladyce.Leffler,Vernice_Sawayn,Request
Adrian.Kutch,Clint_Mayer,Request
Marietta_Mann,Sigurd,Accept
Esteban,Leo_Lakin,Reject
Lester,Jude,Accept
Novella,Trisha.Doyle,Request
Braden,Steve,Accept
Augusta_Corwin,Chadrick_Skiles,Request
Gideon_Ferry,Margarita,Request
Deondre.Schowalter,Moses,Accept
Eliane_Fadel,Ulices_Russel,Accept
Cecile_Frami,Isabelle.Johns,Accept
Oceane,Stanley,Reject
Ferne,Nola,Reject
Jimmy_Renner,Clifton.Kirlin,Accept
Okey_Heaney,Cecile_Smitham,Reject
Cristina,Onie,Reject
Sherman,Lucio,Reject
Ryleigh.Kuhlman,Virgil,Accept
Meghan_White,Aiyana,Request
Sheldon_Kuphal,Selena_Wintheiser,Reject
Karley,Leon.Ward,Accept
Emmanuel.Kiehn,Mariela_Crona,Accept
Blanca_Hintz,Cathrine_Lebsack,Request
Rylee.Nader,Colten,Accept
Kamryn.Rath,Harold,Accept
Torrey.Kris,Susie.Krajcik,Reject
Kaia,Kyleigh,Accept
Mandy_Schowalter,Janiya,Reject
Missouri.Carroll,Daisha,Reject
Ernestina,Idella,Reject
Stone,Gudrun,Request
Merritt,Kevin,Accept
Kassandra.Weimann,Santa,Request
Addie_Krajcik,Cesar,Request
Alana.Roob,Lorenz,Reject
Felipa_Beier,Ashlee,Reject
Felicia.Wunsch,Odessa_Ortiz,Reject
Lourdes,Rick,Reject
Lea.Macejkovic,Wanda,Reject
Curtis.Wilkinson,Amya,Reject
Era_Effertz,Bud.Kertzmann,Request
May.Beer,Guillermo,Request
Armand.Feeney,Cecile_Legros,Request
Brennan,Mabel,Accept
Merle_Batz,Autumn.Rolfson,Reject
Wade.Gusikowski,Austen_Harvey,Request
Mayra,Harrison,Accept
Ellen_Schaefer,Brendon,Reject
Kiley_Konopelski,Claudie,Reject
Frieda.Kunze,Kacey_Parker,Request
Jamarcus,Gina.Quigley,Request
Abner.Miller,Emmy.Ebert,Request
Fermin.Blanda,Barrett,Reject
Callie.Sporer,Serenity.Buckridge,Reject
Herman.Funk,Brigitte_Strosin,Request
Linwood,Dino,Reject
Abel,Beryl_Trantow,Accept
Garett.Fahey,Rolando,Reject
Felipa,Adah,Accept
Cathryn_Hickle,Garrett_Zieme,Accept
Edison_Bergnaum,Mazie,Request
Raymundo.Bode,Theresia,Accept
Angie.Cummings,Kaci_Parisian,Request
Carley.Walsh,Erling,Reject
Jettie_Hudson,Leta.Shanahan,Request
Desiree,Johanna_Durgan,Request
Jeffery_Willms,Esta,Request
Kane,Mateo.Wisozk,Request
Marquise,Trace.Koss,Request
Wyatt_Shanahan,Alia,Accept
Emma_Gutkowski,Derick_Jewess,Request
Natalia,Maxine,Accept
Lambert,Michael.Walsh,Reject
Brain,Percy,Accept
Abigail_Rippin,Wilbert,Accept
Christelle.Ferry,Kelton.Keebler,Request
Ladarius,Edgar,Reject
Christina.Schamberger,Allie,Request
Nicholas,Ethelyn,Reject
Afton_Schmitt,Isom_Reynolds,Accept
Arturo.Yundt,Destany,Reject
Francis,Weldon_Williamson,Accept
Markus_Bednar,Alyce_Russel,Accept
Lelia.Lind,Mike_Gleichner,Accept
Wava,Meagan_Dicki,Request
Brannon_Kautzer,Aurore_Lubowitz,Reject
Rory,Furman.Considine,Reject
Jessika.Champlin,Cayla,Accept
Joey_Green,Angelita,Accept
Triston_Wehner,Zackary_Medhurst,Accept
Cierra_Hamill,Rosalyn_Barrows,Request
Terrill.West,Ryann,Request
Alia,Maud_Bogisich,Request
Jordan_Lind,Aron_Grady,Accept
Allen_Thompson,Crystal,Reject
Julian_Jacobi,Elise_Bauch,Reject
Larissa,Ebba_Runte,Reject
Alvis,Jordyn.Dibbert,Accept
Roger.Herman,Pasquale.Emard,Reject
Grover_Kris,Jana,Reject
Finn_McLaughlin,Sammie.Little,Reject
Lorenza_Rutherford,Katharina,Accept
Nya_Wilkinson,Hollie,Reject
Henri.Terry,Damion.Harris,Accept
Hope_Hackett,Ozella,Accept
Marcelino,Dennis_Cummerata,Accept
Will.Walker,Tyrel,Request
Rico_Lindgren,Lamar_Eichmann,Reject
Kenyatta.Fay,Evie,Accept
Katelynn.Bergstrom,Clifford,Request
Jasper.Cummings,Napoleon,Reject
Renee_Bartell,Meggie,Accept
Magnolia_Wehner,Aletha_Baumbach,Accept
Eldred_Nicolas,Albina.Morissette,Reject
Isabel,Emile.Kulas,Accept
Kelton.Kub,Darrin.Kuphal,Accept
Erin_Padberg,Alanna,Request
Amie,Andres,Request
Madonna_Steuber,Kirk_Kuphal,Reject
Laury,Adriana,Reject
Davin.Gutkowski,Valentin,Reject
Kyla_Gaylord,Jamil,Accept
Glenda.Zboncak,Boris_Romaguera,Reject
Fiona_Purdy,Jeanne.Spinka,Reject
Lavern,Javon,Request
Sabryna_Herman,Mario,Accept
Brook,Morgan,Reject
Juliana.Veum,Deonte.Hills,Reject
Antonetta,Karianne.Steuber,Request
Ruben_McLaughlin,Curtis,Request
Alexandria_Wilderman,Troy,Accept
Reanna,Maribel,Accept
Judd.Kutch,Bo,Reject
Blake_Huel,Micah_Zboncak,Accept
Cleo_Wilkinson,Hoyt_Larson,Request
Fannie_Halvorson,Jermaine,Request
Zita_Stokes,Imelda_Jacobs,Accept
Brendon,Karlee_Lehner,Accept
Flavio.Jerde,Gardner_Adams,Reject
Elvis_Boyer,Baron,Request
Ahmed,Myah,Accept
Curtis.Spencer,Clyde,Accept
Lee_Windler,General,Accept
Simeon.Swift,Tobin.Waters,Accept
Adella_Schaefer,Genevieve,Accept
Regan,Alene_Bergstrom,Accept
Amos.Bartoletti,Alvina,Reject
Neoma.Hauck,Krystina_Watsica,Request
Andreanne_Walker,Nestor,Request
Cathy,Janelle,Request
Mara_Considine,Tina,Request
Sadie,Donnell_Pfeffer,Accept
Valentina.Satterfield,Maryse_Gibson,Accept
Hilbert.Parker,Silas.Stamm,Accept
Rozella,Pablo_Wilderman,Request
Esther,Kaitlin,Reject
Wallace.Bode,Leonor_Torphy,Accept
Tiffany,Everett.Sauer,Reject
Alec_Batz,Eddie,Accept
Jamal.Johnston,Watson,Reject
Elfrieda,Herta,Request
Lucie_Keebler,Catherine_Feil,Accept
Jacquelyn.Kerluke,Arianna.Konopelski,Accept
Sandrine,Brenna.Mosciski,Accept
Kendra_Haley,Noble,Accept
Oral,Ozella_Bauch,Accept
Frida,Hanna,Accept
Hipolito.Haley,Vaughn,Request
Velva.Lubowitz,Laury.Donnelly,Request
Deron.Jakubowski,Kenya,Request
Clemmie.Bergnaum,Evan,Reject
Reginald.Lynch,Joseph_Effertz,Accept
Jermey_Keebler,Elvis.Cummings,Accept
Molly,Lizzie.Gerhold,Reject
Allie.Lebsack,Mayra,Reject
Constantin_Mann,Mariah.Lebsack,Request
Arno,Tyrique_Wisoky,Accept
Alessandra,Stone.Gutkowski,Reject
Adelia,Jarrett,Reject
Hillary_McDermott,Manuela.Olson,Request
Josefa.Mosciski,Gina.Walker,Accept
Lyla.Prohaska,Holden,Reject
Josue,Stephon.Brakus,Request
Ettie_Lowe,Adolphus_Heidenreich,Reject
Maida_Williamson,Roosevelt.Towne,Accept
Clay_Tromp,Colten_Bahringer,Reject
Nyasia.Orn,Rosie,Accept
Alejandra,Lori,Reject
Lizzie_Breitenberg,Elyssa,Reject
Foster_Krajcik,Katelin.Adams,Reject
Jaclyn,Alexane,Request
Carmelo_Donnelly,Alexanne,Request
Amya.Nikolaus,Domingo_Schowalter,Accept
Cary_Frami,Cindy_Hills,Accept
Sarina.Mante,Eugenia,Reject
Imani_Gleason,Eldridge,Accept
Aubree,Sabryna.Dickinson,Accept
Lon.Fahey,Kiel.Kihn,Request
Raegan_Bergstrom,Raphael,Accept
Marilou_Bernhard,Alden_Effertz,Reject
Sherwood,Reba,Accept
Deon,Edyth,Request
Michele.Sporer,Lourdes,Accept
Audrey,Katlyn,Reject
Verna.Johns,Therese,Request
Aimee.Krajcik,Keaton,Request
Gabe,Ron.Schumm,Accept
Nels_Bashirian,Ivory.Stark,Reject
Dewitt.Littel,Lorenza_Howe,Request
Walter_Wilderman,Verla,Request
Jennyfer.Konopelski,Quincy.Rutherford,Request
Krista,Bryce.Rath,Accept
Barton,Irma_Harris,Request
Kaleigh.Parker,Lura,Accept
Zoey,Jedidiah_Jerde,Request
Lora.Doyle,Henri,Request
Jeanie_O'Kon,Selmer.Windler,Accept
Kobe,Ronaldo,Accept
Bernie.Farrell,Gail,Request
Aimee,Julian,Accept
Albertha_Wisoky,Marion_Nikolaus,Accept
Dolores.Morar,Keith.Gusikowski,Request
Carlo_Green,Jewell,Request
Judy.Johns,Claud.Renner,Request
Turner.Bergstrom,Wilmer,Reject
Dakota.McDermott,Cara_Bartell,Accept
Carlie_Windler,Gage_Bednar,Request
Leda.Koepp,Adolfo.Will,Accept
Ardith_Goodwin,Lyla_Auer,Reject
Jayson.Reichel,Ryley,Accept
Elroy.O'Hara,Kaya.Thiel,Request
Brandyn,Cheyenne.Russel,Accept
Glenna.Keeling,Jamey_Runte,Reject
Devin.Blick,Viviane,Request
Emely.Howell,Sid.Mayer,Request
Nathanael_Kuhlman,Alanna,Request
Leatha,Shaina,Request
Blanca_Douglas,Quentin,Request
Katherine_Emard,Kari.Gulgowski,Request
Mitchel.Dickens,Omer,Request
Kitty,Caterina.Blanda,Reject
Alize_Kerluke,Armand,Reject
Izaiah_Huel,Kristofer,Reject
Reese.Kuhlman,Genoveva_Schaefer,Request
Mariela_Boehm,Weston_Swaniawski,Request
Jonathon,Edmund.Keebler,Request
Ephraim,Adam,Request
Michael.Corkery,Stephen,Request
Watson.Reinger,Dimitri,Reject
Jakayla,Alexandra_Stroman,Accept
Rodger,Aidan_Orn,Reject
Linda_Towne,Karlee_Lehner,Request
Derrick_Moen,Hulda_Wolff,Accept
Ola_Farrell,Dominique.Herman,Accept
Ralph_Schulist,Americo,Accept
Jasper_Bode,Raquel_Moore,Reject
Tania,Priscilla,Request
Conner_Feest,Dawn,Reject
Lesly,Jedidiah_Jerde,Accept
Sierra,Amos,Reject
Eleanore,Dixie_Waters,Accept
Hermann,Larissa,Request
Waldo.Breitenberg,Linnie,Request
Gus,Riley.Quigley,Request
Norma_Hansen,Haley,Request
Terry.Legros,Madelyn_O'Kon,Request
Haleigh_Kuphal,Hillary,Request
Sheridan_Treutel,Eduardo_Balistreri,Reject
Caterina_Yost,Jana_D'Amore,Request
Jaren.King,Hildegard,Request
Monroe_Kilback,Berneice,Request
Eda,Hanna_Becker,Request
Zackary_Streich,Verdie_Paucek,Reject
Carmela_Lehner,Reginald,Reject
Weston.Walter,Lorena.Daniel,Reject
Claudine,Robin,Request
Clyde_Runolfsson,Penelope,Request
Katherine.Jacobs,Elwyn,Accept
Madilyn.DuBuque,Cecil.Becker,Reject
Garfield_Franecki,Ramon.Rippin,Request
Jan_McGlynn,Devonte,Request
Amani_Kilback,Anabelle,Request
Justus_Leuschke,Jeremy,Accept
Maud,Merle.Jaskolski,Accept
Mandy,Michaela,Accept
Hobart.Flatley,Devan_Hamill,Reject
Deron,Josefa,Reject
Gordon.Morissette,Sven,Accept
Jalyn.Orn,Gracie_Grant,Accept
Randall,Trystan,Accept
Megane_Schaefer,Christian,Accept
Claudine_Strosin,Jess,Reject
Cara.Ankunding,Bradford.Blanda,Request
Art.Reynolds,Martin.DuBuque,Request
Aida,Kaitlin,Reject
Rosetta.Yundt,Stefan,Request
Jonathon_Reichert,Patricia_Barton,Reject
Ibrahim,Linwood.Blick,Accept
Elliot_Orn,Tessie,Reject
Kenton,Mya_Heller,Accept
Faye.Heaney,Brian,Reject
Filiberto.Ritchie,Roderick,Request
Gudrun.Feil,Nola_Frami,Reject
Marion.Johns,Alberto,Accept
Dino_Collier,Erich_Johnson,Request
Ethan,Jaime_Rohan,Request
Janae,Giovanni,Request
Shaun_Rath,Jerald,Reject
Hayden,Ed,Request
Amira.Schimmel,Bradly,Request
Alize_Wuckert,Devan,Accept
Joanne.Parisian,Lurline,Reject
Alfonzo.Reichert,Daryl,Reject
Keon.Fay,Rex,Reject
Baron_Von,Ryleigh_Rice,Accept
Ari,Valerie,Request
Shane_Emard,Jamir_Maggio,Request
Lorenz.Nikolaus,Cristian_Veum,Reject
Fleta_Pacocha,Angelita.Lynch,Reject
Finn_Thompson,Kay,Reject
Santos.Hane,Renee_Bartell,Request
Lupe.Collier,Rodrigo.Emard,Accept
Silas_O'Reilly,Diamond.Krajcik,Accept
Oleta_Pacocha,Jamie.Witting,Reject
Johnathan_Hintz,Patience,Request
Kattie.Thiel,Erik,Accept
Mortimer.Erdman,Orin,Accept
Keshawn.Yost,Harry,Reject
Johanna_Durgan,Nellie_Weimann,Reject
Eldora_Blick,Raina.Glover,Accept
Kaela,Carlee,Request
Adrain_Abbott,Trycia.Lakin,Reject
Armani_Hayes,Liana.Berge,Request
Darren.Walter,Royal,Reject
Lia,Carmel,Request
Kris,Sheila.Sipes,Reject
Bella_Schuster,Aylin,Request
Jamar.Denesik,Mireille_Schumm,Accept
Harry.Keebler,Marcelo,Accept
Ulices,Lukas,Accept
Marcelina_Rohan,Buck,Request
Bart_Cormier,Bernadine,Reject
Kristoffer_Bernier,Cassandre_Metz,Reject
Reginald.Raynor,Flossie.Green,Accept
Agustina,Mack,Reject
Keyshawn_Blanda,Josue,Accept
Waylon,Name_Cummings,Accept
Giovanny,Rigoberto,Request
Harvey.Rempel,Zachary.Langosh,Reject
Arvid,Geo,Reject
Otha_Murphy,Roderick.Leuschke,Request
Nathen.Glover,Ola,Request
Hal.Langosh,Verlie,Request
Chadd_Graham,Piper_Aufderhar,Request
Danielle_Klocko,Alexanne.Kulas,Reject
Rick,Rosella,Request
Ryley_Flatley,Bradley_Marquardt,Accept
Jordi.Fritsch,Christy,Accept
Macy_Shanahan,Bradford,Reject
Susie.Krajcik,Korey.Heller,Reject
Lia.Heller,Coleman_Orn,Request
Raymundo.Willms,Jameson.Smith,Request
Kole.Wehner,Elna,Reject
Lea,Addison,Request
Cecil,Helene.O'Connell,Accept
Devante_McGlynn,Clementine_Bahringer,Request
Wilson.Skiles,Celestino,Accept
Henderson,Carmine.Schuster,Reject
Sid.Mayer,Aiden.Swaniawski,Accept
Nettie,Reina.Sanford,Request
Abelardo,Newton.Muller,Reject
Faye.Nitzsche,Larue,Accept
Liliane.Gaylord,Lexie.Schmitt,Reject
Emmy_Rempel,Lelah.Ward,Request
Reinhold_Von,Adaline.Sawayn,Request
Conrad,Elna,Reject
Tomasa,Adrienne,Accept
Harvey.Cruickshank,Giuseppe,Request
Colin.Dare,Katrine,Request
Ottilie_Raynor,Amya,Accept
Kendall_Stiedemann,Marcia,Reject
Callie.Roob,Vernon_Schneider,Reject
Magali.Ernser,Phoebe_Kemmer,Request
Aleen_Gibson,Delphia.Kiehn,Reject
Fredrick_Toy,Damion.Donnelly,Reject
Ellis_Kessler,Theresa,Request
Dale,Crystal,Accept
Elbert_Mosciski,Davon,Reject
Bernice.Bosco,Wallace.Bode,Request
Dell.Hane,Tressie,Reject
Rossie,Rachelle,Accept
Freeman.Pollich,Edyth.Zulauf,Reject
Laurine_Streich,Thomas_Rosenbaum,Reject
Amie_Kihn,Kurtis.Kilback,Reject
Zion_Zemlak,Orion,Request
Ben_Jacobi,Neil,Accept
Samantha.Lowe,Tyreek,Request
Lewis.Flatley,Ted,Accept
Albertha.Kuhic,Princess,Accept
Alexzander,Sallie,Request
Alessandro_Corkery,Elmira.Kilback,Reject
Willard.Dicki,Thelma_Emmerich,Accept
Macy_Hilpert,Owen,Request
Jannie,Tito_Heaney,Request
Vito_Lockman,Rico,Accept
Neoma,Lizzie_Breitenberg,Reject
Sylvan,Estel,Request
Laura_Goodwin,Laury.Kuhlman,Request
Hoyt,Barrett,Accept
Camron_O'Reilly,Pasquale.Konopelski,Accept
Terence_Bailey,Dana_Braun,Request
Edythe.Yost,Alec,Reject
Kristy,Laurence.Rath,Accept
Ellen,Laurianne,Request
Katelyn,Darien_Kuhn,Request
Tabitha.Fritsch,Braulio.Braun,Request
Cedrick.Bins,Helmer,Reject
Amir_Kessler,Virgil,Accept
Dylan_Beatty,Daisha.Ernser,Accept
Autumn.Rolfson,Eliza_Lubowitz,Reject
Charley.Dooley,Jessika.Champlin,Reject
Jeremie_Senger,Evangeline_Hintz,Accept
Lloyd,Mohammed_Leannon,Request
Orin,Ashleigh,Request
Aliza.Stiedemann,Mckayla_McDermott,Accept
Odell.Jast,Nikko,Reject
Rosetta.Zboncak,Blake,Accept
Alec_Glover,Hobart,Reject
Fredrick_Lindgren,Karelle,Request
Jan_Streich,Elissa,Request
Karlee.Strosin,Nannie,Request
Nathanael.Swift,Mireille_Hyatt,Reject
Lemuel_Bernhard,Susana_DuBuque,Reject
Benjamin_Hermiston,Florida,Request
Amber,Lucio.Vandervort,Reject
Burnice.Hayes,Keeley,Reject
Geovany_Champlin,Penelope.Collier,Request
Charles_Kertzmann,Kellie,Reject
Sandra_Torphy,Eryn,Accept
Vicky,Jon,Request
Candice,Cheyanne,Accept
Juanita.Klein,Chasity,Accept
Elliot_Schimmel,Roxane,Accept
Annamarie,Aniyah_Kub,Accept
Clement,Luella,Request
Wilton.Boyle,Margarette,Accept
Kristopher.Block,Cordia.Morar,Request
Lelah.Nolan,Obie.Gerlach,Reject
Trystan,Augustine,Accept
Lorenza,Alaina,Reject
Vladimir.Haag,Sherman_Carroll,Reject
Frederik_Bahringer,Deonte.Leannon,Accept
Jeremy,Shakira,Request
Keith_Nitzsche,Marcelo.Stokes,Reject
Rylan.Rippin,Charles.Hamill,Accept
Ruby_Hirthe,Dejah.Rempel,Reject
Cooper_Kemmer,Alfredo,Reject
Yasmine.Skiles,Marilie,Accept
Margaret,Otis.Kuphal,Accept
Evangeline.Torphy,Kenny_Kirlin,Request
Pierce.Waters,Felicia_Mraz,Request
Titus,Carmela_Rau,Accept
Dina_Bogisich,Jessie.Gulgowski,Reject
Christ,Pansy.Hessel,Reject
Salvatore,Kayleigh.Considine,Accept
Joanne_Gerlach,Billy.Hansen,Request
Clemmie.Nader,Kane_Gerlach,Accept
Foster_Hahn,Kadin,Request
Josianne.Mann,Norma.Ledner,Accept
Danial,Rollin,Accept
Nikko_Mohr,Rashad,Accept
Jabari,Rosamond,Request
Genevieve_Wilderman,Vicenta.Vandervort,Request
Efrain.Cremin,Humberto_Hessel,Accept
Tyrese,Kacey,Reject
Estefania,Virgil,Reject
Aubree_Predovic,Darion,Reject
Viviane,Allan,Request
Elenora,Toby_Bergstrom,Request
Sally.Jast,Roxane.Altenwerth,Reject
Jabari.Homenick,Phoebe,Request
Bernardo.Blanda,Ruthe_Sauer,Request
Orpha.Kunde,Dorian,Reject
Armand,Raymundo_Macejkovic,Accept
Gene,Melba,Reject
Kenny_Ratke,Aiyana_Reilly,Accept
Madelyn.Jakubowski,Aliyah,Request
Imani_Schaden,Lurline,Accept
Joanie,Delaney,Accept
Josephine_Russel,Bonnie_Nienow,Reject
Jarrod.Brekke,Elouise_Harris,Reject
Jace_Gerhold,Ottilie,Accept
Karolann,Jailyn,Reject
Ibrahim.Erdman,Sabrina.Wehner,Reject
Judson_Schroeder,Laurel_Hegmann,Accept
Rose.Becker,Tomasa,Accept
Angelina,Elissa,Request
Cathryn.Bechtelar,Marcelino,Request
Wilford.Jacobi,Savannah_Ruecker,Request
Jessica.Hirthe,Dolores.Lueilwitz,Request
Mertie.Hickle,Annabelle,Request
Haleigh.Jenkins,Dimitri,Accept
Birdie_Monahan,Hayley.Mertz,Accept
Carmel,Georgianna.Wolff,Request
Nicola_Krajcik,Houston,Request
Shemar.Kautzer,George.Davis,Request
Zackary_Wintheiser,Samson.Huel,Request
Brionna,Tyra,Request
Baby,Zachariah.Hermann,Request
Al.Harber,Joanny.Swift,Accept
Marietta_Jast,Liam.Prosacco,Request
Emmitt,Vita,Request
Piper,Laura,Reject
Lori,Brayan,Request
Clovis_Pagac,Hailie,Reject
Carley,Buck.Schultz,Request
Cale,Kristoffer_Bernier,Request
Reilly.Anderson,Cristina,Reject
Estefania_Ledner,Name,Accept
Eleanora,Stanton,Accept
Jovani,Faye,Reject
Nona_Mayert,Evalyn,Accept
Kobe_Klocko,Una.Kerluke,Reject
Mariela,Hosea_Gibson,Request
Shayne,Karli,Reject
Camilla_Brekke,Aurelie,Accept
Garrick_Wintheiser,Xavier_Grant,Accept
Dawn.O'Conner,Harmony,Request
Flossie_Pfannerstill,Khalil_Keebler,Reject
Aryanna.O'Hara,Douglas,Reject
Brett_Schiller,Araceli_Schulist,Reject
Jorge.Bartoletti,Eleanora,Reject
Carissa_Balistreri,Waylon,Reject
Abigail,Willard.Schulist,Request
Weldon.Bartell,Gracie,Reject
Rosalinda.Greenholt,Rosanna.White,Accept
Era.Kreiger,Marquis.Boyer,Request
Winston.Rolfson,Ressie.Schaden,Request
Kaden_Prohaska,Boris_Dooley,Accept
Devon,Dominique,Accept
Mariah,Wilbert,Reject
Jennings,Nya.Powlowski,Accept
Lamont.Lueilwitz,Dee,Accept
Morgan,Fredrick_Bode,Reject
Dawn_O'Hara,Vivian,Reject
Martine_Bernier,Henry.Fay,Accept
Aliyah.Jacobson,Urban,Accept
Leilani_Bruen,Kiera_GuÂªann,Accept
Leilani_DuBuque,Jerod_Corwin,Accept
Brandon_Guªann,Golden_Kerluke,Accept
Maida,Daisy.Kulas,Request
Kaleb,Emmanuel.Kreiger,Accept
Erwin_Mills,Tate.Kuhlman,Reject
Delbert.Dooley,Clemens,Accept
Lilla_Schowalter,Theo.Sporer,Reject
Cicero.Wehner,Talon.Lowe,Reject
Ashlynn_Grimes,Lia.Heller,Request
Madalyn.Beer,Aron,Accept
Sigmund.Funk,Skye.Wunsch,Accept
Jazlyn,Geraldine,Accept
Gudrun.Kuhn,Jennyfer,Accept
Santa_Mills,Alexander.Marquardt,Request
Steve.Purdy,Bernadine_Pfannerstill,Request
Luna_Dibbert,Nola_Thiel,Reject
Osborne.Glover,Therese_Mitchell,Accept
Einar_Beer,Roma.HarÂªann,Accept
Curt,Trent.Satterfield,Request
Haleigh_Johnson,Corine_Krajcik,Accept
Shakira,Alyson.Beer,Reject
Antonio.Streich,Weldon,Accept
Victor,Louie,Request
Elisa_Klocko,Mateo,Request
Eli_Satterfield,Melisa,Reject
Hailie.Monahan,Jared,Request
Benedict_Johnson,Hal.Langosh,Reject
Blaise.Graham,Brionna.Cruickshank,Accept
Cale.Lubowitz,Pearlie_Emard,Request
Lilyan.Wyman,Emma.Trantow,Request
Roosevelt_Johnson,Jerod_McGlynn,Request
Georgette,Samantha.Lowe,Reject
Estevan.Bashirian,Kiel,Accept
Dawson_Cummings,Gaston,Reject
Margarette.Schoen,Herman_Schumm,Reject
Thea,Albert.Zulauf,Accept
Gage_Hills,Patsy_Harvey,Reject
Kasandra.Pouros,Christian,Reject
Leanne,Isai.Mosciski,Request
Lelah.Kunde,Justus,Request
Bertha,Clare,Accept
Janice_Beahan,Abigail,Reject
Arvel_Wisoky,William.Jacobi,Reject
Octavia_Parisian,Jaqueline_Jacobson,Accept
Minerva.Kozey,Evelyn_Hirthe,Reject
Kirsten_Fisher,Sheila_Powlowski,Accept
Kyler.Volkman,Rosina,Request
Karelle_Lind,Coleman.Swaniawski,Reject
Alejandrin_Gusikowski,Nathanial,Accept
Laurie.Nienow,Makenna,Request
Alva_McClure,Roma_Frami,Reject
Cale.Gerhold,Kraig_Corwin,Accept
Kelvin_Runolfsdottir,Kirk.Gusikowski,Accept
Beaulah,Maximillia,Request
Geraldine.Prohaska,Kieran,Request
Lilla.Baumbach,Adrienne.Greenholt,Accept
Maxime_Goldner,Melany.Feest,Accept
Guiseppe_Hauck,Garrett,Reject
Gina.Walker,Nina,Request
Ebba_Krajcik,Edna,Request
Marshall_Wiegand,Mellie,Request
Myrtice_Stark,Damaris,Reject
Jacky.Rogahn,Earline_Nolan,Accept
Robyn_Gaylord,Lamar,Reject
Cayla_Pagac,Amparo.Murazik,Reject
Freeman,Alyson_Schoen,Accept
Lucile.Huels,Eva,Request
Jeramie,Angelica_Lueilwitz,Accept
Gladyce.Grimes,Melody_Hermann,Reject
Magdalen.Becker,Verona,Reject
Kiana_Rowe,Rosario,Reject
Rhoda,Sage_Zulauf,Accept
Kenny,Dayne,Request
Nella.Zboncak,Theodore,Accept
Brooks,Retha,Accept
Leone.Ondricka,Jake.Williamson,Request
Lindsay,Lavada_Hodkiewicz,Accept
Nyah.Moore,Giovanny,Accept
Cletus,Camron_Kling,Reject
Efrain.Lockman,Carli,Reject
Ashtyn.Schowalter,Amparo.Borer,Request
Rogelio.Kihn,Tyler,Accept
Rickey,Otho,Reject
Patience_Thompson,Rae.Carter,Reject
Otis_Reichel,Tamia_Larkin,Reject
Lucio,Josh,Accept
Rylee,Macie,Reject
Royce,Terry,Reject
Ara.Greenfelder,Terry,Reject
Golda_Jaskolski,Keven,Request
Asha_Smith,Hans.Treutel,Accept
Darrell,Russell_Hahn,Reject
Virgie.Nolan,Twila.Klocko,Accept
Josie,Kennedy.Walter,Reject
Trinity_Mohr,Bradley,Request
Brando.Schamberger,Melody,Request
Eleazar.Kiehn,Mia,Accept
Clyde_Von,Keenan,Reject
Cathryn,Kathlyn_Funk,Reject
Lindsey_O'Conner,Duane.Jaskolski,Request
Enrico.Herzog,Grover,Accept
Stanley.Roob,Hilario,Request
Savion_Becker,Isabelle,Reject
Jesse_Schimmel,Laisha,Reject
Judson,Kari,Reject
Elfrieda.Gerlach,Elmore,Accept
Quinn,Kayleigh,Request
Zora.Zboncak,Jordan_Larson,Reject
Lamar_Eichmann,Maida,Reject
Jamir.Roob,Alexys_Schuster,Request
Rolando.Larson,Blaise.Mitchell,Accept
Michele_Herman,Caleigh_Schaefer,Accept
Ashlynn.Blick,Nova,Request
Barney_Bartoletti,Amalia,Request
Mattie_Lesch,Aylin,Accept
Clifford,Dolores.Lueilwitz,Request
Petra,Meagan.Beatty,Accept
Madaline.Howell,Ambrose.Walsh,Accept
Prince,Travon.Goldner,Request
Ashlee_Graham,Caitlyn_Stoltenberg,Accept
Torey.Weissnat,Maynard,Request
Francesco,Zoe,Request
Shanie_Waelchi,Franz,Accept
Florence.Doyle,Valerie_Funk,Request
Sigmund.Tremblay,Vidal_Bauch,Reject
Luigi_Lubowitz,Krystina_Koss,Reject
Agnes_Feeney,Jerod,Request
Hunter_Rau,Francisco_Daugherty,Accept
Riley,Ronaldo,Accept
Leo,Loyce_Purdy,Reject
Gabe.Runte,Hubert_Crona,Reject
Terrell_Ledner,Carmelo,Reject
Garnet_Morissette,Angus,Reject
Morgan.Rath,Cary_Frami,Request
Anabel.Rice,Margret,Request
Ronny.Rogahn,Misty_Murray,Request
Torey.Hickle,Deonte,Reject
Vidal,John_Feil,Accept
Modesto_Nitzsche,Edwina.Goodwin,Reject
Luis,Trudie,Request
Bria_Powlowski,Emilia_Carter,Accept
Ibrahim.Roberts,Esperanza,Accept
Kirstin,Princess.Langworth,Request
Rosie.Botsford,Murphy_Swaniawski,Request
Trenton,Hosea.Cummings,Accept
Cruz,Kaylee,Reject
Lucious_Hamill,Sherwood,Accept
Jonathan,Mustafa,Reject
Ariane_Feest,Imogene.Reynolds,Request
Luis_Ward,Kaylie,Reject
Oma_Wintheiser,Kody,Reject
Sheila_Powlowski,Emmitt,Reject
Paul,Missouri_Schaefer,Request
Kianna_Adams,Lucie_Keebler,Reject
Kennedy.Walter,Justice.Spencer,Request
Francis_Funk,Katheryn_Abshire,Reject
Chaya.Hudson,Camron_Kutch,Reject
Queen_Boyer,Alexane_Fay,Request
Anderson_Kuphal,Anne_Stokes,Request
Ezra,Wilson,Request
Fay_Walker,Camille,Reject
Vivian_Parisian,Charity.Sauer,Request
Bette,Trudie.Herzog,Request
Jakayla.Wolf,Joany,Reject
Chandler.Grimes,Jenifer,Reject
Arianna,Demarcus,Request
Kiarra_Herzog,Yasmeen.Kovacek,Accept
Tess,Woodrow,Reject
Granville.Streich,Betsy_Collins,Request
Linda_Hintz,Xavier,Reject
Noble.Rogahn,Houston,Reject
Josiane,Trycia,Accept
Gretchen_Treutel,Dena_Torphy,Reject
Adrien.Stiedemann,Ollie,Accept
Bonnie,Bryon,Reject
Gretchen_Reinger,Adaline.Keeling,Reject
Darrion.Kessler,Monte_Cartwright,Accept
Imogene.Hessel,Bernhard_Larson,Reject
Toney.Bogisich,Craig_Corkery,Accept
Thalia.Doyle,Tre_Crona,Accept
Lillian_Kris,Filomena,Request
Kennedy_Gutkowski,Bruce,Request
Abdiel_Abernathy,Mortimer,Request
Thora_Turner,Demarco,Reject
Nathan_Kunze,Travis,Accept
Arnoldo.Monahan,Zita,Reject
Deonte_Lebsack,Giles_Wisoky,Accept
Linnie,Anabel,Reject
Eriberto,Rico.Yost,Accept
Alek_Kassulke,Deontae,Reject
Alford_Bahringer,Jonathan,Reject
Nola,Lulu.Deckow,Request
Donato.Adams,Immanuel.Stracke,Reject
Izabella_Mayer,Kelsie,Request
Jeanne_Russel,Eunice.Torp,Reject
Lisette_Rohan,Eula,Accept
Alana.Weimann,Lane,Accept
Eddie,Duane.Crist,Accept
Hank_Kuhic,Serena_West,Reject
Brady.Upton,Viviane,Accept
Rodger.Hammes,Alia,Accept
Daphney_Nienow,Olin,Accept
Marilou_Stark,Pearline_Renner,Request
Vada_Spinka,Jack_Cole,Accept
Dan,Alexandria,Reject
Asha_Lemke,Carlotta.Quigley,Reject
Veronica.Barton,Horacio.Feil,Reject
Virginia_Ledner,Arielle.Weissnat,Reject
Harmon_Brekke,Blaise,Request
Effie.Grady,Ignatius,Request
Mariana_Walsh,Emiliano,Accept
Murphy,Lucas,Accept
Otho.DuBuque,Isobel,Request
Lester_Bradtke,Susan.Cummings,Accept
Zachary.Wuckert,Mckayla_Legros,Accept
Earline.Gislason,Halie_Koelpin,Accept
Werner_Connelly,Grace_Simonis,Reject
Name_Beer,Kennedy_O'Keefe,Reject
Madisen,Amani_Shields,Accept
Tiara_Kuhn,Tabitha.Fritsch,Accept
Levi,Chaya,Reject
Gonzalo_Stehr,Vicenta,Reject
Rod.Hahn,Summer_Orn,Request
Katlyn,Bernhard_Hamill,Reject
Lucienne.Schowalter,Tristin_Armstrong,Request
Karli.Schaefer,Fredy.Pfannerstill,Request
Clemmie,Adele,Reject
Ophelia_Oberbrunner,Kaleb,Reject
Chesley,Napoleon.Corwin,Accept
Sarah.Lynch,Enid,Accept
Hans.Fritsch,Julia.Lemke,Accept
Aditya,Broderick,Request
Shad,Cecile.Bauch,Accept
Keyshawn.Nader,Kristofer,Reject
Jayson_Breitenberg,Okey,Request
Shemar_Balistreri,Cristobal,Request
Lysanne,Jany,Accept
Spencer_Bahringer,Madie_Towne,Request
Maida_Runte,Angelita.Paucek,Accept
Armando,Cornell.McDermott,Request
Casimer.Anderson,Sadye,Reject
Monserrat_Ritchie,Jeremy_Mertz,Request
Chanelle_Mraz,Constantin.Weber,Request
Vena.Bergstrom,Fay_Yundt,Accept
Lupe,Dana.O'Conner,Request
Blaze.Smitham,Marie,Request
Heath.Bruen,Nakia_Hackett,Reject
Kira,Franz,Reject
Liliana,Joshuah_Ullrich,Request
Hyman,Flavio,Reject
Woodrow_O'Hara,Walton,Reject
Anissa.Ferry,Olen_Jacobs,Request
Brady,Shyanne.Crona,Request
Trace,Torrey,Reject
Taylor_Brakus,Eulalia,Request
Dakota,Korbin,Accept
Katlyn_Abshire,Abbigail,Accept
Sally,Dayna.Turner,Request
Katelynn_Doyle,Nash_Mohr,Reject
Kendrick.Hessel,Julia,Request
Ines.Goyette,Dejon_Sanford,Reject
Hilton_Ritchie,Yazmin_Lehner,Request
Abdullah.Hyatt,Hallie,Accept
Charity.Kshlerin,Naomie,Reject
Lonnie.Veum,Katlynn,Accept
Greta.Funk,Pablo_Senger,Request
Eleazar,Karelle.Champlin,Accept
Melissa_Friesen,Frederic.Heathcote,Request
Corine_Stamm,Juwan.Marvin,Request
Renee_Rempel,Dorthy,Accept
Fabiola.Wehner,Vladimir_Waters,Request
Nicolette.Bergstrom,Eloisa.Marks,Request
Guiseppe_Lemke,Yvette,Accept
Maida_Hahn,Audreanne_Boyer,Request
Winifred.Kshlerin,Erwin_Lowe,Reject
Stephanie_Padberg,Halle_Howe,Request
Bobbie.Bartell,Caleigh_Wiza,Accept
Joseph,Nona,Reject
Verona_Rath,Duncan_Langworth,Accept
Hanna,Fabiola.Koepp,Accept
Mona_Kub,Meagan,Reject
Heaven.Crooks,Lexi.Vandervort,Request
Odell_Langosh,Ophelia,Accept
Wilhelm.Bosco,Kiana,Accept
Dina.Jenkins,Lucy,Accept
Hiram,Lucio,Request
Darion.Emmerich,Joanne,Request
Margarett,Newton.Hettinger,Reject
Josiane_Cummerata,Fermin,Accept
Amelie_Leannon,Tess,Request
Tatum_Kunze,Moises,Accept
Kian.Schaden,Kailyn.Farrell,Accept
Elvie,Rachael_Smitham,Reject
Skye_Haley,Florian_Keebler,Reject
Tyreek.Stroman,Maggie,Reject
Althea,Chelsie.Gerhold,Reject
Kobe.Gibson,Jakob.Grimes,Accept
Kathlyn.Sipes,Francesco,Request
Veronica_Ullrich,Keely_Walter,Request
August_Becker,Heloise,Reject
Patsy.Cartwright,Seth,Request
Wendy,Gaston,Accept
Junior.Harber,Myles_McDermott,Reject
Leda_Koch,Dayton_Dach,Accept
Bessie_Herzog,Anika.Breitenberg,Accept
Agustin.Dietrich,Estel_Marvin,Accept
Bria.Prohaska,Elisha,Accept
Benjamin_Hodkiewicz,Novella.Raynor,Request
Jo_Senger,Rasheed,Request
Rene,Vernie.Schaefer,Accept
Skye,Aubrey,Accept
Hipolito.Schoen,Coleman,Request
Berry,Isabell,Reject
Maximillia.Thiel,Lukas,Reject
Mikel,Shayna.Rau,Accept
Alphonso_Cartwright,Estevan.Bosco,Reject
Ron_McKenzie,Angelina.Bartell,Reject
Madie.Cartwright,Lottie_Klocko,Accept
Maurice,Daisy_Schuster,Reject
Eldred_Okuneva,Amanda,Request
Carlo_Dickinson,Lesly,Reject
Luna.Ryan,Brannon.Mohr,Reject
Sherwood_Gislason,Lyric,Accept
Kareem,Tabitha,Reject
Silas_Konopelski,Freddy_Erdman,Request
Khalid,Norval_Russel,Accept
Rashawn.Abbott,Reta,Request
Wendell.Bode,Larry,Reject
Edwina.Heaney,Rupert,Request
Annetta.Murazik,Valentina,Reject
Alaina_Friesen,Hester.Nienow,Reject
Angelina.Cremin,Vinnie,Request
Leora.Heaney,Donnie,Request
Khalid.Lebsack,Eugene,Accept
Adam,Lourdes_Kemmer,Request
Chadrick.Bode,Alysa.Yost,Reject
Lucius_Hansen,Esmeralda,Reject
Muriel,Haylie,Reject
Werner_Considine,Agustin.Dietrich,Accept
Oma.Bednar,Dorothea,Reject
Verda_Rohan,Elva.Kemmer,Accept
Virgil.Terry,Amanda.Jast,Reject
Annabel_Harris,Liza,Accept
Angeline_Walter,Bernadine,Reject
Karianne_Shields,Saul,Reject
Jazmyne_Becker,Antwon.Feest,Accept
Thalia_Muller,Hal.Lehner,Request
Domenick.McLaughlin,Junius,Accept
Jaylan,Edgardo.Aufderhar,Reject
Aubrey_Larkin,Miguel,Reject
Danny,Fermin.Runte,Request
Melyna.Jerde,Ottilie_Raynor,Reject
Salma,Rory,Accept
Omer,Sylvan.Doyle,Accept
Daryl.Abbott,Genesis,Accept
Heath_Quigley,Araceli,Reject
Isabel_Bins,Cheyenne_Stokes,Accept
Riley.Quigley,Jacinto_Shields,Reject
Erik,Jason.Koch,Request
Jarrett_Langworth,Devon_Lehner,Reject
Matilda.Mosciski,Jeanie,Request
Loyal_Stanton,Caterina.Blanda,Reject
Celestine_Gibson,Conor_Flatley,Reject
Alden.Adams,Benny_Turner,Accept
Lina.Dietrich,Rosalind,Request
Josephine_Abshire,Janelle.Nikolaus,Accept
Kennedy.Lind,Laurence,Reject
Deborah_Koss,Reece,Accept
Krystal_Durgan,Lavonne_Lind,Reject
Giovanna,Kolby_Tillman,Request
Carlotta,Alba,Request
Nona_Hammes,Kristin,Request
Mia_Tromp,Grant_Hudson,Reject
Carlotta.Simonis,Jillian_Yost,Accept
Christ.Mann,Al_Kessler,Request
Marina,Alyson_Reilly,Accept
Hattie.Kling,Avis,Request
Gerard,Eliezer,Reject
Lydia_Stracke,Onie.McClure,Accept
Samara.Schroeder,Litzy_Morissette,Reject
Teagan.Hauck,Rigoberto_Baumbach,Accept
Joaquin.Hermann,Sydney_Beatty,Reject
Joy,Garrick_Cruickshank,Reject
Danial_Dare,Lionel_Johnson,Reject
Damion_Kessler,Americo_Rempel,Accept
Oral.Luettgen,Pinkie,Reject
Gabrielle_Kunde,Rosalee.Schuppe,Reject
Muriel.Hegmann,Monty,Accept
Janie.Hessel,Valerie_Green,Request
Fiona.Lubowitz,Brittany_Erdman,Reject
Shayna_Rosenbaum,Cleora,Request
Jamarcus_O'Keefe,Darrell.Weissnat,Request
Kian.Dooley,Nova.Bruen,Accept
Melyssa.Effertz,Chadrick.Bode,Reject
Lafayette_Ebert,Fabiola.Aufderhar,Request
Mellie_Hansen,Allie.D'Amore,Reject
Dolly_Murphy,Sienna_DuBuque,Accept
Damaris,Ellsworth,Accept
Vickie.Cassin,Nigel,Reject
Albin,Seamus.Kozey,Accept
Tara_Kassulke,Jose,Accept
Wilma_Sporer,Katlynn.Jewess,Accept
Nelda_Simonis,Emily_Mohr,Reject
Andreane_Johns,Guadalupe,Request
Khalil.McClure,Luigi,Accept
Lempi_Torp,Fausto_Boyle,Accept
Julie.Beer,Johan_Bogan,Accept
Verona.Rolfson,Brenden.Grimes,Accept
Clement.Upton,Mohamed,Request
Destini,Alfreda.Shanahan,Reject
Esteban_Hackett,Jacklyn,Reject
Khalil.Cormier,Avery_Koch,Accept
Breana.Feeney,Daphney,Reject
Mallie_Bruen,Haylie,Reject
Florence.Klocko,Helga,Accept
Adrien_Ward,Joesph,Reject
Lelia_Borer,Dahlia,Reject
Bernita.Koepp,Mozelle,Request
Khalil.Schmidt,Elsa,Reject
Demario,Miguel_Stehr,Request
Desmond.Kassulke,Barrett,Accept
Romaine,Billie,Accept
Percy.McLaughlin,Alivia_Gleichner,Reject
Andres.Reynolds,Eli.Harris,Request
Elroy.VonRueden,Misty.Lynch,Request
Fleta_Feest,Ross,Request
Johann,Angeline,Request
Korbin.Ratke,Eleanore,Request
Stevie.Torp,Jennyfer_McLaughlin,Request
Kayleigh.DuBuque,Bruce,Accept
Monique.Moore,Aliya,Request
Alayna_Shanahan,Shayna.Hegmann,Accept
Makenna.Schmidt,Angela_Mertz,Reject
Darby,Derek,Reject
Hettie.Kunde,Ken_Hills,Accept
Lorena.Hansen,Ryley.Hahn,Request
Esmeralda_Nitzsche,Helene.Schultz,Request
Connie,Flavio,Request
Dulce_Hahn,Marielle,Request
Susana.Reichel,Margarett.Thiel,Accept
Edwin_Bergnaum,Marco_Schumm,Accept
Antwon.Pfannerstill,Chance_Prosacco,Reject
Alex_Hintz,Ardella_Walsh,Accept
Kaya,Lenna_Jenkins,Request
Reese_Grimes,Angelica_Lueilwitz,Accept
Adan,Van,Accept
Astrid_Hansen,Ulises_Ebert,Request
Urban_Wolff,Sid,Request
Jalon.O'Kon,Isac,Reject
Willow.Borer,Katelyn.Barton,Request
Jessika,Terry,Request
Sonny,Raleigh.Klein,Reject
Tina.Spencer,Zola.Weber,Accept
Cicero_Bruen,Ima_Stamm,Request
Griffin.Hahn,Jewel,Request
Thalia,Matilde_Russel,Request
Cornelius,Isabell.Prosacco,Request
Gwen.Cronin,Scotty,Reject
Joanny_Hauck,Leonard,Reject
Felipe.Morissette,Lynn,Accept
Lucious_Erdman,Arjun_Bruen,Reject
Unique_Zieme,Jean.Nader,Request
Kayley,Asia.Flatley,Request
Aracely_Harªann,August.Kihn,Accept
Krystal.Hilpert,Kiel,Accept
Dell,Jorge_Okuneva,Request
Davonte.Wiegand,Logan,Request
Agnes_Luettgen,Abbie.Funk,Accept
Hettie,Vince_Schulist,Request
Ashlee.Schaefer,Estell_Kiehn,Accept
Elwyn_Tromp,Michelle,Reject
Nayeli_Gusikowski,Santina,Accept
Elinor_Thompson,Nola_Frami,Request
Arjun_Haag,Dennis,Reject
Peter_Johns,Alyson,Request
Armani.Schuppe,Leopoldo,Request
Jackson.Goyette,Hollis,Accept
Elaina_Hammes,Yoshiko_Wuckert,Request
Odessa_Ortiz,Adriel,Reject
Dorris.Bernhard,Xavier_Nolan,Reject
Joshuah_Ullrich,Brian,Request
Willis.Cronin,Marlin.White,Accept
Laisha_Waters,Lelah,Reject
Nash_Mohr,Gustave,Accept
Gudrun.Fisher,Rowan,Accept
Saige.Rogahn,Gracie,Request
Norene_Schmeler,Cassie.O'Kon,Accept
Giuseppe,Stephon_Feest,Reject
Jacquelyn_Rice,Jaylen.Emard,Reject
Abbigail,Ricky_Bayer,Accept
Assunta_Keeling,Barney,Request
Heather.Mitchell,Vito,Accept
Jaylan_Thiel,Isaias.Cummerata,Accept
Garrick.Heaney,Damaris,Request
Joelle,Laurie_Fisher,Reject
Maryjane.Macejkovic,Sabina.Trantow,Request
Gust_Ullrich,Arjun_Bruen,Request
Shaylee.Mante,Giles_Anderson,Accept
Daija_Stracke,Bonita.O'Hara,Request
Glennie.Ullrich,Whitney.Bechtelar,Request
Yesenia.Hoppe,Ibrahim_Lockman,Request
Eldridge.Hayes,Jared,Reject
Joel.Paucek,Minerva,Request
Cynthia,Bernardo.Blanda,Reject
Presley_Blanda,Agustin.Dietrich,Accept
Rico.Yost,Kiley.Kuhlman,Reject
Major.Batz,Cordell_Strosin,Request
Daphnee,Marjolaine.Lemke,Accept
Terrence,Odell_Cole,Request
Palma.Funk,Stephan.Corkery,Request
Norris_Schmidt,Camden.Bartoletti,Reject
Alda,Noemy.HarÂªann,Reject
Elouise,Jocelyn,Accept
Rosalinda.Marks,Owen.Feil,Reject
Claude,Jennyfer_Daniel,Request
Sydney,Judy,Accept
Destin,Jayce,Accept
Freida,Emmalee,Request
Nils_Bosco,Quincy.Bergnaum,Reject
Syble_Emmerich,Willy,Request
Noe.Fisher,Katelyn,Accept
Macey.Nikolaus,Abdullah,Request
Alverta.Daniel,Laurie.Goodwin,Reject
Laurianne,Louvenia,Request
Kiera_Leuschke,Anissa.Ferry,Accept
Fredy_Murray,Roberta_Block,Accept
Broderick_Ondricka,Janice_Medhurst,Reject
Vena.Hilpert,Alford,Request
Brooks.Feeney,Brandon.Sipes,Request
Presley.Jacobson,Jesse,Request
Titus_Tillman,Marty_Hirthe,Accept
Abraham.Heaney,Celestine,Accept
Grant.Friesen,Micah,Request
Johan_Luettgen,Ernesto,Request
Ada.Deckow,Patricia_Renner,Reject
Coy.Schinner,Rene,Accept
Eileen,Efren.Okuneva,Accept
Dennis,Creola_Bahringer,Request
Juliana,Cordelia_Keebler,Accept
Kyler,Marguerite_Leffler,Accept
Holly,Clifton,Accept
Jany_Daugherty,Kenny,Request
Baby_Gibson,Deshaun,Request
Duncan_Schiller,Dewitt.Cassin,Reject
Destin_McGlynn,Tania_Konopelski,Reject
Pansy_Batz,Sheila_Powlowski,Reject
Tavares_Konopelski,Ludie_Kovacek,Reject
Tristian,Percival,Accept
Stephanie.Bosco,Pat_Wiegand,Request
Helga.Wolf,Abe,Request
Tad.Senger,Durward_Dibbert,Reject
Fae.Franecki,Santina,Reject
Catharine_Smith,Hayley_Monahan,Request
Benny_Schaden,Cordia,Accept
Toy.Gerlach,Judge.Kertzmann,Request
Anastacio_Nolan,Giovanna,Reject
Aisha,Grady,Reject
Beatrice,Favian,Request
Matilde.Kris,Treva,Accept
Johnny.Yost,Caden,Request
Annamae.Ryan,Laurence,Request
Cleo,Newton_Connelly,Reject
Curt_Hermiston,Golda_Schiller,Request
Samantha,Alexane,Accept
Lonny_Watsica,Furman,Request
Ozella,Jerel_Zieme,Request
Zachariah.Schulist,Talon,Accept
Austin_Powlowski,Elmer_Kuhic,Accept
Earlene.Crona,Jeffery,Accept
Raul_Crist,Amya.Wehner,Accept
Lincoln,Solon_Gottlieb,Request
Ayla.Treutel,Crystel_Schmeler,Reject
Mozell.Volkman,Martin,Request
Krista_Langworth,Wilfred_Tremblay,Reject
Elenora.Hegmann,Khalil,Request
Claudia_Wolf,Kane_Cummings,Request
Beryl,Brock_Marvin,Request
Don_Kerluke,Mohamed.Ryan,Request
Pearlie_Lynch,Gino,Accept
Samantha.O'Reilly,Alverta,Reject
Lavon,Imani_Gleason,Reject
Lucio.Nader,Mireya,Accept
Adelia_Howell,Felton_Torp,Accept
Alan.Pollich,Athena,Request
Melissa.Goldner,Delphine.Jacobson,Reject
Norma.Adams,Madelynn_Wiegand,Accept
Jewell.Monahan,Araceli_Schulist,Accept
Loren_Nader,Eve_Dach,Accept
Gudrun_Crist,Ona_Beier,Reject
Agnes.Swift,Raegan_Bergstrom,Request
Jade.Stoltenberg,Shanna_Auer,Request
Selena_Sanford,Finn.Hane,Reject
Alex,Joesph.Hane,Reject
Mackenzie.Runolfsdottir,Arne,Accept
Alexane.Baumbach,Gene.Runolfsdottir,Request
Cleve.Sanford,Hillary.Stanton,Reject
Desiree.Abernathy,Sean,Request
Lesly_Swaniawski,Dina_Weissnat,Accept
Addie.Homenick,Chadd_Olson,Request
Giles_Parker,Lemuel,Accept
Esmeralda_Kihn,Eve,Request
Isabella.Russel,Tremaine_Lockman,Accept
Mia_Grady,Claude.Powlowski,Accept
Hilton.Mayer,Flossie.McLaughlin,Request
Karolann.Raynor,Kaia,Reject
Gerson.Moore,Lennie,Accept
Kristoffer.Hansen,Missouri_Schaden,Request
Isaiah.McLaughlin,Tracey.Sawayn,Reject
Kitty.Cassin,Loyce_Bauch,Reject
Xavier,Keanu,Request
Elmer_Ryan,Franz,Reject
Haskell_Kiehn,Flossie.Green,Reject
Hettie_Dooley,Elsie,Accept
Felix_Boyer,Raphael_Kovacek,Accept
Brooks.Beer,Destin_Collins,Accept
Germaine.Spencer,Connie,Accept
Emerald_Streich,Nestor.Schuppe,Accept
Leora.Cartwright,Salvatore,Accept
Pablo.Bogan,Andres_Russel,Request
Reilly,Shanna_Mitchell,Accept
Gregg,Alaina.Nicolas,Accept
Antonette_Halvorson,Monroe,Request
Coby_Marquardt,Mary,Reject
Garret,Frida,Request
Bethany,Jeff.Harris,Request
Minnie_Fisher,Zella,Reject
Clifton,Lucio,Accept
Sophia,Marta.Adams,Request
Santa,Hyman_Wintheiser,Reject
Nicklaus,Unique.Bechtelar,Request
Lavada_Bayer,Randall.Steuber,Request
Laurianne_Rau,Jacquelyn_Rice,Request
Vernice_Johns,Kiara.Cummerata,Reject
Blaze.Bernhard,Stephen,Accept
Nia,Greg,Request
Don,Brock.Corkery,Request
Parker.Casper,Laurine,Accept
Ola.Stamm,Eveline,Accept
Janessa_Cummerata,Theo,Accept
Brianne,Adrienne,Reject
Mervin,Mackenzie_Ziemann,Request
Lucile,Sophie.Crist,Request
Lavinia,Ezra_Rolfson,Request
Monserrate_Cummerata,Laurine.Trantow,Accept
Grayson.Heidenreich,Chet.Bradtke,Request
Armando_Rolfson,Morton,Reject
Stevie.Pagac,Javonte.Marquardt,Accept
Llewellyn,Rickie,Reject
Earlene_Boyle,Watson.Oberbrunner,Reject
Zena,Karlie.Jewess,Accept
Beau,Jerod,Request
Vivian_Mills,Deshaun.Dooley,Request
Rosario,Cleora_Reynolds,Reject
Sanford.Macejkovic,Randi,Request
Albertha_Harris,Berry_Hilpert,Accept
Abelardo.Dibbert,Eileen_Jakubowski,Request
Joana.Nicolas,Hanna.O'Hara,Request
Jaydon.Frami,Kacey,Request
Melany_Sanford,Ariel,Request
Oma,Dustin,Accept
Grant_Hills,Cecilia.Lind,Reject
Emmanuel.Homenick,Destiney,Reject
Irving.Bartoletti,Brooks,Reject
Donnell_Hilll,Dasia,Reject
Imani.Feest,Trycia,Request
Hilario_Stiedemann,Allan,Request
Marlee.Lynch,Vernice,Request
Retta,Annamarie,Accept
Toy,Ettie_Rohan,Accept
Dagmar.Barton,Tabitha,Reject
Caesar_Bosco,Chadrick.Beahan,Accept
Bella.Abbott,Carley.Aufderhar,Accept
Frederick,Devan,Accept
Andrew,Dean_Quigley,Accept
Alisha.Rowe,Annabel,Accept
Joyce,Raquel,Request
Trenton_Koss,Hipolito,Reject
Sienna.Schiller,Sarai,Accept
Blaise.Crooks,Rozella,Reject
Lilyan,Harmon,Request
Rhea_Larkin,Effie_Schneider,Accept
Carlee.Ferry,Ezra.Reinger,Accept
Ron,Nyah.Roob,Accept
Ollie,Jan,Reject
Marjorie.Stamm,Dorian,Reject
Boyd.Pfeffer,Maeve,Accept
Alexanne,Ellis,Reject
Astrid,Oran,Reject
Hassan_Schowalter,Dahlia_Strosin,Request
Burdette_Hessel,Lane.Fay,Accept
Erling,Lisandro,Request
Gust.Kshlerin,Courtney,Accept
Abelardo.Stoltenberg,Daniela,Reject
Camren,Jeromy,Accept
Margret_Klocko,Emerson_Wehner,Reject
Vella_Buckridge,Dasia.Hand,Accept
Hortense_Graham,Sammie_Howell,Request
Brenden_Doyle,Kayley,Reject
Marlee_Becker,Riley_Shanahan,Accept
Morris.Beer,Luigi.Jaskolski,Request
Jayda.Stokes,Markus.Aufderhar,Accept
Dedrick_Pacocha,Mina_Huel,Accept
Vincenzo,Antonia,Request
Orland_Weber,Nikita,Accept
Georgiana.Spinka,Johathan,Request
Marguerite_Hudson,Maxime_Goldner,Reject
Elisha_Spencer,Jett_Walsh,Reject
Marian.Homenick,Cassandra,Request
Francesco_Jones,Carter.Douglas,Reject
Mckenna.Feest,Adell,Accept
Bernadine.Bradtke,Maida,Request
Demario.Gulgowski,Marisol,Reject
Janice.Champlin,Billie,Reject
Ted,Marco_Schumm,Request
Ellis_Koss,Ubaldo,Request
Cordell.Roberts,Hayley,Request
Karl.Hickle,Efrain_Fisher,Reject
Nigel_Purdy,Eunice,Reject
Karelle_Lueilwitz,Sherwood,Request
Alexie_Bechtelar,Vergie.Harris,Reject
Sheila.Sipes,Litzy,Reject
Cyrus.Reilly,Alfonzo,Accept
Cristopher,Lisandro_Watsica,Accept
Millie.Gleichner,Ted.Russel,Request
Martin_Harvey,Maribel.Wisozk,Reject
Alfreda.Block,June_Smitham,Request
Julianne,Daryl.Carter,Accept
Johann.Cremin,Foster.Gottlieb,Reject
Della.Kirlin,Ila.Ullrich,Reject
Lorena.Beier,Murray_Ankunding,Reject
Tremaine,Jaylan,Reject
Elroy,Ahmed.Schulist,Accept
Benjamin_Collier,Myrtis_Ullrich,Request
Chaz,Beryl_Watsica,Reject
Alvah,Scottie_Davis,Reject
Theresia.Wuckert,Sydnie.Larkin,Accept
Ferne.Koss,Theron,Request
Mozell,Alice_Tillman,Request
Ahmed.Schulist,Coleman,Reject
Caterina_Cassin,Icie.Greenfelder,Request
Gordon,Dakota,Reject
Jailyn,Evan,Accept
Jarret.Witting,Joana,Accept
Carolina.Runolfsdottir,Aiden.Zieme,Reject
Demond.Orn,Geoffrey.Hoppe,Accept
Jerrod.Nicolas,Sebastian,Request
Stanford.Schowalter,Marilyne_Kutch,Reject
Shaina.Hessel,Eloy_Lueilwitz,Accept
Fae_Romaguera,Nathanial,Request
Robyn_Olson,Rosalinda,Accept
Heath_Block,Mckenna.Feest,Request
Kelsie_Waters,Kevin_Monahan,Request
Marvin,Leopold,Reject
Kailee_Hoeger,Jordy.Green,Request
Lelah.Ward,Jeanie,Accept
Kasandra.Buckridge,Kennedy.Predovic,Reject
Eloisa.Marks,Roman,Reject
Eric_Nolan,Betty,Accept
Royal,Emmet,Accept
Samara.Jacobs,Angelina_Metz,Reject
Darrion_Rath,Alison.Rogahn,Accept
Kendrick_Sporer,Britney,Accept
Maddison_Bernier,Mercedes,Reject
Luella.Kunze,Jarrell,Reject
Beverly_Carter,Philip,Accept
Arvel_Lehner,Madison_Zboncak,Request
Uriel_Vandervort,Vita_Langosh,Accept
Stacey_Champlin,Jennings_Lynch,Reject
Jackie,Lorine_Wilkinson,Accept
Hettie_Beatty,Arvilla.Waelchi,Request
America_Predovic,Cleta,Request
Angelita,Rachael,Reject
Camryn_Koss,Ray,Accept
Vernie,Shane_Emard,Accept
Guillermo_Goldner,Annabel_Harris,Accept
Lorenz,Verla,Reject
Ron.Cole,Lempi_Torp,Reject
Brandy,Emely.Howell,Accept
Madilyn.Beahan,Trenton.Wisozk,Accept
Norval_Russel,Cordelia,Request
Taryn,Zella.Goyette,Request
Loyal_Lebsack,Raphaelle.Yundt,Accept
Darien_Kuhn,Thurman,Accept
Alexis.Reichert,Caleigh.Stehr,Request
Camden_Franecki,Felipe,Reject
Scottie_Davis,Russell_Hahn,Request
Henry,Angus,Reject
Benedict,Delaney_Williamson,Reject
Lucious_Hansen,Lindsay.Fay,Request
Timmy,Taurean,Request
Grayson.Ankunding,Keon,Reject
Bette_Thiel,Raina,Accept
Anne.Thiel,Riley_Shanahan,Reject
Irwin_Hoppe,Giles,Request
Ada_Steuber,Jude,Request
Kory_Stamm,Art,Reject
Aniya,Garth.Swaniawski,Request
Brice,Leilani,Request
Kian_Kiehn,Dena,Request
Katarina_Ferry,Era_Stroman,Accept
Kiley.Grady,Maxine,Reject
Renee.Erdman,Marilyne,Reject
Silas.Collier,Nat,Reject
Marcos,Jennie,Accept
Emilia.Botsford,Kay,Request
Fay.Smitham,Hipolito.Schoen,Accept
Jairo_Green,Jamarcus,Accept
Amy,Travon.Barton,Request
Laurie.Goodwin,Emile,Request
Yadira.Schmidt,Baron.Wyman,Reject
Rocky_Kling,Christy.Hyatt,Accept
Arthur.Stracke,Royal,Accept
Jacklyn.Jast,Brian,Reject
Vanessa_Jerde,Delta,Reject
Lela,Laury.Schiller,Accept
Delpha.Graham,Raven,Reject
Crystal_Dietrich,Lionel,Reject
Angie,Jeramie,Request
Melvina,Dock,Request
Margie_Satterfield,Payton,Request
Sterling,Teagan.McCullough,Accept
Nathanial_Kshlerin,Adelia_Howell,Request
Kyler.Grady,Bella_Schuster,Accept
Roman_Ratke,Brianne_Jacobson,Request
Tristin,Allene_Okuneva,Request
Gregorio.Corkery,Andreanne.Kunze,Accept
Rogers_Boehm,Abbie_Ratke,Reject
Amaya_Harvey,Marlee.Koch,Request
Cristopher.Bayer,Brooke_Casper,Request
Bernice,Josianne,Reject
Ned.Walter,Narciso_Gusikowski,Request
Hudson.Mertz,Jammie.Braun,Request
Damion,Catherine,Reject
Fred.Dooley,Nathen,Accept
Bryana.Johnson,Cecilia,Reject
Herman.Hickle,Lucius,Reject
Magdalena_O'Hara,Linwood,Accept
Reymundo_Nader,Gwendolyn,Request
Mervin.Nicolas,Joy,Request
Matilda_Labadie,Wilbert.Fisher,Request
Colleen.Flatley,Lucio,Accept
Alice_Satterfield,Magali,Reject
Caleb,Janiya,Request
Zelma.Kemmer,Dameon.Lockman,Request
Maryjane.Zemlak,Jamir_Maggio,Request
Katelin_Bogan,Lowell_Bosco,Accept
August.McDermott,Spencer_Bahringer,Reject
Adrain_Koch,Clifford,Reject
Trudie,Millie_Watsica,Request
Orrin.Romaguera,Jasmin.Kiehn,Reject
Kasandra,Ferne,Request
Lois,Harold.Morar,Reject
Roberto,Frederic_Wehner,Accept
Margarette_Robel,Sonny_Ondricka,Accept
Beaulah.Greenholt,Rigoberto,Request
Kevin.Prohaska,Amie,Accept
Penelope,Jedediah_Mraz,Reject
Trent.Hamill,Maegan,Reject
Devante_Labadie,Kameron,Reject
Shania_Vandervort,Name.Mueller,Accept
Burdette.Jaskolski,Jed.Berge,Request
Doris_Collins,Eduardo.Rolfson,Request
Marge_Wisozk,Kristofer_Schmidt,Request
Salvatore.Mayer,Sandy_Abshire,Request
Luigi.Rogahn,Rodger,Reject
Dock_Schroeder,Eunice_Schroeder,Reject
Arturo.Waelchi,Frieda,Accept
Gregg_Bechtelar,Godfrey.Kuhn,Accept
Bailey_Prohaska,Shanie.Langosh,Accept
Louisa.Oberbrunner,Caesar.Medhurst,Request
Alice_Howell,Hoyt,Accept
Chadrick.Beahan,Stefanie,Accept
Myrtle_Runolfsson,Kristoffer.Prosacco,Accept
Sigurd.Roob,Jett,Reject
Ruth.Collins,Nya,Accept
Teagan_Wilkinson,Elinor,Reject
Roslyn_Stroman,Marjory_Fahey,Accept
Zoe.Wintheiser,Reilly.Nicolas,Reject
Amelie,Ashlee,Reject
Kelvin.Kuvalis,Daren,Reject
Charlie.Cronin,Janet,Reject
Trycia_Berge,Darrick,Reject
Catherine,Judson,Reject
Adolphus.Metz,Mary_Klein,Request
Rosemarie.Cassin,Abner,Request
Susana,Cara_Price,Reject
Mariela_Hane,Maxime.Dickinson,Reject
Keith_Funk,Gabrielle.Fay,Accept
Ilene,Brycen.Walker,Request
Rowan.Koepp,Herminia,Request
Brenna.Bednar,Jasmin.Cormier,Request
Toni.Ondricka,Martin,Accept
Amina.Dach,Sammy_Kautzer,Accept
Joany,Eliezer,Reject
Elnora,Estel_Casper,Accept
Nova_Leuschke,Hal.Wunsch,Accept
Rosario.Carter,Marcia,Reject
Bell_Waters,Leonora,Accept
Cecile,Daisha,Reject
D'angelo_Kerluke,Janice_Wisoky,Accept
Elenora.Dickens,Dovie,Accept
Ari.Harber,Samantha.O'Reilly,Accept
Pinkie_Jacobs,Edna,Accept
Terrell,Javon,Request
Katelin,Alexanne.Yundt,Request
Lorine,Thea,Accept
Alia.Wilkinson,Mallie_Fahey,Reject
Freddie,Alexanne_Flatley,Request
Gerardo_Howell,Milo,Accept
Marco_Dietrich,Stefanie,Accept
Alvera,Elna,Accept
Norma_Bashirian,Katrina,Request
Kaleb.Heller,Chaya,Accept
Agnes_Ernser,Eula,Request
Antone_Stiedemann,Mya_Mante,Request
Sharon.Hintz,Lane,Accept
Tre_Crona,Alvena,Request
Jayne_Stoltenberg,Maybelle,Reject
Nicole.Hermann,Aglae_Streich,Accept
Rosario_Koepp,Guy.Schultz,Reject
Tressa.Ratke,Ellsworth_Nader,Reject
Al,Willow.Watsica,Request
Eldridge,Karine_Wolff,Accept
Myrtis,Ken,Accept
Nick_King,Joanne,Reject
Merritt.Legros,Janis,Request
Deonte.Hagenes,Will,Request
Madelynn.Moore,Itzel,Reject
Norbert,Alec_Effertz,Accept
Eldred_Marvin,Alden,Request
Brenna.Rippin,Curt,Reject
Alison_Turcotte,Nicola.McKenzie,Accept
Ova,Clair,Accept
Octavia,Tom.Orn,Reject
Alyson.Ward,Cloyd.Heller,Accept
Julianne.Gleichner,Kailyn,Request
Cara,Bud_Wolff,Request
Neal,Rex,Reject
Mitchell.Barrows,Elna,Reject
Brando.Lindgren,Patience.Sauer,Reject
Napoleon_Turner,Chanelle.McCullough,Reject
Augusta.Stark,Camryn_Emmerich,Reject
Samson_Robel,Zora,Request
Charity.Ratke,Suzanne_Nienow,Request
Zelma_Ziemann,Lyla,Request
Richmond.Feil,Elian,Accept
Jaylon_Pollich,Johann,Accept
Isai.Mosciski,Monica_Muller,Reject
Esmeralda_Welch,Alicia,Accept
Callie,Crystal.Torphy,Accept
Esther.Bailey,Sam_Eichmann,Request
Tomas.Turner,Emile,Reject
Art_Torp,Florian_Keebler,Reject
Alessandro_Yundt,Retha,Accept
Xander,Althea_O'Hara,Request
Haylie.Adams,Ollie.Witting,Reject
Lamont.Johns,Theron.Mitchell,Request
Carole_Fritsch,Guillermo,Accept
Isabel_Rice,Kiana_Pfeffer,Accept
Cleora,Kaylah_Lindgren,Request
Danyka.Boyer,Monte,Request
Jaqueline,Ozella,Reject
Santina.Hamill,Belle,Request
Annetta_Harris,Corine,Reject
Hollie_Kilback,Nettie.Daniel,Accept
Elbert.Cremin,Porter.Sipes,Reject
Tess_Kilback,Sallie.Cormier,Reject
Kim,Domenica,Request
Price_Wunsch,Emelie,Request
Everardo.Hills,Rollin_Zboncak,Reject
Emmy,Hector,Request
Oleta_Kiehn,Blaze_Kemmer,Reject
Sigurd.Greenholt,Finn,Request
Giovanni,Lorena,Request
Garnett,Rubie,Request
Darius,Holly,Accept
Savion_Cremin,Green,Accept
Quinton.Walker,Elizabeth_Upton,Reject
Hillard_Sawayn,Rosamond.Krajcik,Reject
Sigurd,Zackery,Reject
Percival_Jerde,Brendan_Russel,Accept
Janae_Jacobs,Erica.Wunsch,Reject
Ashly_Bradtke,Newell_Connelly,Request
Providenci.Johnston,Austyn,Accept
Kelsi_Cummings,Muriel,Request
Garry.Walsh,Haleigh,Reject
Marcus_Hane,Cale.Lubowitz,Reject
Judge_Wolff,Osbaldo,Accept
Claire.Rice,Eduardo,Reject
Adolf_Wiza,Edwina_Kuhn,Reject
Justus_Sipes,Verner,Reject
Sage.Stehr,Destany,Accept
Braeden,Maxime_Zemlak,Reject
Johnpaul.Lang,Ellis,Reject
Annabelle,Kareem,Accept
Katherine.Hermiston,Janet,Request
Immanuel_Rippin,Damion_Barrows,Reject
Jamaal.Schroeder,Kellen,Reject
Gabriel.Cruickshank,Lonzo,Accept
Isabella.O'Connell,Frank,Accept
Susie.Wiegand,Fay.Homenick,Request
Rylan_O'Kon,Vladimir.Ziemann,Accept
Shea_Jenkins,Assunta_Lebsack,Reject
Willie_Kertzmann,Roberto,Accept
Dixie_Bechtelar,Savanna,Accept
Madisyn,Emil,Reject
Marcos.O'Connell,Caterina,Reject
Prudence_Harªann,Madelynn.Hauck,Accept
Devonte_Conroy,Herminio_Rempel,Reject
Bradford.Gaylord,Emery,Reject
Isobel_Ryan,Kayli,Reject
Carissa.Bruen,Ramona_Ledner,Request
Michelle.Hirthe,Kim_Botsford,Reject
Cordia.Green,Lazaro,Reject
Collin.Kilback,Sage.Collier,Reject
Darlene_Champlin,Abbey,Request
Marco.Stark,Emmy,Request
Magdalena_Skiles,Katarina_GuÂªann,Accept
Birdie,Everette,Reject
Cathryn.Ortiz,Nathanael,Accept
Cody.Wyman,Kane.O'Conner,Accept
Rex,Estella_Hirthe,Accept
Donnell,Lavern,Reject
Mylene_Harris,Marty.Bradtke,Reject
Trinity,Wanda.Lemke,Request
Brigitte.Marvin,Kevon,Request
Arne,Christina_D'Amore,Request
Eunice_Williamson,Keith,Reject
Itzel_Stamm,Salvatore,Accept
Evelyn.Botsford,Eloisa,Reject
Daniella.Leuschke,Brannon_Kautzer,Request
Renee.Torp,Lyda_Walsh,Accept
Angel_Block,Ora_Hettinger,Accept
Rubye_Muller,Myra,Accept
Cletus.Kutch,Mariam,Accept
Domenick.Osinski,Billie.Rice,Request
Annette,Mayra_Williamson,Request
Rafaela_Prosacco,Emelia.Mitchell,Accept
Cornelius.Frami,Concepcion.White,Reject
Jettie.Langworth,Heidi,Accept
Madie_Towne,Percy.Klein,Reject
Guido_Kutch,Wilfrid_Romaguera,Request
Dianna,Tommie,Reject
Twila,Fay.Smitham,Reject
Kadin.Fahey,Wendell.Medhurst,Reject
Mya.Schaden,Caitlyn.Bashirian,Accept
Constantin_Wintheiser,Cesar.Hansen,Reject
Murl_Turcotte,Eugenia,Reject
Jesus.Luettgen,Fae,Accept
Kathlyn,Willy,Accept
Wallace_Rowe,Mavis,Accept
Imogene.Effertz,Loma,Reject
Krista_Kerluke,Mohammed_Toy,Reject
Zechariah_Morar,Madge.Hansen,Accept
Fernando,Kevon,Accept
Elvis.Turcotte,Coby_Weimann,Reject
Ronny_Witting,Hal,Accept
Berniece_Morar,Jodie_Rosenbaum,Request
Elinore.Mertz,Shania,Accept
Reta,Franz,Request
Nedra_Kuhn,Julianne,Reject
Braxton.Kshlerin,Morgan,Accept
Oma.Boehm,Amari_Wiegand,Request
Nathan.Runte,Erwin,Reject
Duane.Jaskolski,Anibal_Konopelski,Reject
Easton_Kozey,Roma,Reject
Damien,Trever_Tillman,Request
Chet.Klocko,Marisol,Accept
Justyn_Pfeffer,Abigail_Jacobson,Request
Norval_Bogisich,Lilla_Hayes,Request
Halle,Abe,Request
Conner,Corbin.Prohaska,Request
Helga_Daniel,Eloise_Harvey,Request
Sammie.Stracke,Mara.Franecki,Request
Lisette.Bernier,Kenny_Kirlin,Request
Angie_Murphy,Gardner_Spinka,Accept
Daisha.Bogisich,Holden,Reject
Koby_O'Keefe,Alberto,Reject
Alyson_Ortiz,Kenny,Request
Ila_Kuhic,Elta,Request
Rose.Kunde,Meghan_Mraz,Request
Haskell.Sipes,Janelle,Accept
Frederick.Marquardt,Tyra.Donnelly,Reject
Yasmine,Dallas,Request
Alexander,Adaline,Accept
Mallory_Guªann,Earl_Connelly,Accept
Adell.Pouros,Aliza_Mitchell,Accept
Mack,Katheryn_Medhurst,Reject
Orland.Steuber,Vivien_Greenholt,Accept
Ila.Medhurst,Triston.Pacocha,Reject
Tod.Fadel,Kiley,Accept
Maritza_Hagenes,Franz_Prosacco,Request
Patience_Sporer,Aida,Request
Joe_Beatty,Eliseo,Accept
Theodore.Jacobs,Alba,Request
Viviane_Wehner,Rogers,Request
Eleanora_Hermiston,Ashly,Request
Melisa_Hagenes,Gayle.Rau,Accept
Sheridan_Senger,Minerva.Kautzer,Reject
Leila,Nicholas,Accept
Jovan.Hauck,Lupe_Williamson,Accept
Jorge.Botsford,Narciso_Gusikowski,Reject
Wilhelmine.Jaskolski,Koby,Accept
Alfreda,Phoebe_Koch,Request
Allen.Nicolas,Dax_Kunde,Accept
Una.Kerluke,Shanel.Brakus,Request
Jaunita.Kovacek,Brown,Reject
Matteo_Terry,Bernhard_Lehner,Reject
Flavie,Alfonzo.HarÂªann,Accept
Franz_Prosacco,Jared,Reject
Tania_Thompson,Dedric,Reject
Arielle,Amaya_Bernhard,Reject
Bonita.Kuhlman,Caroline,Accept
Wayne,Humberto.Kiehn,Request
Favian_Cormier,Annamarie,Accept
Saul.Kub,Margarita,Accept
Orville,Elisabeth_Abshire,Request
Bell.Johnston,Ubaldo,Request
Lea.Streich,Maiya.Pfeffer,Request
Hunter.Reichert,Shemar.Kautzer,Reject
Judd,Randal,Accept
Colten_Mayer,Kiera_Ziemann,Request
Josh_Olson,Vickie.Cassin,Reject
Myrtice_Larkin,Maggie_Hilll,Reject
Lindsay.Mraz,Tobin.Streich,Request
Eduardo.Rolfson,Marques_Monahan,Accept
Millie_Pacocha,Dakota,Reject
Shanelle_Okuneva,Hadley,Reject
Maureen,Dell,Accept
Nyah.Oberbrunner,Shayna,Accept
Marina_Cormier,Sandra,Request
Werner,Destiny.Walter,Reject
Elvera,River.Brekke,Accept
Alvena.Jerde,Clifton,Request
Harold,Everette,Request
Dewitt.Cassin,Lucinda.Stiedemann,Reject
Josefa_Wehner,Betty_Waelchi,Reject
Gerson.Glover,Jefferey_Murazik,Request
Leopold,Dayton,Reject
Kendall_Gerlach,Nya,Request
Raphaelle.Yundt,Fletcher,Request
Kenyatta_Cremin,Reginald_Hilll,Request
Candace,Bud,Request
Alysa_Bailey,Dan_McKenzie,Request
Kali.Quitzon,Alaina,Accept
Alyce_Rosenbaum,Toney.Bogisich,Request
Jameson_Orn,Myles,Request
Marshall,Domenic,Request
Cassandre,Alexzander,Reject
Celine_Kerluke,Caitlyn,Reject
German.Schultz,Kylie,Accept
Berry.Wilderman,Maryam,Accept
Travon.Kling,Johnny,Accept
Julianne_Schneider,Lexi,Request
Asha,Guillermo,Reject
Daniela_Gerlach,Ted,Reject
Rosetta.Guªann,Alberto,Accept
Isabella,Owen,Reject
Layne,Zora,Accept
Phoebe.Wunsch,Pauline,Request
Kayden.Bernier,Ryann,Reject
Evangeline_Lemke,Joey,Accept
Milford,Jesse,Accept
Alene,Mariana.Miller,Accept
Orin.McKenzie,Lamont.Johns,Accept
Damaris.Pfannerstill,Dakota,Accept
Bert.Corwin,Eulalia,Reject
Kariane.Hansen,Weston.Shields,Request
Adelbert_Spinka,Kacie.Kozey,Reject
Doyle.Blick,Nayeli_Lubowitz,Reject
Malinda,Mireya,Request
Myrna,Stephany_Bednar,Request
Stephany.Kub,Bette_Thiel,Request
Mortimer,Deven_Jacobson,Reject
Richard.Auer,Chanel,Accept
Linda.Carroll,Laurie,Reject
Willie_Rippin,Fabiola.Wilkinson,Reject
Ryley,Norberto.Schowalter,Request
Lottie,Trycia,Reject
Zul_Crist,Gerda,Accept
Beth,Grace,Accept
Rickey_Brakus,Lawrence_Rau,Request
Reynold_Botsford,Kyleigh_Grimes,Reject
Etha_Keebler,Ofelia,Accept
Florencio_Medhurst,Emily,Accept
Emil.Parker,Carey.Zieme,Reject
Dawson_Boyer,Merlin,Accept
Winona_Torp,Myles,Accept
Maya,Roberto_Kautzer,Reject
Felipe.Volkman,Rachelle.Ziemann,Reject
Ignatius,Maia_Baumbach,Request
Joanny.Swift,Kavon.Breitenberg,Request
Mittie_Bechtelar,Clemmie,Request
Alessia_Paucek,Erick,Reject
Ivy_Koch,Veronica.Schneider,Reject
Jason.Koch,Eulalia,Accept
Leonardo_Ryan,Taryn,Accept
Paul.Ullrich,Modesta.Von,Reject
Amari,Julio_Kunde,Reject
Damaris.Dickinson,Burdette.Leuschke,Accept
Theodora,Jany,Accept
Antone.Hand,Jamil_Flatley,Reject
Maria_Borer,Ethelyn_Gulgowski,Reject
Mertie_Runolfsson,Shaina.Kovacek,Request
Pete.Hyatt,Donna,Reject
Ofelia.Stracke,Cora_Tillman,Reject
Lon_Hansen,Thomas,Request
Nikolas,Annamae,Reject
Adaline,Brooklyn_Schinner,Request
Shanelle_Funk,Monique.Schamberger,Reject
Mae_Schumm,Humberto_Sanford,Request
Darien.Spinka,Alana_Kuvalis,Request
Clinton_Gutkowski,Pietro,Accept
Dameon.Leuschke,Stuart_Bruen,Request
Mable_Greenholt,Emery,Reject
Ceasar_Carroll,Brennan_Beier,Request
Gonzalo.Zieme,Lincoln,Accept
Alyce.Jaskolski,Palma_Bradtke,Accept
Flossie_Feest,Joany,Accept
Johanna.O'Keefe,Jaron.Muller,Reject
Monica.Kutch,Leopold,Reject
Tamara.Gaylord,Shanie.Sporer,Request
Bill.DuBuque,Brianne.Bradtke,Accept
Dion_Doyle,Lue,Accept
Kris.Beer,Jules,Accept
Cleo.Cremin,Julie_O'Conner,Request
Trent.Satterfield,Neva_Carter,Accept
Ramon_Considine,Tatum,Request
Misael_Weber,Ceasar.Schuster,Request
Kendra.Glover,Kyleigh.Beier,Accept
Pinkie,Tessie,Accept
Ardella,Lyla,Request
Dolly.King,Katlyn_Abshire,Accept
Anabelle.Moore,Magali.Reilly,Accept
Benedict.Daniel,Sonny,Request
Paula,Nikko_Dooley,Accept
Melvina_Hayes,Micaela,Request
Elias.Sauer,Salvatore_Langosh,Reject
Ethyl_Cole,Shakira,Accept
Dino,Duncan_Turner,Reject
Zelda,Judson_Schulist,Reject
Kenton_McDermott,Antwon,Reject
Beryl_Ullrich,Cathrine.Adams,Request
Davon_Braun,Lon,Request
Samanta,Kendrick.Von,Accept
Efren.Parker,Vince_Homenick,Accept
Denis_Schaefer,Ernesto,Accept
Kolby_Rohan,Samara.Schroeder,Accept
Celine_Zieme,Hayden_Johnston,Reject
Brent_Trantow,Kaylee.Schuster,Request
Ryleigh.Shanahan,Jackeline_Harris,Request
Alanna,Tracey.Macejkovic,Request
Alden.Batz,Randall.Kshlerin,Reject
Erich_Johnson,Morgan_Moen,Accept
Jayden.Crooks,Patricia_Barton,Request
Presley,Edgar.Kuphal,Reject
Salma_Leuschke,Harmony,Request
Mauricio_Funk,Janie,Reject
Trisha,Hadley,Reject
Jaylen.Beer,Brad,Accept
Nikki.Rolfson,Rosalind,Request
Jennyfer.Hilpert,Noe.Fisher,Accept
Godfrey.Kuhic,Lysanne,Accept
Kellen.Stanton,Malinda_Koss,Request
Molly_Lueilwitz,Israel,Request
Emmanuelle,Orland,Accept
Vivienne_Gottlieb,Guido.Boyer,Request
Sheila_Schoen,Sanford.Macejkovic,Accept
Ricky_Friesen,Alan.Pollich,Accept
Annamae.Becker,Johann.Cremin,Request
Leif.Parisian,Esperanza,Accept
Rylee_Lindgren,Molly,Reject
Abbie,Aliza,Request
Sven,Reece_Brakus,Request
Maureen_Doyle,Renee_Renner,Request
Eldon,Seth,Request
Geraldine_Jones,Kaylee,Accept
Mckenna,Cullen.Block,Reject
Amos,Hassie,Accept
Hobart,Eli,Request
Eliane.Anderson,Alexa,Request
Anjali_Connelly,Crystel.Runte,Request
Caden,Laurie,Request
Ena.Orn,Justina.Torphy,Request
John_Feil,Amely.Hyatt,Reject
Ransom.Roob,Dianna_Armstrong,Reject
Emanuel_Lubowitz,Frieda,Reject
Lonzo_Bayer,Gerard,Accept
Aniyah,Kieran.Harvey,Request
Adrian.Schinner,Nedra.Eichmann,Accept
Leta.Hamill,Raven,Request
Geovanni.Ankunding,Krista.Runte,Accept
Jalon,Walker_Funk,Request
Lenore.Gleason,Keanu,Reject
Edison.Sporer,Katrina,Accept
Celia.Yundt,Daron,Reject
Dessie.Crooks,Kaela.Schuppe,Reject
Saul_Jerde,Cheyanne,Request
Russell_Raynor,Victoria_Paucek,Request
Libbie_O'Keefe,Ole,Reject
Armani_Dietrich,Muriel.Hegmann,Reject
Adrien_Wuckert,Jedidiah,Reject
Bradley,Jasper.Bednar,Reject
Demario.Stehr,Rocky,Reject
Wendell.Baumbach,Maia,Reject
Kenyon_McDermott,Micheal.Keeling,Accept
Shyann_Osinski,Darrel.Bartell,Reject
Camila.Hyatt,Kim,Reject
Sylvester_Doyle,Sabina,Request
Vince_Bergstrom,Camryn,Request
Corbin.Moen,Katelyn,Accept
Aaron_Koch,Mortimer_Wolff,Request
Rachael,Ellie,Request
Scot,Cassie.Schoen,Reject
Cody_Waelchi,Tyrese,Reject
Loma.Kertzmann,Nicholaus_Ullrich,Accept
Bernhard_Hamill,Nick,Reject
Donny_Gleason,Enid,Reject
Sedrick.Ondricka,Nikki,Request
Abdullah,Hayley.Farrell,Reject
Lexie,Cleta,Reject
Janessa.Bernhard,Benjamin.Mills,Request
Lennie.Langosh,Gus,Accept
Gerda_Schuppe,Demarco_Kerluke,Accept
Gardner,Erin.Orn,Accept
Krystal_Cronin,Shemar.Funk,Request
Donny_Pagac,Vicente,Reject
Mariana_Kris,Reed_Cruickshank,Request
Orlando_Kuhic,Mike,Accept
Otho,Edwina.Goodwin,Request
Alysha_Purdy,Zelma.Kemmer,Reject
Aliyah.Friesen,Leopold,Reject
Jaunita_Lesch,Iliana_Ruecker,Accept
Caitlyn_Purdy,Rollin,Accept
Renee_Renner,Dexter.Kuphal,Request
Nedra_Reilly,Odell_Nolan,Request
Amira.Beer,Lisa,Request
Dina,Esmeralda_Bednar,Reject
Winfield,Shaniya_Shields,Request
Maryam_Kautzer,Tia,Accept
Corrine_Kihn,Tess.Walter,Accept
Holly_Frami,Roel.Runolfsdottir,Accept
Leone.Greenholt,Ericka,Accept
Rhianna_Sawayn,Clemmie,Request
Brooke_Haag,Makayla.Sanford,Reject
Krystal_Welch,Cortez.Hilll,Reject
Erika_Hamill,Erwin.Wilderman,Reject
Derick_Turcotte,Adrianna,Request
Lucas,Ophelia,Accept
Orrin_Nitzsche,Sydni,Request
Edwina,Javonte_Feeney,Accept
Tyrique_Kassulke,Myles,Accept
Dianna.Bosco,Rico_Lindgren,Request
Sam_Eichmann,Clifton.Robel,Accept
Kip.Kertzmann,Arjun,Reject
Jamel_Adams,Dylan,Accept
Jeremie.Kassulke,Phyllis,Accept
Delaney_Wiegand,Rosie,Request
Aliya,Kaylie,Reject
Jazmyne.Schaefer,Martine,Reject
Sophia_Walsh,Gianni_Labadie,Request
Omari.Smitham,Matilda_Labadie,Request
Rossie_Pfannerstill,Mauricio,Reject
Pattie_Olson,Stacey,Request
Casey.Bailey,Loyce_Purdy,Request
Carrie_Moore,Geovany_Leuschke,Accept
Marlene_Bosco,Hallie.Schaden,Request
Jammie_Huel,Arturo,Accept
Kraig.Ward,Annie,Accept
Willis.Nicolas,Tyrell,Accept
Bell_Reichel,Torey.Weissnat,Reject
Alfonzo_Bechtelar,Louie.Miller,Accept
Liza.Breitenberg,Verda,Accept
Rodger.Fahey,Milford,Request
Vernice_Schaden,Kiera_GuÂªann,Reject
Ryann_Lubowitz,Annabel_Schimmel,Reject
Edward,Opal,Request
Elliot_Kirlin,Guy.Kris,Reject
Rosemary_Brown,Kristofer,Reject
Ona_Koch,Blaze,Accept
Kennith.Wisoky,Hal.Deckow,Request
Ursula_Sipes,Johnpaul_Yost,Accept
Arne_Jakubowski,Deontae.Weber,Request
Adeline_Jakubowski,Holden,Reject
Maida_Kovacek,Calista,Accept
Rahsaan.Bayer,Juanita_Tillman,Accept
Margaretta.Volkman,Maegan_Purdy,Reject
Monica.Turcotte,Adrienne,Request
Beau.Runolfsson,Raphael_Aufderhar,Request
Grace.Lesch,Payton,Request
Dominic,Keanu,Accept
Joe_Will,Vita.Beer,Accept
Sedrick.Herman,Ressie.Schaden,Request
Susan_Maggio,Carolyn.Hilpert,Reject
Chanel.Goodwin,Meaghan,Reject
Trent.Graham,Aron,Reject
Art,Desiree.Farrell,Request
Cierra,Conor.Kihn,Accept
Lenore.Klocko,Elvis,Request
Vallie,Kristofer,Reject
Newell_Jacobs,Lemuel.Schowalter,Accept
Margarette.Willms,Savanna_Boyle,Reject
Magali_Walsh,Rosendo.Graham,Request
Ryann.Lowe,Cyrus.Reilly,Accept
Adell_Walter,Iliana_Ruecker,Reject
Kirstin.Hand,Myrl.Armstrong,Accept
Naomie,Richard.Auer,Request
Estella_Smitham,Kelley.Lakin,Reject
Anya.Klein,Carlee_Farrell,Reject
Murl,Virgie_Heller,Accept
Eunice_Kozey,Ryleigh,Request
Kyla.Kautzer,Carley,Reject
Keegan,Keira.Jenkins,Accept
Jalen,Rickey_Lehner,Accept
Ludie_Prosacco,Amaya_O'Keefe,Request
Verla.O'Reilly,Mac,Accept
Georgiana.Kilback,Liza,Reject
Breana.Dach,Newton.Hettinger,Reject
Marley,Addie,Request
Zella.Mante,Sophia,Request
Lorenz.Kohler,Dasia,Reject
Elmore_Mueller,Marc,Accept
Rahul.Denesik,Deonte,Request
Chandler.Bahringer,Kyler.Rodriguez,Reject
Mona,Letha,Accept
Dock_Miller,Alphonso,Reject
Jimmy.Treutel,Lloyd.Schmidt,Accept
Bradly.Sanford,Estella,Request
Sherwood_Dicki,Elroy,Reject
Maurine.Keebler,Marco.Bernier,Reject
Jermain.Krajcik,Nona,Reject
Kaleigh.Thiel,Columbus,Reject
Adell.Batz,Foster_Kovacek,Request
Lawrence_Considine,Yazmin_Waelchi,Accept
Chance,Kendra,Reject
Ona_Blick,Soledad.Mante,Accept
Columbus.Nader,Mariah,Request
Malachi_McLaughlin,Cortez_Wuckert,Reject
Obie.Deckow,Maynard_Koch,Request
Mireille_Schuster,Jerod_Emard,Reject
Rory_Keeling,Billie,Reject
Heidi.Abbott,Madie,Request
Bria_Volkman,Golden,Reject
Ruby.Hickle,Hayley_Hills,Accept
Rafael_DuBuque,Jody,Request
Rozella_Lowe,Dixie,Request
Kyla.Fadel,Alex,Request
Roy.Reinger,Norris.Veum,Reject
Skyla.Guªann,Norene,Reject
Laurianne_Zieme,Russell_Franecki,Accept
Jimmie_Turner,Corbin,Accept
Geovany_Leuschke,Domenic,Reject
Alan_Metz,Rickey,Accept
Lesley,Marilyne.Roob,Accept
Tyreek.Hansen,Adrain,Accept
Orrin_Zieme,Meghan_Mraz,Request
Ella_Schoen,Karl,Request
Carlos.Funk,Elza_Blick,Reject
Adell_Graham,Adriana,Request
Erika.Nienow,Peggie.Jacobi,Request
Breana.Wiza,Novella,Request
Thalia.Nolan,Daniela_Gerlach,Reject
Brennan_Beier,Chester_Weber,Accept
Pierre_Ratke,Steve.Rohan,Accept
Kelton.Russel,Elyse,Request
Craig_Corkery,Christa.Miller,Request
Darlene.Balistreri,Josefina_Kunze,Accept
Ashton_Renner,Mellie_Wolf,Accept
Meggie,Lexie.Schmitt,Reject
Jakob,Cydney,Accept
Chelsie,Howard.Kiehn,Accept
Jayce_Morar,Dandre,Reject
Leanna.Auer,Jairo,Accept
Lelia,Jayden.Wuckert,Reject
Caleb.Murphy,Oscar,Reject
Leon.Sauer,Catherine_Bailey,Request
Steve.McGlynn,Frances,Accept
Kole,Lexi,Accept
Ruthe.Ratke,Chelsea_Howell,Accept
Jaylen,Cali_Hoppe,Reject
Jeremie_Corwin,Araceli_Zulauf,Request
Afton_Paucek,Jana_Bradtke,Accept
Manuela,Helen,Request
Regan_Gerhold,Adelia_Bogan,Accept
Jeremie.Murphy,Beaulah.Kutch,Accept
Saul,Arne_Hauck,Accept
Jarvis,Brandon,Reject
Blanche,Adalberto.Farrell,Request
Shyanne_Prosacco,Mina,Accept
Jayde_Zulauf,Hortense.Olson,Reject
Rosalia_Abshire,Norbert,Reject
Shyann.Goodwin,Isadore,Request
Trinity.Auer,Berneice_Johnson,Accept
Elvie.Schultz,Deshawn,Accept
Berry.Dach,Imani,Request
Griffin.Buckridge,Julio_Kunde,Accept
Brionna.King,Rhianna,Reject
Zelma.Kohler,Vernice_Weimann,Request
Genevieve.Quigley,Zachary_Kemmer,Accept
Catalina_Hegmann,Monserrat,Accept
Abigail.Klein,Cynthia,Request
Braulio.Braun,Phoebe_Kemmer,Reject
Edythe.Bode,Kathlyn,Accept
Leanna_Cassin,Gianni.Prosacco,Reject
Frederique.Rempel,Lelah,Reject
Rhianna.Schmitt,Juanita,Request
Arlene,Lafayette_Ebert,Reject
Frederick.Welch,Elenor.Walker,Request
Jarrell_Dach,Rey,Request
Humberto_Hessel,Consuelo.Marvin,Accept
Deon_Murray,Georgiana,Request
Santino.Russel,Kristoffer.Koelpin,Request
Russell.Olson,Otho_O'Keefe,Accept
Priscilla,Bertha_Nienow,Request
Ewald_Mosciski,Monserrate_Cummerata,Reject
Jeff.Harris,Jaylan_Bogisich,Request
Darryl.Hansen,Adan.Daniel,Reject
Luciano.Moore,Cydney,Accept
Clemmie_Mayer,Edmund,Reject
Alia.Gislason,Jeramie,Accept
Chauncey_Jerde,Clarissa_Farrell,Accept
Alisha_Guªann,Simone.Lehner,Reject
Judy,Ellsworth,Request
Beulah_Koepp,Burnice,Request
Abraham.Jerde,Elroy,Reject
Christopher_Beatty,Jamaal_Sanford,Request
Salvador_Balistreri,Wayne,Request
Anthony.Ebert,Ayden,Accept
Reid_Harris,Karen.Boehm,Request
Diana,Urban,Request
Roderick.Fritsch,Rhiannon,Reject
Doyle,Graciela_Wisoky,Request
Rod_Kiehn,Israel,Reject
Alexanne.Brown,Armando,Reject
Destin_Veum,Brenna.Witting,Request
Junior.Frami,Jody,Reject
Wade.Harris,Roscoe,Accept
Earlene,Amaya.Boyer,Accept
Hermina.Terry,Alexane.Walsh,Request
Ramon.Cole,Retta,Accept
Buster.Eichmann,Rodrick.Reichel,Accept
Durward,Darron,Accept
Theron.Schamberger,Margarett,Request
Amani_Heathcote,Mertie,Reject
Sterling.Ullrich,Werner,Accept
Thelma_Littel,Mohamed_Ledner,Request
Antonietta.Ryan,Vada,Accept
Lorine_Wilkinson,Madison.Hansen,Request
Harvey.O'Kon,Marie_Sipes,Accept
Jeffry_Boyle,Clementina,Accept
Cleora.O'Reilly,Jamey,Accept
Bernadine.Fahey,Aric.Mayert,Request
Lukas,Barrett,Reject
Wyman,Anjali,Request
Ofelia.McLaughlin,Kim,Reject
Cydney,Mariah,Accept
Eunice_Predovic,Amos.O'Kon,Accept
Myrtice_Stokes,Merlin_Moore,Request
Leo.Beier,Lura_Shields,Reject
Elmer.Lowe,August,Request
Frederik,Neoma.Lehner,Request
Sage.Collier,Burdette,Accept
Loyce.Hirthe,Octavia_Parisian,Accept
Clara.Moen,Aron,Accept
Elena,Trevion,Reject
Jannie_Ratke,Horacio.Crooks,Reject
Harmon.Mohr,Benton.Sawayn,Request
Thomas_Rosenbaum,Will_Ullrich,Accept
Emma_Wyman,Martine,Reject
Jackeline.Pollich,Alexandro,Request
Talon_Sauer,Kayli.Cartwright,Request
Bertram.Cartwright,Mellie,Reject
August.Heathcote,Eloisa,Request
Rebeka_Denesik,Edison,Accept
Jaleel,Alexa,Request
Susan.Cummings,Roberta.Keeling,Reject
Orie.Effertz,Frieda,Request
Guiseppe_Little,Myrtle,Request
Hudson.Rolfson,Verona.Rolfson,Accept
Bettye_Zieme,Alba,Accept
Audrey_Haley,Lilliana,Request
Stewart_Nolan,Elwin,Accept
Edwardo.Moen,Zena,Accept
Randal.Yost,Jovan_Roberts,Reject
Gussie,Chester.Collier,Request
Audreanne_Boyer,Milo,Request
Cecile_Lubowitz,King_Larkin,Accept
Irwin,Bettie_Boyer,Request
Lina.Haag,Zakary,Request
Delphine_Mayer,Roderick,Request
Sally_Casper,Rodrick,Reject
Rossie_Crooks,Weston_Kshlerin,Request
Norbert_Zieme,Emerson,Accept
Freida.Carroll,Aliya,Reject
Maggie_Harber,Guido_Quigley,Request
Hayley_Lakin,Dina,Accept
April.Macejkovic,Nestor,Request
Providenci.Buckridge,Cullen.Block,Reject
Janessa_Daugherty,Cielo_Hackett,Request
Pietro.Wiegand,Cruz.Stoltenberg,Request
Kevon.Donnelly,Elenora,Accept
Drew_O'Connell,Jevon.Windler,Accept
Emily.Kerluke,Juvenal.Schinner,Request
August_Donnelly,Hayley,Accept
Hailee_Hessel,Cydney,Accept
Salvatore_Langosh,Thelma,Reject
Norene_Rath,Joany.Hodkiewicz,Accept
Hubert_Reichert,Santiago,Request
Evangeline_Keebler,Laura,Reject
Westley,Davon_Schulist,Request
Ottilie_Homenick,Kobe,Reject
Holden,Verna,Request
Price.Dibbert,Tessie,Accept
Joshua_Hackett,Rodger_Reynolds,Reject
Laisha,Alvis_Schimmel,Accept
Salma_O'Hara,Sage,Request
Blanca_O'Reilly,Noble,Accept
Kyla_Cummings,Aurelia.Jacobson,Accept
Derick,Erika,Accept
Odell,Helena,Reject
Melvin,Thomas_Rosenbaum,Accept
Granville_Hane,Enos,Accept
Josiane.Kemmer,Matilde,Reject
Nickolas.Moore,Genoveva,Accept
Myles_McDermott,Rocky,Accept
Albertha_Mills,Coby,Accept
Rosanna.White,Nigel_Mann,Reject
Vallie_Gulgowski,Corene,Accept
Ward_Raynor,Delfina_Smitham,Reject
Kurtis.Trantow,Deshaun.Brown,Accept
Maeve_Lindgren,Casey_Streich,Request
Fiona.Howell,Andy_Corkery,Accept
Orlo_Yost,Maymie.Goldner,Reject
Celia.Olson,Lafayette,Request
Floy.Mayert,Angelita,Reject
Lon,Weldon,Reject
Velda,Quincy.Ortiz,Reject
Ova_Guªann,Newell,Reject
Patsy_Konopelski,Nyah,Accept
Yesenia.Friesen,Quincy,Accept
Bo,Johnny,Reject
Raoul_Tremblay,Timmothy_Dickens,Accept
Jaylen.Sporer,Mavis.Barton,Accept
Silas,Cydney,Request
Vicente.Ruecker,Caleigh,Reject
Trey_Hackett,Reggie,Accept
Isaac.Brown,Vincent_Monahan,Accept
Jillian_Yost,Tristian.Aufderhar,Request
Cornell_Kuhlman,Lukas,Accept
Emerson_Johnston,Shea_Pouros,Reject
Vilma_Abernathy,Jamar_Gleason,Reject
Jevon.Cormier,Norma.Adams,Accept
Luther,Wendell,Request
Douglas_Koepp,Ezequiel,Reject
Hettie.Abshire,Daisha,Request
Cayla,Estelle.Oberbrunner,Request
Celia.Rempel,Ines,Accept
Madeline_Green,Kayley_Koepp,Accept
Johnny_Hintz,Parker_O'Connell,Reject
Viviane_Jacobs,Robert,Reject
Moriah,Vernon,Request
Dana,Marcia_Brakus,Request
Marshall_Fay,Valentin,Request
Gianni_Johnston,Gregoria,Accept
Jaeden_Kulas,Adelia,Reject
Madge,Florida_Von,Request
Alysa.Green,Harvey.Cruickshank,Request
Coty_Lehner,Elliott,Accept
Sylvan.Schroeder,Trent.Hamill,Reject
Tyree_Nitzsche,Reta_Monahan,Request
Ruth,Mitchell,Reject
Elfrieda_Ebert,Emilie,Request
Ida,Estefania.Pollich,Reject
Breana_Hudson,Lila.Beatty,Reject
Angelo.Dare,Brayan,Reject
Lyla_Kuhic,Tobin,Request
Lizzie.Steuber,Faustino,Accept
Jamey,Xander_Kshlerin,Accept
Stephen_Green,Keven,Reject
Darron.Schaden,Willie_Gleichner,Reject
Waldo_Hyatt,Domingo,Accept
Lavern.Gulgowski,Paxton,Request
Donnell_Wintheiser,Jerel.Cummerata,Accept
Julianne_Swift,Jaydon.Hermann,Reject
Phoebe,Gabriel.Leuschke,Request
Nelle.Hettinger,Pablo_Bechtelar,Accept
Guy_Bruen,Ashton,Request
Herman_Jacobson,Margaret,Reject
Cordell_Greenfelder,Edna.Considine,Request
Yesenia.Cole,Easton_Osinski,Reject
Heber.Koelpin,Nola,Reject
Kade_Marquardt,Nona_Balistreri,Reject
Jaycee.Botsford,Delmer,Reject
Ulises,Shannon,Request
Willow.Bruen,Samara.Wilderman,Request
Ryleigh.Senger,Precious,Request
Eriberto.Fisher,Brent_O'Keefe,Reject
Nasir.Rippin,Geovany_Leuschke,Reject
Skylar.Balistreri,Conor,Reject
Edd,Keyshawn_Marvin,Reject
Ike_Klocko,Jessika,Reject
Brando_Kuhic,Destin,Accept
Lon_Mosciski,Archibald,Reject
Hershel.Hoppe,Shanie.Langosh,Request
Amber.Lueilwitz,Jaqueline,Request
Karelle.Champlin,Edgar,Reject
Enola.Grimes,Reba_HarÂªann,Accept
Dejon.Hoppe,Celine,Request
Kenneth,Kelsi_Rippin,Request
Roma.Turcotte,Ettie,Accept
Sheridan_Walker,Elissa,Accept
Reba,Irma,Request
Ali,Corbin_McClure,Accept
Danial_Fahey,Lucio.Grimes,Reject
Wilfrid.Nader,Maymie,Accept
Joany.Stark,Destinee_Hodkiewicz,Reject
Gloria_Cartwright,Osbaldo_Gerlach,Accept
Aliya_Strosin,Anais.Bauch,Accept
Jadon,Taryn,Accept
Nels_Jacobson,Laurence.Rath,Request
Sheldon,Verner,Request
Alexis.Satterfield,Lottie_Klocko,Request
Malinda_Koss,Nyah,Reject
Forrest_Ebert,Destany,Accept
Daphnee.Hegmann,Araceli.Buckridge,Accept
Madge.Hansen,Susie.Hegmann,Request
Joana,Lorenza,Request
Amelia_Auer,Freeman.Kuhic,Accept
Solon.Simonis,Dangelo,Request
Oswaldo.Okuneva,Matt,Accept
Isabell.Mante,Magnolia,Accept
Alivia,Emiliano.Schulist,Accept
Naomi,Enid,Reject
Alexys.Ferry,Hilbert.Kirlin,Request
Miles.Durgan,Ezequiel,Request
Gladys.Rolfson,Jovanny,Accept
Roberta_Eichmann,Carmel,Reject
Bradley.Bogisich,Norris.Willms,Request
Boris_Dooley,Marisol_Mueller,Accept
Hulda_Schultz,Desiree.Abernathy,Accept
Josianne.Weimann,Zakary.Schuster,Request
Karlee_Lehner,Krystina_Zboncak,Request
Morgan.Grimes,Guido.Boyer,Request
Sandy.Mueller,Ofelia,Reject
Marguerite_Leffler,Donnie,Reject
Albert.Willms,Sedrick.Herman,Request
Meggie.Douglas,Judy,Request
Araceli.Swift,Mason.Kub,Request
Lance,Edmond,Reject
Luciano_Frami,Palma_Von,Reject
Santino_Zulauf,Gussie,Accept
Toy.Wisoky,Florida,Accept
Jarred_Johnson,Precious,Reject
Ned,Eryn.Stanton,Accept
Maynard_Tillman,Madie_Towne,Reject
Maxime_Zemlak,Trinity.Feest,Accept
Augustus_Mitchell,Amalia.Cartwright,Request
Tristin.Bayer,Etha.Schumm,Accept
Abbie.Murray,Suzanne,Request
Kathryn_Cummings,Corbin,Request
Brandy.Bradtke,Jammie,Reject
Cydney.Waelchi,Adeline.Strosin,Reject
Zoe_Wilkinson,Keara,Accept
Alfred_Gibson,Emerald,Request
Julien_Bechtelar,Paris.Hammes,Reject
Eric.Barton,Edna.Considine,Reject
Daisha.Shanahan,Fiona,Accept
Quincy,Emma_Hilpert,Reject
Wilfrid_Sauer,Garrison,Reject
Hortense_Ledner,Jackeline,Accept
Keeley_Christiansen,Ericka,Accept
Dean_Zboncak,Ora.Mosciski,Reject
Dejuan.Ziemann,Rylan,Accept
Ericka.Cummerata,Wallace.Ziemann,Request
Assunta.Parker,Hillard.Schroeder,Reject
Noel,Preston,Reject
Adriel_Mueller,Dana_Moore,Reject
Irving.Towne,Buford_Torp,Reject
Cassie.Hills,Estell,Accept
Devan,Hellen,Reject
Hadley,Isai.Fisher,Accept
Claudia.Weber,Eleazar,Request
Wilson.Christiansen,Joey,Reject
Malinda.McLaughlin,Dayton,Request
Yasmeen.Okuneva,Paul,Request
Stevie.Wisozk,Neha,Accept
Earlene.Kulas,Rhiannon,Request
Ayana_Bode,Alexa,Request
Jacklyn.Larkin,Amos.O'Kon,Reject
Geraldine_Terry,Dedrick.Beatty,Reject
Boyd_Weissnat,Christa,Request
Owen_Bednar,Paxton,Accept
Anita.Pollich,Henderson_Feest,Request
Alia_Satterfield,Carole_Fritsch,Accept
Cleo.Mayert,Kristofer.Reichert,Request
Elisabeth,Deron,Accept
Jazmin.Treutel,Ulises.Feeney,Reject
Johnson_Doyle,Christa.Miller,Reject
Colt.Hirthe,Dayne,Reject
Bethel_Farrell,Carissa.Bruen,Reject
Zack,Esmeralda.Schultz,Request
Neha.Bernhard,Elijah_Shanahan,Reject
Jerod_Veum,Kaylee,Accept
Gabe_Trantow,Genesis_Heller,Reject
Jovan_Bergstrom,Christy,Reject
Abner.Dickinson,Adrian,Request
Orville_Hoeger,Ludie.Hoppe,Reject
Narciso.Bartell,Sally.Schuppe,Request
Wendy_Hermiston,Myrtle,Request
Hettie.Thiel,Garland_Hilll,Request
Dixie_Kunze,Lucious_Hamill,Accept
Marietta.Simonis,Christa_Shields,Reject
Colten.Murazik,Garrison,Reject
Chelsey,Marjolaine,Reject
Carrie,Raegan,Accept
Osborne.Gusikowski,Keyon,Reject
Vena,Roel,Request
Otilia_Windler,Terrance,Accept
Layla.Prosacco,Cali,Accept
Isabella.Sporer,Barton_Hamill,Reject
Garett.Kutch,Jason.Bogan,Reject
Eldora.Auer,Joanne,Request
Elisha.Leuschke,Florian,Accept
Daphnee.Wisoky,Linnie,Accept
Lauriane,Gerardo_Larkin,Reject
Arno.Windler,Ryann_Rogahn,Accept
Nolan_Torphy,Bryce.Rath,Reject
Alford,Grant,Request
Eliseo.Glover,Fannie,Reject
Clair_Kling,Elliot_Kirlin,Accept
Berneice.Graham,Cecilia.Nolan,Reject
Felicity.Russel,Kaylie.Dickens,Accept
Guido,Madison_Schimmel,Accept
Arch_Tremblay,Verner_Wiegand,Accept
Columbus,Kaylah,Accept
Dessie,Carmine_Greenfelder,Reject
Dewitt.Cummerata,Julian,Accept
Patsy_Harvey,Glen,Accept
Josefina_Bayer,Everette,Request
Lila,Skye.Wunsch,Accept
Lilian.Cremin,Althea.Bednar,Request
Alfonso,Crystal,Reject
Marcel_Boyle,Hans,Reject
Camila_Schultz,Delores,Reject
Katlynn.Jewess,Marty,Reject
Emily_Mohr,Hailey_Weissnat,Request
Terry_Labadie,Emilie_Breitenberg,Reject
Larry_Herzog,Colt.Hirthe,Request
Jake,Alfonzo.Feest,Reject
Theo.Deckow,William,Request
Dameon_Roberts,Osbaldo,Accept
Isai_Durgan,Camille.Cole,Accept
Harmon_Moen,Andres_Bashirian,Reject
Fernando_Bernier,Cornelius_Kautzer,Reject
Tina.Bins,Raheem.Cruickshank,Reject
Alverta_Carter,Percival.Kunde,Reject
Rachel,Daphne_Leuschke,Request
Douglas,Ethyl.Osinski,Accept
Ned.Zboncak,Alexandria,Accept
Orie,Oswaldo,Reject
Rowan_Emard,Rose,Request
Una_Jones,Chaim.Considine,Accept
Luigi_Lehner,Geovany_Strosin,Reject
Aliya.Becker,Calista.Aufderhar,Accept
Michale_Emard,Alice,Request
Collin_Runolfsdottir,Ellis,Accept
Florencio_Mraz,Janis,Accept
Molly_Kessler,Dangelo,Reject
Bernie,Chance,Accept
Charlene_King,Jessie,Reject
Noemie.Steuber,Emmanuel_Kuvalis,Reject
Aliza_Mitchell,Ezekiel,Accept
Ashlee_Daugherty,Imogene.Effertz,Accept
Hoyt_DuBuque,Sigmund,Request
Colten_Nitzsche,Wilhelmine,Reject
Jakob.Koch,Emerald_Streich,Request
Bart.Corkery,Albert_Towne,Request
Audrey_Klein,Axel_Flatley,Accept
Rhett,Omer_Luettgen,Accept
Aiyana_Torp,Alf_Aufderhar,Request
Golda.Crona,Eve.Sipes,Reject
Erwin_Lowe,Jordyn.Altenwerth,Request
Ryley.Hahn,Jeremie_Corwin,Accept
Leila.Leuschke,Raegan,Request
Garnet.Koss,Gillian_Heller,Accept
Waldo.O'Hara,Kathryne.Wolff,Request
Flo.Schumm,Bernard,Accept
Dawson.Schneider,Valentina,Request
Marguerite.Murphy,Jarod_Bergnaum,Request
Nola_Thiel,Donny_Ruecker,Request
Hosea_Gibson,Zane.Torp,Accept
Jonatan_Kunze,Dorothy,Accept
Adolf.Lynch,Iva,Request
Mariah.Collins,Leatha,Reject
Gaetano.Hudson,Ozella_Terry,Accept
Anthony,Beau_McClure,Reject
Carmine.Flatley,Kaylee,Accept
Enoch_Lind,Monty.White,Accept
Pauline_Gibson,Chloe_Streich,Request
Hyman_Kirlin,Wilhelmine_Reinger,Request
Kimberly.Vandervort,Augustine.Mann,Accept
Tiara_Gulgowski,Gisselle,Reject
Roscoe_Reilly,Jany_Daugherty,Request
Deja,Coty,Accept
Gay,Lindsey,Reject
Maximilian.DuBuque,Camryn,Accept
Margot_Swift,Abner_Weimann,Accept
Desmond.Okuneva,Carolyne,Request
Izaiah_Jacobi,Golda,Accept
Jameson_Barton,Zaria.Greenfelder,Reject
Vladimir,Austyn,Reject
Isabel_Langworth,Clair,Request
Stephanie,Loren_Nader,Accept
Adrain,Garrett.Mayert,Reject
Reese.Homenick,August_Becker,Request
Eloy,Ivory.Stark,Request
Mekhi.Reilly,Sage,Reject
Brenna.Witting,Jared,Reject
Estrella,Tomasa.Grady,Request
Ocie.Pacocha,Agnes_Luettgen,Request
Benny.Will,Dallas_Lueilwitz,Accept
Timmothy_McClure,Vivianne,Reject
Mireya.Moore,Destiny.Cartwright,Accept
Elda_Corkery,Coby.Lueilwitz,Request
Joanne_Reilly,Keon,Reject
Pierre,Ahmad_Marvin,Accept
Guido.Donnelly,Lizeth_Maggio,Request
Carter,Giovanny,Accept
Lisa.Hudson,Jody,Request
Mariah.Stanton,Toy,Reject
Markus_Waters,Dante_Gutkowski,Reject
Velda.Wilderman,Michael.Walsh,Reject
Fred,Lauryn,Accept
Zachariah_Homenick,Tiana_Wintheiser,Request
Americo_Rempel,Marco_Dietrich,Accept
Theron.Mitchell,Karianne_Shields,Accept
Jewel_Kautzer,Brittany,Request
Miles,Harmony,Reject
Brody_Hermann,Davon,Reject
Brayan.Roberts,Aurelie,Reject
Shakira_Bogan,Amir_Funk,Reject
Aaron_Purdy,Raymundo.McClure,Request
Susanna,Nona,Request
Brando_Dickinson,Felix,Accept
Preston,Isaac,Reject
Jeffery_Wehner,Lucy_Heathcote,Reject
Delbert.Hahn,Abelardo.Dibbert,Reject
Amanda,Alyson,Reject
Parker.Konopelski,Jannie_Wiegand,Accept
Elise,Margaret,Request
Jace_Turner,Cordia.Bahringer,Accept
Alfred.Flatley,Arvel.Bosco,Accept
Ardith_Ledner,Elna.Upton,Accept
Kade.Kub,Tyreek.Zulauf,Accept
Kasey,Cynthia,Accept
Diamond.Krajcik,Elnora_Boyer,Accept
Alessandra_Mosciski,Brooke,Accept
Raphael_Kovacek,Ardith,Accept
Kip,Gussie,Accept
Rocky,Norwood_Dicki,Request
Rahul.Haag,Hadley,Reject
Alysa_Hansen,Marcus_Hane,Reject
Candelario,Carolyne,Accept
D'angelo.Goldner,Geovanny.Nader,Accept
Merle.Sanford,Lesly.Dooley,Request
Reva_Jenkins,Arne_Kessler,Reject
Berenice.Daniel,Billie,Request
Dora_Runolfsdottir,Albin,Request
Dorthy,Claudie_Kub,Reject
Marianna.Simonis,Bernadine,Accept
Demond.Cole,Armando_Rolfson,Accept
Flavio,Simone,Accept
Lolita_Goodwin,Carole,Accept
Alba,Danielle_Paucek,Request
Rosemarie_Schaefer,Antonette,Request
Brandon.Sipes,Daniella_Osinski,Accept
Dahlia_Larkin,Ike_Jacobi,Reject
Arch,Arvid,Accept
Constance.Cormier,Cordell,Accept
Jewell.Keeling,Jewel_Kautzer,Accept
Vivien_Greenholt,Chad,Reject
Emerald,Terence.Bartell,Reject
Ezekiel,Verdie.Schmeler,Accept
Moriah_Schaden,Karlie,Accept
Guy.Renner,Shemar.Purdy,Request
Felton.Koch,Kayli,Request
Jacquelyn_Donnelly,Arden.Cassin,Accept
Mckenzie.Runte,Justyn,Accept
Jeramie.Conroy,Francis_Romaguera,Request
Mallie.Herzog,Hilton_Ritchie,Accept
Peter_Blick,Myah.Rau,Accept
Ernesto.Kunze,Angelo,Accept
Edna_Braun,Benton,Reject
Jake.Krajcik,August,Reject
Grayson_Tremblay,Moises.Botsford,Reject
Damon_Schmitt,Georgianna,Reject
Salma.Gulgowski,Meggie,Accept
Foster.Crooks,Tom,Reject
Onie.Glover,Lorena.Turner,Accept
Maynard.Gerhold,Dane,Reject
Renee.Gottlieb,Percival,Request
Lindsey,Adella,Request
Joshua,Lynn,Request
Consuelo.Marvin,Danny,Request
Marco_Steuber,Sigmund,Accept
Shea_Walsh,Christa,Request
Hilton_Bednar,Mackenzie,Accept
Veronica.Boehm,Vern,Reject
Lorena.Cruickshank,Einar.Gibson,Request
Nikko,Marisa,Reject
Rhiannon_Ryan,Reed,Request
Mylene.Wilkinson,Walker,Accept
Gerry.Prohaska,Alyce_Rosenbaum,Reject
D'angelo,Yazmin,Accept
Rickey_Fahey,Lolita_Corkery,Request
Rolando,Lou.Frami,Request
Paige.Spencer,Jeffry,Reject
Monserrate.Gislason,Ernest,Accept
Napoleon_Rohan,Gavin_Wuckert,Reject
Zackery_Hane,Saul_Kovacek,Request
Brandi_Stanton,Morris_Harris,Request
Vivienne.Kertzmann,Virgie.Ankunding,Accept
Mya_Hintz,Randal,Request
Dale_Fay,Chelsea,Request
Tressie_Hegmann,Gianni.Franecki,Reject
Breanne,Giles_Monahan,Reject
Darwin,Wade_Gottlieb,Reject
Brett_Mills,Judge.Kub,Request
Jake.Williamson,Margaret,Request
Erika_Ferry,Edwina.Reichel,Accept
Kimberly,Demond_Veum,Request
Lowell,Trinity,Request
Minerva_Keebler,Carlotta.Quigley,Accept
Corene.Lind,Jillian.Roberts,Accept
Sherwood.Gibson,Tyra_Macejkovic,Accept
Asia_Harªann,Kristian,Accept
Thurman_Jenkins,Victoria,Reject
Tobin_Labadie,Unique_Zieme,Accept
Ernestine.Carroll,Shaniya,Accept
Anne_Hegmann,Baylee.Waelchi,Request
Corine.Glover,Xavier_Lynch,Request
Jan_Torphy,Emmanuel_Balistreri,Reject
Patricia.Powlowski,Florian_Cole,Accept
May.Douglas,Noemy_McGlynn,Reject
Monique.Schamberger,Rose.Thiel,Accept
Berta.Schmitt,Jennings_Lynch,Request
Rebecca_Kihn,Donato,Request
Price_Botsford,Arnoldo,Reject
Frankie.Klein,Maverick.Beatty,Request
Sandrine_Mertz,Antonette_Hilpert,Reject
Eve_Ebert,Lincoln,Accept
Ida.Schuppe,Garrison,Reject
Clay.Paucek,Justen_Hessel,Reject
Jaren,Mariano_O'Hara,Reject
Lucie_Greenfelder,Rory.Skiles,Reject
Laury.Donnelly,Destini_Hirthe,Request
Xzavier.Balistreri,Rick,Reject
Shannon.Krajcik,Amy,Request
Kendra_Nikolaus,Schuyler_Hand,Accept
Chloe,Ruthe_Cole,Accept
Freeman_Runolfsdottir,Darius,Reject
Macy.Koch,Rylan_Stamm,Reject
Frida.Marquardt,Esmeralda,Request
Virgil,Guillermo,Request
Cecile_Braun,Violette,Reject
Emerson_Renner,Louie,Request
Dennis.Johns,Deondre_Kemmer,Reject
Alice_Ullrich,Serena,Accept
Waino.Ferry,Giovani_Flatley,Accept
Tamara.Toy,Moises.Botsford,Accept
Sim_Medhurst,Dovie_Mueller,Accept
Donato.Cassin,Joey,Request
Danny.Greenfelder,Delaney.Ondricka,Request
Xander.Bins,Jayson,Request
Antonina.Nikolaus,Layne,Request
Brad,Floy.Beier,Reject
Marcelle.Hane,Liana.Gerlach,Accept
Marjorie,Annette.Fisher,Request
Adrian.Dibbert,Jarod,Request
Orland,Amos,Accept
Anita.Weissnat,Destini.Kassulke,Accept
Ashleigh_Ratke,Taryn,Accept
Al_Cruickshank,Johnpaul_Turcotte,Reject
Otha_Brown,Maude,Request
Arlo,Marty_Stroman,Request
Rosemary_Schamberger,Yasmeen_Grant,Request
Arely_Vandervort,Icie,Reject
Gillian_Buckridge,Tess,Request
Gretchen,Ed,Request
Marvin_Zulauf,Einar.Jast,Reject
Virginia,Jazmin,Request
Alexandria_Sporer,Jonathan.Douglas,Reject
Roosevelt_Gislason,Reynold.Gerhold,Reject
Melany,Maggie_Skiles,Accept
Kory.Mertz,Vallie.Barrows,Request
Anastasia_Corwin,Micheal.Keeling,Reject
Janelle_Hagenes,Christina_Lemke,Reject
Reva,Gerald,Request
Marcelina,Wyatt_Shanahan,Request
Martina_Torp,Ryley.Gaylord,Reject
Bonita_Emard,Aliyah.Jacobson,Reject
Friedrich,Mekhi_O'Reilly,Request
Morton.Hoppe,Nathen,Accept
Esmeralda_Feeney,Rhiannon,Reject
April.Jewess,Nettie,Request
Christelle.Abshire,Alta_Ortiz,Accept
Summer_Orn,Amalia.Rutherford,Request
Heath.Schuster,Deron_Gibson,Reject
Elmira.Kuhlman,Jalon,Request
Alene_Heller,Tyler,Accept
Ramon_Lemke,Shanie,Reject
Norwood_Emmerich,Kayden.Bernier,Request
Carley.Aufderhar,Danielle,Accept
Cali_Howe,Edmond,Request
Elliot.McCullough,Eugene,Request
Emmet_Rath,Otto,Reject
Evelyn_Hirthe,Onie,Request
Lorena.Schamberger,Marshall,Accept
Connor.Gusikowski,Mossie_Effertz,Accept
Idella_Koch,Karley.Reinger,Request
Lexie.Schmitt,Isabelle.Johns,Accept
Uriah,Frederik,Accept
Cole_Daniel,Abigale,Accept
Kari.Gulgowski,Wyman,Reject
Michel.Eichmann,Faustino,Accept
Karianne,Sterling,Accept
Rosemarie,Lizeth,Request
Mandy_Upton,Gust_Heaney,Reject
Royal_Conn,Jarret.Russel,Reject
Antwan.Johnson,Candido_Flatley,Reject
Cleo.Bahringer,Garrett.Hauck,Reject
Emery_Pacocha,Santos,Reject
Angelina_Metz,Keven_Boyle,Reject
Ollie_Gaylord,Theo.Sporer,Reject
Danny_Nader,Marcelo.Ankunding,Request
Sarai_Ziemann,Bud.Hackett,Request
Casimir.Kshlerin,Liliane,Request
Myriam.Weimann,Kyleigh.Beier,Accept
Christina,Misael,Request
Bailey_White,Athena.Kohler,Request
Ole.Hermann,Trent_Cole,Reject
Letha_Koss,Camylle_Christiansen,Accept
Ladarius_Konopelski,Linnea.Swift,Accept
Deron.Larson,Bernice,Reject
Delilah,Woodrow,Accept
Jewell_Bahringer,Melvina.Veum,Accept
Dustin.Labadie,Kirsten,Accept
Pablo_Bechtelar,Virgie_Mann,Accept
Abdullah.Lowe,Josephine,Accept
Evert_Rohan,Cristina,Reject
Whitney.Satterfield,Luther_Rosenbaum,Reject
Lolita_Wolf,Eino,Reject
Lazaro_Stokes,Milford,Reject
Beulah.Corwin,Garrison.Koelpin,Accept
Doug.Hansen,Leonor.Auer,Accept
Elisabeth.Gleichner,Simone_Predovic,Reject
Jany_Kling,Alphonso,Request
Ezekiel_Heaney,Toy_Klein,Reject
Domenica.Maggio,Ephraim,Accept
Marcelo.Emmerich,Mikel,Accept
Layla_Christiansen,Abdullah.Swaniawski,Accept
Peter_Dickens,Marcus,Request
Damaris_Marvin,King.Corkery,Accept
Geo.Donnelly,Dewayne_Jaskolski,Request
Tanner_Romaguera,Dasia,Reject
Fiona.Braun,Creola.Bayer,Accept
Antoinette,Madelynn,Accept
Chase_Jast,Alejandra,Request
Crawford_Rodriguez,Jillian.Roberts,Reject
Nedra_Quigley,Javon.Mitchell,Reject
Berneice_Dach,Kristofer,Reject
Verona_Satterfield,Tianna.Renner,Reject
Ken_Turcotte,Antonina_Rohan,Request
Boyd,Flossie,Reject
Jess.Buckridge,Robb,Accept
Veda.Gorczany,Brody.Hudson,Accept
Myrtle_Barrows,Pedro,Reject
Coby.Daugherty,Saige,Request
Meta_Pouros,Jorge,Reject
Herminio.Fahey,Teresa,Accept
Zoila.Blick,Hilma,Reject
Juliana.Wisoky,Nedra.Schmidt,Reject
Adam_Dach,Rudolph,Reject
Collin_Hermiston,Alia.Weimann,Accept
Jeramie_Rowe,Rudolph_Stroman,Request
Shaun_Bosco,Gerhard,Reject
Michaela_Cummings,Savanna,Request
Demetrius.Moore,Lacey,Reject
Lempi_Abshire,Laurine.Trantow,Request
Felton_Torp,Aletha.Welch,Reject
Hudson.Reinger,Lavina.Smith,Reject
Adell.Hintz,Margret.Watsica,Request
Quinton_Bernhard,Zachary_Kemmer,Reject
Andreanne,Colton,Request
Kailey_Fritsch,Delta.Toy,Request
Paige.Cartwright,Marlon.Spencer,Request
Margarett_Wunsch,Betty,Reject
Savannah_Ruecker,Mario,Request
Reinhold.Wolf,Allison.Boyer,Request
Tyson,Cody,Reject
Nick.Kovacek,Amelie_Cummerata,Request
Stephon.Gorczany,Elian_Parisian,Request
Tessie_Zieme,Griffin,Request
Thora_Reichert,Khalil.Cormier,Request
Jovany,Magnus.Powlowski,Accept
Jarod.Thiel,Wade.Gusikowski,Accept
Reinhold_King,Al,Request
Lesly.Dooley,Kayley.Cruickshank,Reject
Janice,Corbin,Reject
Madisyn_Aufderhar,Ryley_Reichel,Request
Raleigh_Walsh,Talon,Accept
Arielle.Weissnat,Troy,Reject
Zoey_Heller,Candelario,Request
Elody,Juwan,Accept
Marco_Funk,Athena,Reject
Marlee.Kuhlman,Willis.Adams,Request
Kaden.Gerhold,Leann,Request
Eldred_Leffler,Hannah_Lesch,Accept
Sherman.Wintheiser,Kurt_Abshire,Reject
Harry,Marjolaine.Littel,Request
Karlee.Aufderhar,Dorthy,Reject
Alexa,Emanuel_Kovacek,Accept
Cedrick_Roob,Stewart,Request
Willy_Huels,Amelie_Carroll,Reject
Dudley_Moen,Scotty.Ledner,Request
Margaret.Mueller,Ward,Request
Marianne,Layla.Schoen,Request
Virgie,Jennifer,Accept
Russ.Pouros,Carmine.Weimann,Accept
Theresia,Salvatore_Grimes,Reject
Nicolas_Stroman,Omer,Request
Ivy,Sharon,Reject
Laurine_Marvin,Misael,Request
Meghan.O'Reilly,Leta,Request
Tristin_Armstrong,Lera,Request
Daisha.Ernser,Mattie_Lesch,Accept
Brisa_Kerluke,Morgan_Altenwerth,Accept
Dock.Conn,Nayeli_Lubowitz,Request
Odell_Cole,Javonte_Brown,Request
Dortha.Connelly,Kathlyn_Stehr,Request
Ricardo_Schuster,David_Heidenreich,Request
Verona_Goyette,Dax,Reject
Stacey_Hickle,Dorthy.Nitzsche,Request
Robert_Turcotte,Fay_Bogan,Request
Brandi,Brooke,Reject
Odie.Anderson,Aileen_Wilderman,Accept
Roberta_Purdy,Furman_West,Request
Lionel.Hermann,Fausto_Ankunding,Reject
Micaela_Goldner,Fausto_Boyle,Reject
Reta.Bernier,Osvaldo,Accept
Amparo.Bogan,Camden,Reject
Laury.Hyatt,Bryana.Rice,Accept
Gladys_Predovic,Niko,Request
Estevan_Reichel,Timmothy_Gleichner,Accept
Ryder_Kutch,Solon.Simonis,Accept
Rigoberto_Tromp,Roberta_Block,Request
Kamille.Deckow,Kraig.Shanahan,Request
Reva.Rutherford,Myron.Deckow,Reject
Janet.Lockman,Cordelia,Reject
Lonzo,Cathy,Accept
Adolphus.King,Mitchell,Request
Lauriane_Aufderhar,Colten,Accept
Sherman.Simonis,Korey.Heller,Request
Kasandra_Hoppe,Candace,Request
Eulalia_Corkery,Mitchel.Harvey,Accept
Desiree.Smith,Trudie_Kozey,Reject
Jerry.Shields,Claudia_Mills,Reject
Keegan_Will,Ariel,Reject
Winfield_Marks,Leonardo.Ernser,Reject
Ignatius_Okuneva,Brannon_Strosin,Accept
Josefa_O'Conner,Rashad,Accept
Raphaelle.Emard,Patricia,Reject
Nicolette.O'Conner,Gudrun,Accept
Valentina.Fisher,Ryder,Request
Heaven_Adams,Twila,Reject
Euna_Schuppe,Alejandrin.D'Amore,Reject
Mose_Jenkins,Pansy,Reject
Maeve,Alia_Satterfield,Accept
Kristian_Hane,Roslyn_Stroman,Reject
Cleveland_Williamson,Derick,Request
Ciara,Helmer_Wisoky,Reject
Zachery_Prosacco,Mertie,Request
Emmett,Merle,Request
Liza_Dickens,Vernon,Reject
Akeem_Hills,Bart_Cormier,Reject
Bette.VonRueden,Marquise_Quigley,Accept
Scottie,Kallie.Klein,Request
Laurel_Raynor,Katrine,Reject
Baby_Oberbrunner,Ola_Farrell,Accept
Sebastian.Gislason,Maximillia,Reject
Elenor.Friesen,Baron_Carter,Request
Rudy,Devon,Reject
Elmore.Crona,Antwan,Reject
Keira_Botsford,Max,Accept
Constantin.Armstrong,Abigayle.Krajcik,Request
Dillon.Price,Tatyana.VonRueden,Reject
Ibrahim_Welch,Maggie,Accept
Jamie.Kulas,Conrad,Request
Jordan_Larson,Llewellyn_Kassulke,Request
Dianna_Rippin,Nicolas.Koepp,Reject
Brent_Hansen,Elliott_Nolan,Request
Eusebio.Greenfelder,Kaylin,Accept
Hallie.Kassulke,Thomas,Request
Jarrell,Rigoberto_Cronin,Accept
Rahsaan.O'Keefe,Damion.Harris,Accept
Flo.Franecki,Ivah,Reject
Neoma.Donnelly,Adah.Bauch,Request
Reilly_Altenwerth,Gus.Harber,Reject
Dameon,Charity,Request
Katlynn.Upton,Gabe.Carter,Request
Halie_McGlynn,Autumn_Lynch,Accept
Janie.Bruen,Dee.Lehner,Accept
Reginald_Borer,Lucious,Accept
Cassandra.Osinski,Emilie_Ledner,Reject
Conrad.Schmidt,Leann,Reject
Travon.Goldner,Ruby,Request
Perry.Welch,Chaim,Accept
Leanna,Talon,Reject
Meagan.Beatty,Amani.Stracke,Request
Dion.Hettinger,Johnson,Accept
Maximo,Anika.O'Connell,Request
Myles_Volkman,Chelsey,Reject
Carmine_Greenfelder,Erick,Accept
Dina_Johns,Ibrahim,Request
Efrain.Beer,Carolina.Thompson,Request
Unique.Hettinger,Norris,Request
Isabell_Franecki,Maude,Request
Thelma_Schuster,Jennie,Accept
Jimmy_Mraz,Vita,Reject
Carmen.Tillman,Jillian,Reject
Hayley.Buckridge,Noah_Leannon,Reject
Marcia.Bechtelar,Cooper,Request
Mohammad_Schaden,Anita,Request
Taryn_Zboncak,Madison_Stark,Reject
Warren.Aufderhar,Ursula,Accept
Chanel,Macey.Mayer,Reject
Louisa_Miller,Chance,Accept
Paul_Conn,Coy.Lesch,Accept
Kamren_Walter,Nigel,Reject
Cletus_Steuber,Oran_Romaguera,Reject
Kaya_Ledner,Leola,Accept
Vergie.Skiles,Barry,Reject
Melvin_Jerde,Abbey,Request
Jayde.Greenfelder,Jaqueline,Request
Alene.Morar,Eldora_Parisian,Request
Garrick_Hickle,Felicita,Request
Ellen.Thompson,Nedra_Batz,Accept
Rita.Schoen,Diana_Homenick,Reject
Sunny_Berge,Cordia,Reject
Karson.Steuber,Jaunita,Request
Nicolas.Koepp,Kelly,Reject
Jadyn.McClure,Dayne_Kreiger,Reject
Uriah.Jast,Madilyn_O'Reilly,Accept
Angelica_Sawayn,Kobe.Gibson,Reject
Mark_Bode,Kitty,Request
Mauricio_Abbott,Kelsi,Request
Alf.Stark,Chyna.Reichert,Accept
Asa,Lourdes.Terry,Reject
Cristobal_Simonis,Sandrine,Request
Xander_Legros,Tessie.Gleason,Accept
Alvina.Legros,Karine_Swift,Reject
Jacinto_Shields,Hillary,Request
Leola.Pagac,Carson,Request
Baby_Leannon,Ida,Request
Herminio_Lebsack,Ryleigh,Request
Elta,Cara.Ankunding,Accept
Aniya_Bailey,Isabelle,Reject
Weldon_Williamson,Lilla_Hayes,Request
Ryleigh,Ethyl,Accept
Eugenia_Brown,Augustine_Dibbert,Reject
Joelle_Littel,Corbin,Accept
Jakob.Grimes,Eulalia,Accept
Lyda.Lueilwitz,Emmalee.Runolfsdottir,Request
Willy.Braun,Jerrod,Reject
Ted.Bogan,Evalyn,Reject
Dylan.Kuvalis,Rylan.Rippin,Reject
Kaden.Funk,Margret_Marks,Accept
Isabell,Pablo.Bogan,Request
Eladio_Willms,Jettie.Nikolaus,Request
Lincoln.Nienow,Vivianne,Reject
Lila_Aufderhar,Edyth_Abbott,Reject
Wava_Robel,Everardo,Accept
Angelita.Collins,Chance,Accept
Josephine_Walsh,Thelma,Reject
Tania.Pollich,Guiseppe_Hauck,Accept
Esta_Huel,Libbie_Wisozk,Accept
Berniece_Koch,Brionna,Request
Ottis,Elmer,Accept
Laverne.Bogan,Cindy,Reject
Maci,Jaeden,Accept
Alek,Kaleb.Heller,Request
Dario.Roob,Heath_Block,Request
Hayden_Crona,Demetrius,Request
Wanda,Gisselle,Reject
Emie,Alverta,Reject
Viola.Casper,Beau.Runolfsson,Reject
Lonny,Jodie,Reject
Mozelle,Stanley_Considine,Reject
Zachariah_Hahn,Fay,Reject
Xander.Watsica,Alvis,Reject
Mikel_Schuster,Laverna,Accept
Nola_Frami,Marisol.Purdy,Reject
Benny.Hauck,Blair_Blanda,Reject
Kiara.Cummerata,Desiree,Request
Claudia.Carter,Fleta,Reject
Vivian_Kerluke,Bradly.Stroman,Request
Berniece_Prosacco,Walter,Accept
Bridie_Lindgren,Carmella,Accept
Alexandra_Gerlach,Rigoberto,Reject
Maude.Runolfsson,Julianne.Heathcote,Accept
Rickey.Watsica,Marilie,Request
Maude.Stokes,Kamille_Oberbrunner,Accept
Ernie_Abshire,Isabella_Tremblay,Reject
Noble.Zemlak,Stephan_Schowalter,Request
Monroe_Borer,Eliza_Brown,Reject
Leta,Corene,Request
Crystel.Morissette,Brenna.Feil,Reject
Tianna_Goodwin,Faye,Reject
Dedric.Auer,Clinton_Kulas,Reject
Jason,Alvina,Request
Betty_Kling,Jeffery,Reject
Branson_Wilderman,Zechariah,Request
Shyanne,Tyra_Macejkovic,Accept
Roel_Kuhic,Murphy_Swaniawski,Request
Elmo_Wehner,Vernice_Sawayn,Request
Chadrick_Hansen,Clint_Mayer,Request
Ardith.Considine,Sigurd,Accept
Dane_Harªann,Leo_Lakin,Reject
Laurie_Terry,Jude,Accept
Ian_Kihn,Trisha.Doyle,Request
Danny.Sipes,Steve,Accept
Crystel_Bahringer,Chadrick_Skiles,Request
Julianne_Bechtelar,Margarita,Request
Khalid.Graham,Moses,Accept
Ryley_Reichel,Ulices_Russel,Accept
Samson.Huel,Isabelle.Johns,Accept
Braulio_Brown,Stanley,Reject
Faye_Stamm,Nola,Reject
Genevieve_Johnson,Clifton.Kirlin,Accept
Nicolette_Stokes,Cecile_Smitham,Reject
Noemy.Schamberger,Onie,Reject
Jamey_Ledner,Lucio,Reject
Heath_Rowe,Virgil,Accept
Ottilie_Bruen,Aiyana,Request
Myrtis_Ullrich,Selena_Wintheiser,Reject
Ned_Schroeder,Leon.Ward,Accept
Ibrahim.King,Mariela_Crona,Accept
Macey,Cathrine_Lebsack,Request
Emiliano.Schulist,Colten,Accept
Christa,Harold,Accept
Santos_Heathcote,Susie.Krajcik,Reject
Stacy_Yost,Kyleigh,Accept
Jordon_McDermott,Janiya,Reject
Orval,Daisha,Reject
Ward.Wiza,Idella,Reject
Jaquan.Moore,Gudrun,Request
Elton.Watsica,Kevin,Accept
Dee_Rodriguez,Santa,Request
Cleveland_Stanton,Cesar,Request
Alvena_Stark,Lorenz,Reject
Isabella.Kozey,Ashlee,Reject
Dave_Davis,Odessa_Ortiz,Reject
Gerda,Rick,Reject
Tobin_Blanda,Wanda,Reject
Lilian.Hessel,Amya,Reject
Lola,Bud.Kertzmann,Request
Roberta,Guillermo,Request
Willa.Sanford,Cecile_Legros,Request
Laverna.Watsica,Mabel,Accept
Noah.Kuhic,Autumn.Rolfson,Reject
Ronaldo_Macejkovic,Austen_Harvey,Request
Mattie.Harvey,Harrison,Accept
Bobby_Hilll,Brendon,Reject
Loma,Claudie,Reject
Dell.Okuneva,Kacey_Parker,Request
Tina_Thiel,Gina.Quigley,Request
Electa,Emmy.Ebert,Request
Lane_Rutherford,Barrett,Reject
Gia_Bogisich,Serenity.Buckridge,Reject
Carey.Walter,Brigitte_Strosin,Request
Felicita_Swift,Dino,Reject
Fabiola.Wilkinson,Beryl_Trantow,Accept
Daisha.Conn,Rolando,Reject
Pascale.Greenfelder,Adah,Accept
Javonte_Feeney,Garrett_Zieme,Accept
Gage,Mazie,Request
Davin_Jerde,Theresia,Accept
Reynold,Kaci_Parisian,Request
Pietro,Erling,Reject
Lizzie,Leta.Shanahan,Request
Mazie.Emmerich,Johanna_Durgan,Request
Jailyn_Klein,Esta,Request
Lucius.Wolf,Mateo.Wisozk,Request
Monte_Hauck,Trace.Koss,Request
Cecilia.Lind,Alia,Accept
Rex_Ryan,Derick_Jewess,Request
Mellie_Wolf,Maxine,Accept
Nasir_Jones,Michael.Walsh,Reject
Walton,Percy,Accept
Orval.Will,Wilbert,Accept
Erica,Kelton.Keebler,Request
Hershel,Edgar,Reject
Jaron,Allie,Request
Pablo_Lubowitz,Ethelyn,Reject
Dimitri,Isom_Reynolds,Accept
Maximo.Jenkins,Destany,Reject
Jarret_Willms,Weldon_Williamson,Accept
Coleman.Swaniawski,Alyce_Russel,Accept
Dixie_Waters,Mike_Gleichner,Accept
Melody.Goyette,Meagan_Dicki,Request
Blaise,Aurore_Lubowitz,Reject
Alana,Furman.Considine,Reject
Mike_Gleichner,Cayla,Accept
Keshawn_McLaughlin,Angelita,Accept
Crystel,Zackary_Medhurst,Accept
Christa.Brekke,Rosalyn_Barrows,Request
Hershel_Brekke,Ryann,Request
Haylee_Zieme,Maud_Bogisich,Request
Jamie.Kunze,Aron_Grady,Accept
Desmond.Hane,Crystal,Reject
Demarco_Watsica,Elise_Bauch,Reject
Vincenza_Morissette,Ebba_Runte,Reject
Claudia,Jordyn.Dibbert,Accept
Cameron.Schiller,Pasquale.Emard,Reject
Leo.Swift,Jana,Reject
Adaline_Streich,Sammie.Little,Reject
Lenny,Katharina,Accept
Berenice.Kutch,Hollie,Reject
Dallas.Klein,Damion.Harris,Accept
Brook_Russel,Ozella,Accept
Mohammad,Dennis_Cummerata,Accept
Scot.Hane,Tyrel,Request
Triston_Blick,Lamar_Eichmann,Reject
Guy_Roberts,Evie,Accept
Alene.Kuvalis,Clifford,Request
Gisselle.Hettinger,Napoleon,Reject
Trudie_Kozey,Meggie,Accept
Susie.Ebert,Aletha_Baumbach,Accept
Amanda.Beatty,Albina.Morissette,Reject
Ramiro_Robel,Emile.Kulas,Accept
Milan,Darrin.Kuphal,Accept
Jaden.Beatty,Alanna,Request
Abelardo_Johnston,Andres,Request
Eric,Kirk_Kuphal,Reject
Jamie_Wintheiser,Adriana,Reject
Coy.Lesch,Valentin,Reject
Peter.Becker,Jamil,Accept
Lillian,Boris_Romaguera,Reject
Dejuan_Doyle,Jeanne.Spinka,Reject
Garry_Windler,Javon,Request
Lorna_Mills,Mario,Accept
Alfreda.Nikolaus,Morgan,Reject
Shanna.Bernhard,Deonte.Hills,Reject
Myrtice.Beahan,Karianne.Steuber,Request
Jermey.Spinka,Curtis,Request
Madilyn.Halvorson,Troy,Accept
Louie,Maribel,Accept
Verda_Dickens,Bo,Reject
Sydnie.Cole,Micah_Zboncak,Accept
Courtney_Gaylord,Hoyt_Larson,Request
Diego.Wintheiser,Jermaine,Request
Jena,Imelda_Jacobs,Accept
Beaulah.Trantow,Karlee_Lehner,Accept
Prudence_DuBuque,Gardner_Adams,Reject
Justina.Conn,Baron,Request
Precious,Myah,Accept
Gerda_Stanton,Clyde,Accept
Wilma_Dibbert,General,Accept
Kane_Cummings,Tobin.Waters,Accept
Ahmad_Marvin,Genevieve,Accept
Joel.Hessel,Alene_Bergstrom,Accept
Clark,Alvina,Reject
Daryl.Carter,Krystina_Watsica,Request
Roderick_Beatty,Nestor,Request
Frances.Wintheiser,Janelle,Request
Vladimir_Hudson,Tina,Request
Paolo,Donnell_Pfeffer,Accept
Israel_Miller,Maryse_Gibson,Accept
Troy.Wiza,Silas.Stamm,Accept
Preston_Jast,Pablo_Wilderman,Request
Ashly.Ernser,Kaitlin,Reject
Dejah_Spencer,Leonor_Torphy,Accept
Declan,Everett.Sauer,Reject
Santiago.Legros,Eddie,Accept
Fiona.Koelpin,Watson,Reject
Isaiah_Kub,Herta,Request
Lizeth_Maggio,Catherine_Feil,Accept
Abe_Rowe,Arianna.Konopelski,Accept
Alfonso_Tremblay,Brenna.Mosciski,Accept
Janiya_Hickle,Noble,Accept
Melyna.Boyer,Ozella_Bauch,Accept
Haylie_Schaden,Hanna,Accept
Meaghan_Littel,Vaughn,Request
Anissa_Harvey,Laury.Donnelly,Request
Alda_Herman,Kenya,Request
Laury.Kuhlman,Evan,Reject
Lina_Schuppe,Joseph_Effertz,Accept
Verona_Hintz,Elvis.Cummings,Accept
Ona_Beier,Lizzie.Gerhold,Reject
Kim.Brekke,Mayra,Reject
Beulah.O'Keefe,Mariah.Lebsack,Request
Alisha,Tyrique_Wisoky,Accept
Minnie_Herzog,Stone.Gutkowski,Reject
Thelma_Emmerich,Jarrett,Reject
Prudence_Ziemann,Manuela.Olson,Request
Anjali.Ondricka,Gina.Walker,Accept
Miracle_Hilll,Holden,Reject
Claudine_Funk,Stephon.Brakus,Request
Frank_Jacobson,Adolphus_Heidenreich,Reject
Tatyana_Witting,Roosevelt.Towne,Accept
Rylan.Kuhlman,Colten_Bahringer,Reject
Breana.Grant,Rosie,Accept
Zackary_Little,Lori,Reject
Ansley.Kerluke,Elyssa,Reject
Johnathan.Turcotte,Katelin.Adams,Reject
Fabiola.Sporer,Alexane,Request
Chanelle_Rolfson,Alexanne,Request
Ladarius_Mohr,Domingo_Schowalter,Accept
Anahi_McLaughlin,Cindy_Hills,Accept
Jevon_Herzog,Eugenia,Reject
Sonya,Eldridge,Accept
Estella_Thompson,Sabryna.Dickinson,Accept
Hank,Kiel.Kihn,Request
Jerome_Hegmann,Raphael,Accept
Steve_Morissette,Alden_Effertz,Reject
Jerel.Hintz,Reba,Accept
Louvenia_Mills,Edyth,Request
Maybell.Gottlieb,Lourdes,Accept
Jayden.Casper,Katlyn,Reject
Loraine.Tromp,Therese,Request
Laron.Conroy,Keaton,Request
Mitchel_Strosin,Ron.Schumm,Accept
Maeve_Stracke,Ivory.Stark,Reject
Letitia_Hegmann,Lorenza_Howe,Request
Cierra.Nienow,Verla,Request
Mariela.Kris,Quincy.Rutherford,Request
Logan.Schmidt,Bryce.Rath,Accept
Stevie_Davis,Irma_Harris,Request
Idella_Witting,Lura,Accept
Gerson_Konopelski,Jedidiah_Jerde,Request
Shawna_Satterfield,Henri,Request
Stan.Hodkiewicz,Selmer.Windler,Accept
Judy.Gerhold,Ronaldo,Accept
Layla_Lang,Gail,Request
Rossie_Jakubowski,Julian,Accept
Stephanie_Hermann,Marion_Nikolaus,Accept
Ayden.Lang,Keith.Gusikowski,Request
Vicente.Borer,Jewell,Request
Francisca_Borer,Claud.Renner,Request
Ozella.Abernathy,Wilmer,Reject
Retta.Runolfsdottir,Cara_Bartell,Accept
Chris,Gage_Bednar,Request
Maurine,Adolfo.Will,Accept
Marcelle.Von,Lyla_Auer,Reject
Eriberto_Beier,Ryley,Accept
Meagan,Kaya.Thiel,Request
Jo_Kunde,Cheyenne.Russel,Accept
Krystina_Kiehn,Jamey_Runte,Reject
Fabiola.Koepp,Viviane,Request
Rowland.Beier,Sid.Mayer,Request
Donnell.Boyle,Alanna,Request
Dorothy.Considine,Shaina,Request
Dane_Sauer,Quentin,Request
Lindsay.Collier,Kari.Gulgowski,Request
Serena_Stamm,Omer,Request
Matilde.Bernhard,Caterina.Blanda,Reject
Zack.Morar,Armand,Reject
Misael.Barrows,Kristofer,Reject
Jada,Genoveva_Schaefer,Request
Alverta.Robel,Weston_Swaniawski,Request
Santos,Edmund.Keebler,Request
Shanelle.Abernathy,Adam,Request
Kailee_Satterfield,Stephen,Request
Shea,Dimitri,Reject
Manley_Klocko,Alexandra_Stroman,Accept
Clement.Langworth,Aidan_Orn,Reject
Art_Schuppe,Karlee_Lehner,Request
Ludie_Bartell,Hulda_Wolff,Accept
Royal_Hackett,Dominique.Herman,Accept
Berniece.Hettinger,Americo,Accept
Abbey.Pollich,Raquel_Moore,Reject
Colten_Kreiger,Priscilla,Request
Lelah.Schowalter,Dawn,Reject
Jeanie_Durgan,Jedidiah_Jerde,Accept
Clifford_Legros,Amos,Reject
Baron_Carter,Dixie_Waters,Accept
Theresia.Gerhold,Larissa,Request
Will.Wintheiser,Linnie,Request
Earnest,Riley.Quigley,Request
Luther_Rosenbaum,Haley,Request
Vicenta.Gleason,Madelyn_O'Kon,Request
Desiree.Farrell,Hillary,Request
Sarah_Fahey,Eduardo_Balistreri,Reject
Cecile_Bradtke,Jana_D'Amore,Request
Kristy.Lakin,Hildegard,Request
Rory.Lind,Berneice,Request
Nia.Balistreri,Hanna_Becker,Request
Adrienne.Altenwerth,Verdie_Paucek,Reject
Mollie,Reginald,Reject
Libby_Kilback,Lorena.Daniel,Reject
Simeon_Ullrich,Robin,Request
Aliya.Fadel,Penelope,Request
Nikki,Elwyn,Accept
Emmie.Kovacek,Cecil.Becker,Reject
Dejuan_Reichert,Ramon.Rippin,Request
Rupert.Volkman,Devonte,Request
Felipe_Connelly,Anabelle,Request
Kayleigh_Schulist,Jeremy,Accept
Vincenzo_Gusikowski,Merle.Jaskolski,Accept
Aric,Michaela,Accept
Elwin.Halvorson,Devan_Hamill,Reject
George,Josefa,Reject
Maverick.Skiles,Sven,Accept
Wilburn_Adams,Gracie_Grant,Accept
Jade_Connelly,Trystan,Accept
Eliseo_Brown,Christian,Accept
Elisabeth_Abshire,Jess,Reject
Alycia_Jones,Bradford.Blanda,Request
Evangeline.Gibson,Martin.DuBuque,Request
Claudine.Bins,Kaitlin,Reject
Edward_Hermann,Stefan,Request
Devante.McLaughlin,Patricia_Barton,Reject
Clemens.Kovacek,Linwood.Blick,Accept
Reese.Jaskolski,Tessie,Reject
Ignacio,Mya_Heller,Accept
King_Larkin,Brian,Reject
Tony,Roderick,Request
Jayda_Pacocha,Nola_Frami,Reject
Hortense.Schaden,Alberto,Accept
Quinton.DuBuque,Erich_Johnson,Request
Jarrod_Kunde,Jaime_Rohan,Request
Tate.Morissette,Giovanni,Request
Antone,Jerald,Reject
Delia,Ed,Request
Eloise_Harvey,Bradly,Request
Abner_Smith,Devan,Accept
Makenna_Lakin,Lurline,Reject
Vernon.Jacobson,Daryl,Reject
Green.Muller,Rex,Reject
Breanna_Bahringer,Ryleigh_Rice,Accept
Brannon_Leuschke,Valerie,Request
Jakob_Block,Jamir_Maggio,Request
Brooklyn_Schinner,Cristian_Veum,Reject
Edwardo_Ruecker,Angelita.Lynch,Reject
Jason.Herzog,Kay,Reject
Sabrina.Wehner,Renee_Bartell,Request
Spencer.Pagac,Rodrigo.Emard,Accept
Dean,Diamond.Krajcik,Accept
Valentina.Rutherford,Jamie.Witting,Reject
Giovani_Jerde,Patience,Request
Santino_Rosenbaum,Erik,Accept
Rex.Gottlieb,Orin,Accept
Heloise.Swaniawski,Harry,Reject
Leonard.Keebler,Nellie_Weimann,Reject
Graciela,Raina.Glover,Accept
Elouise_Harris,Carlee,Request
Savanna,Trycia.Lakin,Reject
Casey_Gerlach,Liana.Berge,Request
Chelsea.Bogan,Royal,Reject
Sally.Morissette,Carmel,Request
Gertrude,Sheila.Sipes,Reject
Kattie.Ferry,Aylin,Request
Deborah,Mireille_Schumm,Accept
Karina_Reynolds,Marcelo,Accept
Prince_Auer,Lukas,Accept
Delfina_McKenzie,Buck,Request
Garland.Rutherford,Bernadine,Reject
Crystal_Morar,Cassandre_Metz,Reject
Ulices_Emard,Flossie.Green,Accept
Tommie.Windler,Mack,Reject
Vernie.Cummerata,Josue,Accept
Olin,Name_Cummings,Accept
Hulda.Zulauf,Rigoberto,Request
Jessyca_Streich,Zachary.Langosh,Reject
Alessia_Powlowski,Geo,Reject
Hilda.Hackett,Roderick.Leuschke,Request
Verla_Leuschke,Ola,Request
Glen_Barton,Verlie,Request
Tyshawn.Gaylord,Piper_Aufderhar,Request
Aurore,Alexanne.Kulas,Reject
Dejah_McLaughlin,Rosella,Request
Dora.Champlin,Bradley_Marquardt,Accept
Sid,Christy,Accept
Breana_Lowe,Bradford,Reject
Serenity.Weissnat,Korey.Heller,Reject
Alyce.Shields,Coleman_Orn,Request
Nicolette,Jameson.Smith,Request
Khalil_Cartwright,Elna,Reject
Aurore_Welch,Addison,Request
Pat_Hermann,Helene.O'Connell,Accept
Victoria.Keeling,Clementine_Bahringer,Request
Elvera_Kohler,Celestino,Accept
Adalberto,Carmine.Schuster,Reject
Anthony_Sipes,Aiden.Swaniawski,Accept
Myra.Harber,Reina.Sanford,Request
Zion.Auer,Newton.Muller,Reject
Vicenta.Vandervort,Larue,Accept
America.Langworth,Lexie.Schmitt,Reject
Vince.Hauck,Lelah.Ward,Request
Ada.Ortiz,Adaline.Sawayn,Request
Catherine_Schoen,Elna,Reject
Korey.Heller,Adrienne,Accept
Esperanza_Hauck,Giuseppe,Request
Zachary_Kemmer,Katrine,Request
Betsy_Collins,Amya,Accept
Evelyn_Turcotte,Marcia,Reject
Gabrielle.Langworth,Vernon_Schneider,Reject
Nakia,Phoebe_Kemmer,Request
Filiberto_Robel,Delphia.Kiehn,Reject
Merle.King,Damion.Donnelly,Reject
Izaiah_Ziemann,Theresa,Request
Chad.Abbott,Crystal,Accept
Kim_Botsford,Davon,Reject
Raven_Kozey,Wallace.Bode,Request
Karlee,Tressie,Reject
Reilly_Rau,Rachelle,Accept
Clemmie.Yundt,Edyth.Zulauf,Reject
Brenden_Maggio,Thomas_Rosenbaum,Reject
Trevor.Tromp,Kurtis.Kilback,Reject
Brent.Kihn,Orion,Request
Bradly_Connelly,Neil,Accept
Rolando.Kertzmann,Tyreek,Request
Cassandra_Ledner,Ted,Accept
Weston_Swaniawski,Princess,Accept
Hollis.Veum,Sallie,Request
Carey.Baumbach,Elmira.Kilback,Reject
Joshuah,Thelma_Emmerich,Accept
Damaris_Kautzer,Owen,Request
Jaylen.Pfeffer,Tito_Heaney,Request
Lucious,Rico,Accept
Verona_Treutel,Lizzie_Breitenberg,Reject
Danny_VonRueden,Estel,Request
Gwendolyn_Robel,Laury.Kuhlman,Request
Terrill.Yost,Barrett,Accept
Gaetano.Gottlieb,Pasquale.Konopelski,Accept
Beatrice.Smith,Dana_Braun,Request
Celestino.Hahn,Alec,Reject
Selena,Laurence.Rath,Accept
Urban.Fisher,Laurianne,Request
Kaycee,Darien_Kuhn,Request
Hugh_Bode,Braulio.Braun,Request
Faustino.Windler,Helmer,Reject
Cordie_Marquardt,Virgil,Accept
Isaias,Daisha.Ernser,Accept
Jordyn.Kihn,Eliza_Lubowitz,Reject
Erica.Smith,Jessika.Champlin,Reject
Rowena_Willms,Evangeline_Hintz,Accept
Marquis.Lueilwitz,Mohammed_Leannon,Request
Kamryn_Watsica,Ashleigh,Request
Raymond.Bednar,Mckayla_McDermott,Accept
Curtis.Mayer,Nikko,Reject
Kavon.Breitenberg,Blake,Accept
Lenny_Schneider,Hobart,Reject
Yadira_Feil,Karelle,Request
Caitlyn_Abshire,Elissa,Request
Christine,Nannie,Request
Giovanny.Grant,Mireille_Hyatt,Reject
Timmothy.Wolf,Susana_DuBuque,Reject
Florian,Florida,Request
Nadia.Schmeler,Lucio.Vandervort,Reject
Abbie.Funk,Keeley,Reject
Hulda_Wolff,Penelope.Collier,Request
Wilton_Daugherty,Kellie,Reject
Verdie,Eryn,Accept
Marianna_Boyer,Jon,Request
Trace_Collins,Cheyanne,Accept
Abner_Lueilwitz,Chasity,Accept
Tavares,Roxane,Accept
Ruth.Hettinger,Aniyah_Kub,Accept
Linwood.Blick,Luella,Request
Toy_Klein,Margarette,Accept
Bryce.Kirlin,Cordia.Morar,Request
Shanny_Lehner,Obie.Gerlach,Reject
Rosendo,Augustine,Accept
Lavonne.Jacobi,Alaina,Reject
Lloyd.Von,Sherman_Carroll,Reject
Zechariah_Kassulke,Deonte.Leannon,Accept
Lula_Konopelski,Shakira,Request
Bell,Marcelo.Stokes,Reject
Betty.Schamberger,Charles.Hamill,Accept
Precious_Donnelly,Dejah.Rempel,Reject
Abdul,Alfredo,Reject
Seth.Mueller,Marilie,Accept
Jessyca_Runolfsson,Otis.Kuphal,Accept
Heloise.Jast,Kenny_Kirlin,Request
Nasir_Klocko,Felicia_Mraz,Request
Dane.Rolfson,Carmela_Rau,Accept
Ocie.Corkery,Jessie.Gulgowski,Reject
Brycen_Kohler,Pansy.Hessel,Reject
Elyse.Herzog,Kayleigh.Considine,Accept
Brandy.Lesch,Billy.Hansen,Request
Reid.Williamson,Kane_Gerlach,Accept
Jerrold.Howe,Kadin,Request
Brando_Jast,Norma.Ledner,Accept
Cameron_Boyle,Rollin,Accept
Curtis.Lockman,Rashad,Accept
Beverly_Klocko,Rosamond,Request
Bernhard_Jenkins,Vicenta.Vandervort,Request
Ettie_Gutkowski,Humberto_Hessel,Accept
Cheyanne,Kacey,Reject
Ferne.Wintheiser,Virgil,Reject
Bella_Towne,Darion,Reject
Isadore_Block,Allan,Request
Gus.Harber,Toby_Bergstrom,Request
Katelynn_Beier,Roxane.Altenwerth,Reject
Alfreda.Parisian,Phoebe,Request
Johnpaul.Macejkovic,Ruthe_Sauer,Request
Shanelle_Raynor,Dorian,Reject
Maia,Raymundo_Macejkovic,Accept
Thad.Kuphal,Melba,Reject
Berniece.Wilkinson,Aiyana_Reilly,Accept
Kip_Mitchell,Aliyah,Request
Rene.Reichert,Lurline,Accept
Eula_Schmidt,Delaney,Accept
Dejon,Bonnie_Nienow,Reject
Billy.Bahringer,Elouise_Harris,Reject
May,Ottilie,Accept
Madisen_Bartoletti,Jailyn,Reject
Lemuel_McClure,Sabrina.Wehner,Reject
Isom_Koepp,Laurel_Hegmann,Accept
Raina_Stehr,Tomasa,Accept
Sonia.Zemlak,Elissa,Request
Mara.Smith,Marcelino,Request
Helene_Graham,Savannah_Ruecker,Request
Kyler_Kris,Dolores.Lueilwitz,Request
Mara_Swaniawski,Annabelle,Request
Romaine_Smith,Dimitri,Accept
Garrison_Kozey,Hayley.Mertz,Accept
Beth.Lind,Georgianna.Wolff,Request
Kiarra_Rogahn,Houston,Request
Jake_Gaylord,George.Davis,Request
Napoleon.Corwin,Samson.Huel,Request
Rylan_Lesch,Tyra,Request
Carson,Zachariah.Hermann,Request
Wilma,Joanny.Swift,Accept
Fritz.Hermann,Liam.Prosacco,Request
Gia,Vita,Request
Catalina,Laura,Reject
Bartholome.Champlin,Brayan,Request
Zoey_Sawayn,Hailie,Reject
Ken.Mraz,Buck.Schultz,Request
Kylie_Schiller,Kristoffer_Bernier,Request
Jarod.Kulas,Cristina,Reject
Laurianne.Wuckert,Name,Accept
Sierra.Wunsch,Stanton,Accept
Leonor.Auer,Faye,Reject
Jackeline.Howell,Evalyn,Accept
Hyman_Rogahn,Una.Kerluke,Reject
Amina.Green,Hosea_Gibson,Request
Gianni.Bernhard,Karli,Reject
Sebastian.Aufderhar,Aurelie,Accept
Norberto.Hilpert,Xavier_Grant,Accept
Jerod.Legros,Harmony,Request
Vicente.Cruickshank,Khalil_Keebler,Reject
Virginia_White,Douglas,Reject
Georgiana.O'Connell,Araceli_Schulist,Reject
Laurine_Ullrich,Eleanora,Reject
Simeon.Williamson,Waylon,Reject
Godfrey_Strosin,Willard.Schulist,Request
Rory_McClure,Gracie,Reject
Clair.Goodwin,Rosanna.White,Accept
Gretchen.Parker,Marquis.Boyer,Request
Dawn.Jewess,Ressie.Schaden,Request
Alejandrin.Zboncak,Boris_Dooley,Accept
Joaquin,Dominique,Accept
Turner.Orn,Wilbert,Reject
Catherine.Kshlerin,Nya.Powlowski,Accept
Kyle_Bode,Dee,Accept
Ahmad.Grant,Fredrick_Bode,Reject
Gust_Heaney,Vivian,Reject
Alexandria.Lemke,Henry.Fay,Accept
Fritz,Urban,Accept
Meta.Howell,Kiera_GuÂªann,Accept
Daryl,Jerod_Corwin,Accept
Micheal,Golden_Kerluke,Accept
Sadye.Crist,Daisy.Kulas,Request
Mikel.Jakubowski,Emmanuel.Kreiger,Accept
Wendell_Wehner,Tate.Kuhlman,Reject
Murray,Clemens,Accept
Autumn.McKenzie,Theo.Sporer,Reject
Zul.Conroy,Talon.Lowe,Reject
Sharon.Wehner,Lia.Heller,Request
Sonny_Gerlach,Aron,Accept
Hildegard_Kovacek,Skye.Wunsch,Accept
Favian,Geraldine,Accept
Trenton_Satterfield,Jennyfer,Accept
Santino,Alexander.Marquardt,Request
Rosetta.Klocko,Bernadine_Pfannerstill,Request
Susanna_Schaefer,Nola_Thiel,Reject
Vergie.Stiedemann,Therese_Mitchell,Accept
Gabrielle,Roma.HarÂªann,Accept
Annette.Stamm,Trent.Satterfield,Request
Rhiannon_Wintheiser,Corine_Krajcik,Accept
Agustin_Schmidt,Alyson.Beer,Reject
Ottilie.Mohr,Weldon,Accept
Cyril.Hammes,Louie,Request
Genoveva_Ratke,Mateo,Request
Anabelle,Melisa,Reject
Triston_Hammes,Jared,Request
Giuseppe_Swift,Hal.Langosh,Reject
Elaina_Blick,Brionna.Cruickshank,Accept
Sydnie_Witting,Pearlie_Emard,Request
Gabriel.Kuvalis,Emma.Trantow,Request
Adrian_Purdy,Jerod_McGlynn,Request
Mikayla_Hand,Samantha.Lowe,Reject
Cleta_Ratke,Kiel,Accept
Evalyn,Gaston,Reject
Elenora.Feil,Herman_Schumm,Reject
Garth.King,Albert.Zulauf,Accept
Marta_Parisian,Patsy_Harvey,Reject
Kaci_Parisian,Christian,Reject
Branson.Tillman,Isai.Mosciski,Request
Alyce_Russel,Justus,Request
Jamal.Medhurst,Clare,Accept
April_Larson,Abigail,Reject
Jack.West,William.Jacobi,Reject
Ophelia,Jaqueline_Jacobson,Accept
Michaela,Evelyn_Hirthe,Reject
Isidro,Sheila_Powlowski,Accept
Alene.Kemmer,Rosina,Request
Sterling.Bode,Coleman.Swaniawski,Reject
Gerda.Satterfield,Nathanial,Accept
Bradford_Goldner,Makenna,Request
Ben_Murazik,Roma_Frami,Reject
Henri,Kraig_Corwin,Accept
Tyrese_Rath,Kirk.Gusikowski,Accept
Olga_Ebert,Maximillia,Request
Cheyenne_Parker,Kieran,Request
Annalise.Nicolas,Adrienne.Greenholt,Accept
Norwood_Macejkovic,Melany.Feest,Accept
Beaulah_Bogan,Garrett,Reject
Francisca_Hammes,Nina,Request
Devante_Volkman,Edna,Request
Vernie_Quigley,Mellie,Request
Shayna.Hegmann,Damaris,Reject
Julia.Lemke,Earline_Nolan,Accept
Kellie.Stehr,Lamar,Reject
Jazlyn.Emmerich,Amparo.Murazik,Reject
Filomena_Hyatt,Alyson_Schoen,Accept
Lea_Kling,Eva,Request
Dariana.Kertzmann,Angelica_Lueilwitz,Accept
Tyree_Abernathy,Melody_Hermann,Reject
Constance.Johns,Verona,Reject
Janet_Cruickshank,Rosario,Reject
Efrain_Fisher,Sage_Zulauf,Accept
Abby_Skiles,Dayne,Request
Hosea_Reinger,Theodore,Accept
Tomasa_Blanda,Retha,Accept
Lela_Hills,Jake.Williamson,Request
Keaton_Langosh,Lavada_Hodkiewicz,Accept
Elton,Giovanny,Accept
Effie_Ebert,Camron_Kling,Reject
Miller.Hoeger,Carli,Reject
Shane,Amparo.Borer,Request
Alaina.Bins,Tyler,Accept
Shirley.Baumbach,Otho,Reject
Collin,Rae.Carter,Reject
Dennis_Braun,Tamia_Larkin,Reject
Soledad,Josh,Accept
Cedrick_Reichel,Macie,Reject
Lafayette,Terry,Reject
Destany.Kemmer,Terry,Reject
Ladarius.Towne,Keven,Request
Abraham,Hans.Treutel,Accept
Fred.Stamm,Russell_Hahn,Reject
Laura.O'Connell,Twila.Klocko,Accept
Letitia_Schmeler,Kennedy.Walter,Reject
Lera_Mosciski,Bradley,Request
Mazie.Flatley,Melody,Request
Nova_Ebert,Mia,Accept
Vivian,Keenan,Reject
Haskell.Lowe,Kathlyn_Funk,Reject
Rhoda_Bogisich,Duane.Jaskolski,Request
Sherman_Quigley,Grover,Accept
Jaydon,Hilario,Request
Ray.Feeney,Isabelle,Reject
Raymundo.McClure,Laisha,Reject
Janelle.Ebert,Kari,Reject
Virgie.Ankunding,Elmore,Accept
Nasir,Kayleigh,Request
Eldora.Skiles,Jordan_Larson,Reject
Trey_Christiansen,Maida,Reject
Furman.Considine,Alexys_Schuster,Request
Marielle_Ziemann,Blaise.Mitchell,Accept
Vilma.Hegmann,Caleigh_Schaefer,Accept
Joseph.Kling,Nova,Request
Blake_Dooley,Amalia,Request
Berneice.Cassin,Aylin,Accept
Audrey.Leuschke,Dolores.Lueilwitz,Request
Jesse.Funk,Meagan.Beatty,Accept
Kendrick.Von,Ambrose.Walsh,Accept
Euna_Gerlach,Travon.Goldner,Request
Pablo_Senger,Caitlyn_Stoltenberg,Accept
Lisette,Maynard,Request
Pinkie.Moore,Zoe,Request
Conor.Braun,Franz,Accept
Allison.Morar,Valerie_Funk,Request
Belle_Murazik,Vidal_Bauch,Reject
Walton.Cummings,Krystina_Koss,Reject
Yvette.Okuneva,Jerod,Request
Aniya.Maggio,Francisco_Daugherty,Accept
Selena_Wintheiser,Ronaldo,Accept
Trenton.Feil,Loyce_Purdy,Reject
Jewel_Christiansen,Hubert_Crona,Reject
Roosevelt_Kerluke,Carmelo,Reject
Estevan.Farrell,Angus,Reject
Gail.Boehm,Cary_Frami,Request
Jovanny_Koch,Margret,Request
Lexus.Wiza,Misty_Murray,Request
Joelle_Schiller,Deonte,Reject
Guillermo_Schamberger,John_Feil,Accept
Juvenal_Crooks,Edwina.Goodwin,Reject
Noemy.Harªann,Trudie,Request
Sibyl.Kertzmann,Emilia_Carter,Accept
Arjun,Esperanza,Accept
Kayleigh.Considine,Princess.Langworth,Request
Gia.Boyle,Murphy_Swaniawski,Request
Isaac_Legros,Hosea.Cummings,Accept
Lisandro_Watsica,Kaylee,Reject
Beverly,Sherwood,Accept
Litzy.Moore,Mustafa,Reject
Tevin_Fritsch,Imogene.Reynolds,Request
Imogene_Simonis,Kaylie,Reject
Julian.Moore,Kody,Reject
Willis.Adams,Emmitt,Reject
Benjamin_Satterfield,Missouri_Schaefer,Request
Maude.Ondricka,Lucie_Keebler,Reject
Glennie.Greenfelder,Justice.Spencer,Request
Tracy.Lowe,Katheryn_Abshire,Reject
Chase,Camron_Kutch,Reject
Cordell.Tremblay,Alexane_Fay,Request
Colin_Friesen,Anne_Stokes,Request
Kiera_Stroman,Wilson,Request
Keeley.Rice,Camille,Reject
Zoie,Charity.Sauer,Request
Darrin.Kuphal,Trudie.Herzog,Request
Chasity,Joany,Reject
Queen.Brown,Jenifer,Reject
Mikel.Bailey,Demarcus,Request
Breanne.Stamm,Yasmeen.Kovacek,Accept
Eleanora_Smith,Woodrow,Reject
Francis_Baumbach,Betsy_Collins,Request
Morris_Von,Xavier,Reject
Darrel.Bartell,Houston,Reject
Myra_Heidenreich,Trycia,Accept
Marshall.Schowalter,Dena_Torphy,Reject
Garfield.Herzog,Ollie,Accept
Axel.Hirthe,Bryon,Reject
Frederique.Huel,Adaline.Keeling,Reject
Dominique_Johnston,Monte_Cartwright,Accept
Sydney.Kassulke,Bernhard_Larson,Reject
Darryl.Stamm,Craig_Corkery,Accept
Reymundo.Goodwin,Tre_Crona,Accept
Noe.Steuber,Filomena,Request
Kennedy.Predovic,Bruce,Request
Devante_Emmerich,Mortimer,Request
Cassie.Schoen,Demarco,Reject
Lyda_Walsh,Travis,Accept
Kacey_Crona,Zita,Reject
Dalton_Stokes,Giles_Wisoky,Accept
Waldo_DuBuque,Anabel,Reject
Aurore_Huel,Rico.Yost,Accept
Keven_Stark,Deontae,Reject
Edd.Pacocha,Jonathan,Reject
Isai_Reichert,Lulu.Deckow,Request
Aaliyah_Friesen,Immanuel.Stracke,Reject
Levi_Schumm,Kelsie,Request
Paxton,Eunice.Torp,Reject
Darlene_Lindgren,Eula,Accept
Mariam,Lane,Accept
Prince_Glover,Duane.Crist,Accept
Janessa_Daniel,Serena_West,Reject
Deangelo_McKenzie,Viviane,Accept
Marcos.Volkman,Alia,Accept
Marty.Kuvalis,Olin,Accept
Larue_Reichert,Pearline_Renner,Request
Alberta,Jack_Cole,Accept
Dejon_Leffler,Alexandria,Reject
Edward.Kris,Carlotta.Quigley,Reject
Jude.Pollich,Horacio.Feil,Reject
Felipe,Arielle.Weissnat,Reject
Erika.Wunsch,Blaise,Request
Melody_Jacobson,Ignatius,Request
Madison_Schimmel,Emiliano,Accept
Jessica,Lucas,Accept
Cydney.Strosin,Isobel,Request
Mallory,Susan.Cummings,Accept
Katarina.Schowalter,Mckayla_Legros,Accept
Alf_Champlin,Halie_Koelpin,Accept
Torrance,Grace_Simonis,Reject
Chanel.Herman,Kennedy_O'Keefe,Reject
Westley_McDermott,Amani_Shields,Accept
Dewayne_Jaskolski,Tabitha.Fritsch,Accept
Alek_Metz,Chaya,Reject
Joanny.Brekke,Vicenta,Reject
Tamia.Beier,Summer_Orn,Request
Maximillia,Bernhard_Hamill,Reject
Domenico.Klein,Tristin_Armstrong,Request
Marisa_Crona,Fredy.Pfannerstill,Request
Lonnie.Thompson,Adele,Reject
Gage_Zulauf,Kaleb,Reject
Rachelle.Heaney,Napoleon.Corwin,Accept
Olin_Gaylord,Enid,Accept
Eryn_Moen,Julia.Lemke,Accept
Henri.Homenick,Broderick,Request
Rae,Cecile.Bauch,Accept
Brisa_VonRueden,Kristofer,Reject
Max.Jones,Okey,Request
Kamron.Friesen,Cristobal,Request
Ubaldo.Thompson,Jany,Accept
Constantin.Ledner,Madie_Towne,Request
Beau.Ortiz,Angelita.Paucek,Accept
Elvis_Bergstrom,Cornell.McDermott,Request
Helmer_Block,Sadye,Reject
Carlotta_Murazik,Jeremy_Mertz,Request
Dedrick,Constantin.Weber,Request
Devon.Hane,Fay_Yundt,Accept
Osborne_Veum,Dana.O'Conner,Request
Dayna.Beatty,Marie,Request
Jarred_Will,Nakia_Hackett,Reject
Jamel,Franz,Reject
Thad.Prohaska,Joshuah_Ullrich,Request
Amelie_Carroll,Flavio,Reject
Francisco,Walton,Reject
Jessie.Kshlerin,Olen_Jacobs,Request
Hope,Shyanne.Crona,Request
Casimir_Little,Torrey,Reject
Justina.Wyman,Eulalia,Request
Toni.Moore,Korbin,Accept
Justice.Rempel,Abbigail,Accept
Dangelo_Schimmel,Dayna.Turner,Request
Carolina.Friesen,Nash_Mohr,Reject
Daron.Tromp,Julia,Request
Bridgette.Runte,Dejon_Sanford,Reject
Uriel_Schulist,Yazmin_Lehner,Request
Adaline.Sawayn,Hallie,Accept
Oran_Romaguera,Naomie,Reject
Shanon_Cole,Katlynn,Accept
Ervin.Hettinger,Pablo_Senger,Request
Carlotta.Glover,Karelle.Champlin,Accept
Ethyl.Osinski,Frederic.Heathcote,Request
Seth_Carter,Juwan.Marvin,Request
Rigoberto_O'Connell,Dorthy,Accept
Chaim.Considine,Vladimir_Waters,Request
John.Wehner,Eloisa.Marks,Request
Edgardo_Jakubowski,Yvette,Accept
Fernando.Emmerich,Audreanne_Boyer,Request
Jarvis_Nienow,Erwin_Lowe,Reject
Norris_Hyatt,Halle_Howe,Request
Damian.Glover,Caleigh_Wiza,Accept
Pablo.Graham,Nona,Reject
Noah.Hilll,Duncan_Langworth,Accept
Efren.Wehner,Fabiola.Koepp,Accept
Felicity.Collins,Meagan,Reject
Braxton_Kuhic,Lexi.Vandervort,Request
Ray.Sipes,Ophelia,Accept
Lemuel_Bins,Kiana,Accept
Merle_Wuckert,Lucy,Accept
Christina_D'Amore,Lucio,Request
Gwendolyn_Gerhold,Joanne,Request
Brennon_Goyette,Newton.Hettinger,Reject
Quinn_Jewess,Fermin,Accept
Oren_Walker,Tess,Request
Kellie_Crooks,Moises,Accept
Matilda_Weissnat,Kailyn.Farrell,Accept
Bart.Mayert,Rachael_Smitham,Reject
Dangelo_Blanda,Florian_Keebler,Reject
Chase.Watsica,Maggie,Reject
Charles.Hamill,Chelsie.Gerhold,Reject
Brennan.Willms,Jakob.Grimes,Accept
Enoch.Boehm,Francesco,Request
Aubree_Balistreri,Keely_Walter,Request
Sharon_Ortiz,Heloise,Reject
Else.West,Seth,Request
Jesus_O'Hara,Gaston,Accept
Joaquin.Cronin,Myles_McDermott,Reject
Lucio.Hilll,Dayton_Dach,Accept
Sadye,Anika.Breitenberg,Accept
Christa.Miller,Estel_Marvin,Accept
Diamond.Lehner,Elisha,Accept
Sadie.Kshlerin,Novella.Raynor,Request
Ashtyn_Dickinson,Rasheed,Request
Weldon.Altenwerth,Vernie.Schaefer,Accept
Taryn.Crona,Aubrey,Accept
Lavina.Smith,Coleman,Request
Leonel_Terry,Isabell,Reject
Margarita_Glover,Lukas,Reject
Danika.Romaguera,Shayna.Rau,Accept
Gregoria_Abbott,Estevan.Bosco,Reject
Filomena.Roberts,Angelina.Bartell,Reject
Herta_Smitham,Lottie_Klocko,Accept
Bernard_Thompson,Daisy_Schuster,Reject
Myles,Amanda,Request
Kaylah,Lesly,Reject
Aiyana_Ortiz,Brannon.Mohr,Reject
Eliane,Lyric,Accept
Makenna.McKenzie,Tabitha,Reject
Tamara,Freddy_Erdman,Request
Janice_Daniel,Norval_Russel,Accept
Einar.Will,Reta,Request
Clifton_DuBuque,Larry,Reject
Zachary,Rupert,Request
Howell.Raynor,Valentina,Reject
Karolann.Zemlak,Hester.Nienow,Reject
Art.Ruecker,Vinnie,Request
Amira.Emmerich,Donnie,Request
Liam.Dicki,Eugene,Accept
Brandy_Schulist,Lourdes_Kemmer,Request
Wyman.Towne,Alysa.Yost,Reject
Elmer,Esmeralda,Reject
Alfonso.Harvey,Haylie,Reject
Devonte_Kreiger,Agustin.Dietrich,Accept
Geovany_Wisoky,Dorothea,Reject
Name.Keeling,Elva.Kemmer,Accept
Ashton_Hodkiewicz,Amanda.Jast,Reject
Patience,Liza,Accept
Darion_VonRueden,Bernadine,Reject
Tyson.Bogisich,Saul,Reject
Ewell.Klocko,Antwon.Feest,Accept
Enos_Conn,Hal.Lehner,Request
Hilda_Bechtelar,Junius,Accept
Hoyt.Tromp,Edgardo.Aufderhar,Reject
Wellington,Miguel,Reject
Rosendo_Barton,Fermin.Runte,Request
Nayeli.Hettinger,Ottilie_Raynor,Reject
Albert.Braun,Rory,Accept
Justyn_Flatley,Sylvan.Doyle,Accept
Estell,Genesis,Accept
Nathanial_Boyer,Araceli,Reject
Zola.Heathcote,Cheyenne_Stokes,Accept
Justen.Lebsack,Jacinto_Shields,Reject
Jaren.West,Jason.Koch,Request
Elsa,Devon_Lehner,Reject
Kavon_Swift,Jeanie,Request
George.Schowalter,Caterina.Blanda,Reject
Miracle.Ferry,Conor_Flatley,Reject
Deondre_Bartell,Benny_Turner,Accept
Johnnie,Rosalind,Request
Alize_Jakubowski,Janelle.Nikolaus,Accept
Providenci,Laurence,Reject
Monte_Cartwright,Reece,Accept
Tracey.Macejkovic,Lavonne_Lind,Reject
Jerad_Kozey,Kolby_Tillman,Request
Dee_Senger,Alba,Request
Eunice_Hoeger,Kristin,Request
Marion.Tremblay,Grant_Hudson,Reject
Jonathon_Quigley,Jillian_Yost,Accept
Abelardo_Romaguera,Al_Kessler,Request
Griffin_Beahan,Alyson_Reilly,Accept
Orville_Kohler,Avis,Request
German.Hoeger,Eliezer,Reject
Mattie,Onie.McClure,Accept
Don.Guªann,Litzy_Morissette,Reject
Enrique.Runolfsson,Rigoberto_Baumbach,Accept
Florine.McKenzie,Sydney_Beatty,Reject
Vanessa_Robel,Garrick_Cruickshank,Reject
Martina.Simonis,Lionel_Johnson,Reject
Elda.Aufderhar,Americo_Rempel,Accept
Earnestine,Pinkie,Reject
Aleen.Harber,Rosalee.Schuppe,Reject
Bill.Dach,Monty,Accept
Randall_Schoen,Valerie_Green,Request
Bernadette,Brittany_Erdman,Reject
Dameon_Purdy,Cleora,Request
Edwin.Mayer,Darrell.Weissnat,Request
Tod_Olson,Nova.Bruen,Accept
Rosalia.Emmerich,Chadrick.Bode,Reject
Laurie.Smitham,Fabiola.Aufderhar,Request
Adolfo.Kunze,Allie.D'Amore,Reject
Danny_Nicolas,Sienna_DuBuque,Accept
Minnie_Emard,Ellsworth,Accept
Alexanne.Hyatt,Nigel,Reject
Ewell_Pfannerstill,Seamus.Kozey,Accept
Andy.Watsica,Jose,Accept
Ernie,Katlynn.Jewess,Accept
Vladimir.Johnson,Emily_Mohr,Reject
Gilda.Purdy,Guadalupe,Request
Selina,Luigi,Accept
Meaghan_Hoppe,Fausto_Boyle,Accept
Chester.McCullough,Johan_Bogan,Accept
Ariane,Brenden.Grimes,Accept
Judah.Gulgowski,Mohamed,Request
Fannie.Lesch,Alfreda.Shanahan,Reject
Alvis_Schimmel,Jacklyn,Reject
Reagan.Bauch,Avery_Koch,Accept
Davion.Koss,Daphney,Reject
Gordon.Stroman,Haylie,Reject
Jasmin_Little,Helga,Accept
Jonathon_Jones,Joesph,Reject
Valerie_Krajcik,Dahlia,Reject
Kennedy_O'Keefe,Mozelle,Request
Ephraim_Hilll,Elsa,Reject
Madyson,Miguel_Stehr,Request
Linnie.Sauer,Barrett,Accept
Bradford_Streich,Billie,Accept
Violette,Alivia_Gleichner,Reject
Kellie_Fritsch,Eli.Harris,Request
Ezequiel.Greenholt,Misty.Lynch,Request
Karlie.Prosacco,Ross,Request
Idell.Kuhic,Angeline,Request
Raoul_Koepp,Eleanore,Request
Dwight_Schoen,Jennyfer_McLaughlin,Request
Claudia.Bailey,Bruce,Accept
Selena_Wolff,Aliya,Request
Abdul_Grimes,Shayna.Hegmann,Accept
Abe_Larkin,Angela_Mertz,Reject
Delaney_Beer,Derek,Reject
Doris,Ken_Hills,Accept
Tracey.O'Keefe,Ryley.Hahn,Request
Silas.Stamm,Helene.Schultz,Request
Josh,Flavio,Request
Davon_Greenholt,Marielle,Request
Aaron_Bashirian,Margarett.Thiel,Accept
Jamaal.Champlin,Marco_Schumm,Accept
Joyce.Kuhn,Chance_Prosacco,Reject
Raphaelle,Ardella_Walsh,Accept
Justice_Hermiston,Lenna_Jenkins,Request
Emie_Schamberger,Angelica_Lueilwitz,Accept
Ronny.Reichert,Van,Accept
Derrick_McClure,Ulises_Ebert,Request
Alexandrea.Boyer,Sid,Request
Adalberto_Ebert,Isac,Reject
Eladio.Bradtke,Katelyn.Barton,Request
Braulio.Murphy,Terry,Request
Mathew,Raleigh.Klein,Reject
Virgie.Kozey,Zola.Weber,Accept
Alyson.Adams,Ima_Stamm,Request
Martine_Vandervort,Jewel,Request
Cara.Luettgen,Matilde_Russel,Request
Dagmar_Hayes,Isabell.Prosacco,Request
Marianne.Runolfsson,Scotty,Reject
Jerrod.Stark,Leonard,Reject
Gisselle_Mann,Lynn,Accept
Lila_Cruickshank,Arjun_Bruen,Reject
Javier_Runolfsdottir,Jean.Nader,Request
Kaela.McGlynn,Asia.Flatley,Request
Gideon,August.Kihn,Accept
Berenice_Friesen,Kiel,Accept
Columbus.West,Jorge_Okuneva,Request
Jasmin.Osinski,Logan,Request
Johathan_Boyer,Abbie.Funk,Accept
Pansy.Emmerich,Vince_Schulist,Request
Hester.Mitchell,Estell_Kiehn,Accept
Antwon,Michelle,Reject
Idell_Shanahan,Santina,Accept
Hulda.Schuster,Nola_Frami,Request
Crystal_Metz,Dennis,Reject
Pasquale_Harris,Alyson,Request
Stuart_Wisozk,Leopoldo,Request
Garrick_Ledner,Hollis,Accept
Austen_Thiel,Yoshiko_Wuckert,Request
Johathan.White,Adriel,Reject
Juliana_Wilkinson,Xavier_Nolan,Reject
Denis,Brian,Request
Queen,Marlin.White,Accept
Clarabelle,Lelah,Reject
Jakayla.Becker,Gustave,Accept
Carolyne.McCullough,Rowan,Accept
Nikki.Wolf,Gracie,Request
Shawna,Cassie.O'Kon,Accept
Teresa.Hauck,Stephon_Feest,Reject
Karson.Hodkiewicz,Jaylen.Emard,Reject
Brennan_Klein,Ricky_Bayer,Accept
Alison_Jones,Barney,Request
Rigoberto_Corwin,Vito,Accept
Eliseo.Gusikowski,Isaias.Cummerata,Accept
Tyrique_Moen,Damaris,Request
Urban.Wiza,Laurie_Fisher,Reject
Valentin.Heaney,Sabina.Trantow,Request
Alayna_Kozey,Arjun_Bruen,Request
Joana_Orn,Giles_Anderson,Accept
Isobel.Yost,Bonita.O'Hara,Request
Madalyn_Wyman,Whitney.Bechtelar,Request
Celine_Bergnaum,Ibrahim_Lockman,Request
Therese,Jared,Reject
Ofelia.Bernhard,Minerva,Request
Jasper_Champlin,Bernardo.Blanda,Reject
Petra.Weber,Agustin.Dietrich,Accept
Kraig,Kiley.Kuhlman,Reject
Dawson_Beier,Cordell_Strosin,Request
Susan_Armstrong,Marjolaine.Lemke,Accept
Jovany.Jacobson,Odell_Cole,Request
Ken.Stroman,Stephan.Corkery,Request
Else_Johnston,Camden.Bartoletti,Reject
Mercedes_Corkery,Noemy.HarÂªann,Reject
Rudolph_Stroman,Jocelyn,Accept
Gabe.Koelpin,Owen.Feil,Reject
Concepcion.Leffler,Jennyfer_Daniel,Request
Vickie_Stokes,Judy,Accept
Dana_Moore,Jayce,Accept
Orie_Graham,Emmalee,Request
Kaela.Cruickshank,Quincy.Bergnaum,Reject
Rosalee.Schuppe,Willy,Request
Jettie.Nikolaus,Katelyn,Accept
Mariane_Nitzsche,Abdullah,Request
Kirstin.Gottlieb,Laurie.Goodwin,Reject
Kay,Louvenia,Request
Kelvin,Anissa.Ferry,Accept
Pierre_Veum,Roberta_Block,Accept
Mitchel.Rohan,Janice_Medhurst,Reject
Giovanni_Kling,Alford,Request
Herminio_Harris,Brandon.Sipes,Request
Marianna_Mayert,Jesse,Request
Arely_Cronin,Marty_Hirthe,Accept
Citlalli.Fahey,Celestine,Accept
Sabryna.Parisian,Micah,Request
Wyatt_Wehner,Ernesto,Request
Joshua_Bernhard,Patricia_Renner,Reject
Salvatore_Hickle,Rene,Accept
Alverta.Herzog,Efren.Okuneva,Accept
Roy.Ortiz,Creola_Bahringer,Request
Kamryn,Cordelia_Keebler,Accept
Elza.Deckow,Marguerite_Leffler,Accept
Sydnie,Clifton,Accept
Walton.Hegmann,Kenny,Request
Celestine_Weber,Deshaun,Request
Verona_Torphy,Dewitt.Cassin,Reject
Retta_Green,Tania_Konopelski,Reject
Jacinto_O'Kon,Sheila_Powlowski,Reject
Davon_Hudson,Ludie_Kovacek,Reject
Evans,Percival,Accept
Belle_Roob,Pat_Wiegand,Request
Lincoln.Pollich,Abe,Request
Eliza.Strosin,Durward_Dibbert,Reject
Corene,Santina,Reject
Michale.Reichert,Hayley_Monahan,Request
Kristy.Reinger,Cordia,Accept
Ruthe.Hackett,Judge.Kertzmann,Request
Abigayle_Sporer,Giovanna,Reject
Tyreek_Johnston,Grady,Reject
Montana.Volkman,Favian,Request
Emiliano_Wunsch,Treva,Accept
Talon.Lowe,Caden,Request
Terrill.Wilkinson,Laurence,Request
Parker,Newton_Connelly,Reject
Francis.Hahn,Golda_Schiller,Request
Percival_Effertz,Alexane,Accept
Devan.Beahan,Furman,Request
Elza_Blick,Jerel_Zieme,Request
Demond_Mosciski,Talon,Accept
Caesar_Sporer,Elmer_Kuhic,Accept
Cristobal.Schultz,Jeffery,Accept
Kirk_Kuphal,Amya.Wehner,Accept
Jamaal,Solon_Gottlieb,Request
Cheyenne.Ryan,Crystel_Schmeler,Reject
Ally_Hoeger,Martin,Request
Wayne_Kulas,Wilfred_Tremblay,Reject
Isaiah.Brekke,Khalil,Request
Ramona_Ernser,Kane_Cummings,Request
Lera,Brock_Marvin,Request
Eve.Bruen,Mohamed.Ryan,Request
Karli.Wehner,Gino,Accept
Rhiannon.Graham,Alverta,Reject
Herminia_Wiza,Imani_Gleason,Reject
Abner.Yost,Mireya,Accept
Rashad_Leannon,Felton_Torp,Accept
Murray.Weber,Athena,Request
Wilford.Grant,Delphine.Jacobson,Reject
Marina.Konopelski,Madelynn_Wiegand,Accept
Reilly.Goldner,Araceli_Schulist,Accept
Angela_Prosacco,Eve_Dach,Accept
Macy.Hoeger,Ona_Beier,Reject
Cassandra.Kunze,Raegan_Bergstrom,Request
Geoffrey.Bernhard,Shanna_Auer,Request
Lew.Bruen,Finn.Hane,Reject
Glen_Turner,Joesph.Hane,Reject
David.Ortiz,Arne,Accept
Mckayla_Legros,Gene.Runolfsdottir,Request
Jada_Hamill,Hillary.Stanton,Reject
Nayeli_Crist,Sean,Request
Jaclyn_Heathcote,Dina_Weissnat,Accept
Doris.Gusikowski,Chadd_Olson,Request
Clementine.Treutel,Lemuel,Accept
Ludwig.Hyatt,Eve,Request
Kieran_Gerlach,Tremaine_Lockman,Accept
Neoma.Morar,Claude.Powlowski,Accept
Dulce.Cartwright,Flossie.McLaughlin,Request
Tristian_Morar,Kaia,Reject
Ward_Bergstrom,Lennie,Accept
Gustave.Ullrich,Missouri_Schaden,Request
Alexis_Stanton,Tracey.Sawayn,Reject
Lysanne_Koch,Loyce_Bauch,Reject
Hobart.Kub,Keanu,Request
Leda.Dickens,Franz,Reject
Sterling_Bayer,Flossie.Green,Reject
Toney,Elsie,Accept
Lillie,Raphael_Kovacek,Accept
Leora,Destin_Collins,Accept
Stephany,Connie,Accept
Fausto,Nestor.Schuppe,Accept
Dangelo_Abshire,Salvatore,Accept
Vergie.Harris,Andres_Russel,Request
Harley.Heidenreich,Shanna_Mitchell,Accept
Irma_Harvey,Alaina.Nicolas,Accept
Sabryna.Kessler,Monroe,Request
Ewald_Bogan,Mary,Reject
Zane.Torp,Frida,Request
Dale_Jones,Jeff.Harris,Request
Shanelle,Zella,Reject
Yazmin_Rohan,Lucio,Accept
Bradley_Marquardt,Marta.Adams,Request
Nakia.Turcotte,Hyman_Wintheiser,Reject
Armani_Hauck,Unique.Bechtelar,Request
Edmund.Goldner,Randall.Steuber,Request
Katharina_Windler,Jacquelyn_Rice,Request
Ludie_Wiegand,Kiara.Cummerata,Reject
Afton.Mante,Stephen,Accept
Lewis_Ondricka,Greg,Request
Ora.Mosciski,Brock.Corkery,Request
Donnie,Laurine,Accept
Kristina_O'Reilly,Eveline,Accept
Brant_Wolf,Theo,Accept
Bernhard_Larson,Adrienne,Reject
Candelario_Robel,Mackenzie_Ziemann,Request
Ona.Grady,Sophie.Crist,Request
Cindy,Ezra_Rolfson,Request
Shannon.Champlin,Laurine.Trantow,Accept
Leola.Glover,Chet.Bradtke,Request
Billy_Thiel,Morton,Reject
Rogelio_McLaughlin,Javonte.Marquardt,Accept
Dexter_Friesen,Rickie,Reject
Jessika_McClure,Watson.Oberbrunner,Reject
Kris_Swaniawski,Karlie.Jewess,Accept
Bennett,Jerod,Request
Gaetano_Adams,Deshaun.Dooley,Request
Jacinthe.Stokes,Cleora_Reynolds,Reject
Clementina_Cummerata,Randi,Request
Thora_Weimann,Berry_Hilpert,Accept
Raquel_Parisian,Eileen_Jakubowski,Request
Marcos_Jacobs,Hanna.O'Hara,Request
Haley_Blick,Kacey,Request
Jamil.O'Conner,Ariel,Request
Reva_Kuhlman,Dustin,Accept
Enid.Weissnat,Cecilia.Lind,Reject
Rossie.Olson,Destiney,Reject
Teresa,Brooks,Reject
Wyman.Brekke,Dasia,Reject
Kylee.Frami,Trycia,Request
Jovanny.Crist,Allan,Request
Ladarius_Connelly,Vernice,Request
Estel.Jones,Annamarie,Accept
Dulce,Ettie_Rohan,Accept
Sammie.Klein,Tabitha,Reject
Damien_Mosciski,Chadrick.Beahan,Accept
Courtney.Borer,Carley.Aufderhar,Accept
Thomas_Mueller,Devan,Accept
Sylvester_Bauch,Dean_Quigley,Accept
Braden_Guªann,Annabel,Accept
Jany_Hane,Raquel,Request
Torrey.Stracke,Hipolito,Reject
Araceli_Dare,Sarai,Accept
Bartholome.Reilly,Rozella,Reject
Eli.Lehner,Harmon,Request
Marc.Ankunding,Effie_Schneider,Accept
Chelsie.Ondricka,Ezra.Reinger,Accept
Allene_Okuneva,Nyah.Roob,Accept
Adeline.Murphy,Jan,Reject
Korbin.Daugherty,Dorian,Reject
Annette.Fisher,Maeve,Accept
Norene.Crooks,Ellis,Reject
Aryanna.Lesch,Oran,Reject
Chelsie.Harªann,Dahlia_Strosin,Request
Aglae,Lane.Fay,Accept
Eric_Lakin,Lisandro,Request
Arden_Lesch,Courtney,Accept
Reina.Sanford,Daniela,Reject
Isabelle_Wehner,Jeromy,Accept
Tre.Prohaska,Emerson_Wehner,Reject
Lavern_Yundt,Dasia.Hand,Accept
Leonard.Leffler,Sammie_Howell,Request
Dawson_Brekke,Kayley,Reject
Valerie_Purdy,Riley_Shanahan,Accept
Leonel.Hagenes,Luigi.Jaskolski,Request
Dillan_Prohaska,Markus.Aufderhar,Accept
Lavina.Kuvalis,Mina_Huel,Accept
Raymond,Antonia,Request
Trycia.Lakin,Nikita,Accept
Mortimer_Boyle,Johathan,Request
Lessie_Baumbach,Maxime_Goldner,Reject
Pat_Wiegand,Jett_Walsh,Reject
Berenice.Lueilwitz,Cassandra,Request
Julio.Heidenreich,Carter.Douglas,Reject
Gerald.Hammes,Adell,Accept
Sylvester.Jakubowski,Maida,Request
Elian_Cassin,Marisol,Reject
Bert,Billie,Reject
Pietro_Carroll,Marco_Schumm,Request
Adam_Padberg,Ubaldo,Request
Lon_Blanda,Hayley,Request
Patrick_Vandervort,Efrain_Fisher,Reject
Edyth.Mosciski,Eunice,Reject
Florida.Emmerich,Sherwood,Request
Johnpaul_Yost,Vergie.Harris,Reject
Yesenia_Mertz,Litzy,Reject
Guy.Hahn,Alfonzo,Accept
Ike,Lisandro_Watsica,Accept
Bridget_Mann,Ted.Russel,Request
Heather,Maribel.Wisozk,Reject
Buford.Kris,June_Smitham,Request
Kristian.Franecki,Daryl.Carter,Accept
Terrell.Weimann,Foster.Gottlieb,Reject
Angel_Stiedemann,Ila.Ullrich,Reject
Diana_Kreiger,Murray_Ankunding,Reject
Leora.Leuschke,Jaylan,Reject
Zelma_Haley,Ahmed.Schulist,Accept
Leland,Myrtis_Ullrich,Request
Karelle.Yundt,Beryl_Watsica,Reject
Jaeden.Kuhn,Scottie_Davis,Reject
Meagan_Bauch,Sydnie.Larkin,Accept
Zoe_Bernier,Theron,Request
Timmothy_Ward,Alice_Tillman,Request
Ryleigh.Dare,Coleman,Reject
Jeanne.Mueller,Icie.Greenfelder,Request
Mandy_Green,Dakota,Reject
Reese_Hirthe,Evan,Accept
Eliseo_Baumbach,Joana,Accept
Joan,Aiden.Zieme,Reject
Nigel_Mitchell,Geoffrey.Hoppe,Accept
Deondre.Toy,Sebastian,Request
Erik_Deckow,Marilyne_Kutch,Reject
Tobin.Streich,Eloy_Lueilwitz,Accept
Talon_Kessler,Nathanial,Request
Karley.Herzog,Rosalinda,Accept
Marietta.Ortiz,Mckenna.Feest,Request
Vivienne_Pacocha,Kevin_Monahan,Request
Clementine.Fisher,Leopold,Reject
Newell_Baumbach,Jordy.Green,Request
Aiyana.Beatty,Jeanie,Accept
Lennie_Kreiger,Kennedy.Predovic,Reject
Lon_Thiel,Roman,Reject
Brenna,Betty,Accept
Bo_Smith,Emmet,Accept
Freda_Heidenreich,Angelina_Metz,Reject
Isabelle_Ortiz,Alison.Rogahn,Accept
Talon.Bernier,Britney,Accept
Kimberly.Anderson,Mercedes,Reject
Daryl.Miller,Jarrell,Reject
Greg.Kub,Philip,Accept
Ollie.Witting,Madison_Zboncak,Request
Martina.Corwin,Vita_Langosh,Accept
Monique_Schiller,Jennings_Lynch,Reject
Oleta.Pacocha,Lorine_Wilkinson,Accept
Julien_Stokes,Arvilla.Waelchi,Request
Liam_Carroll,Cleta,Request
Irving.Raynor,Rachael,Reject
Anna.Ziemann,Ray,Accept
Reva_Wuckert,Shane_Emard,Accept
Gracie.Torphy,Annabel_Harris,Accept
Cortez.Olson,Verla,Reject
Alysha.Morissette,Lempi_Torp,Reject
Queen.Cronin,Emely.Howell,Accept
Jennings.Pouros,Trenton.Wisozk,Accept
Aletha.Welch,Cordelia,Request
Jamir.Skiles,Zella.Goyette,Request
Branson_Boyle,Raphaelle.Yundt,Accept
Geovany.Swaniawski,Thurman,Accept
Sean.Hessel,Caleigh.Stehr,Request
Britney_Wehner,Felipe,Reject
Zachary_Christiansen,Russell_Hahn,Request
Evan,Angus,Reject
Neva.Kling,Delaney_Williamson,Reject
Beatrice_Dicki,Lindsay.Fay,Request
Trace.Kiehn,Taurean,Request
Broderick_Runte,Keon,Reject
Jane,Raina,Accept
Estefania_Metz,Riley_Shanahan,Reject
Braden.Kassulke,Giles,Request
Nova.Legros,Jude,Request
Lyric.Bechtelar,Art,Reject
Lincoln.Keebler,Garth.Swaniawski,Request
Aaron,Leilani,Request
Helmer_Wisoky,Dena,Request
Lee,Era_Stroman,Accept
Lucius_Hoeger,Maxine,Reject
Verner_Skiles,Marilyne,Reject
Imelda_Jacobs,Nat,Reject
Shane.Reichert,Jennie,Accept
Denis.Kuvalis,Kay,Request
Abbie.Orn,Hipolito.Schoen,Accept
Ewell_Grady,Jamarcus,Accept
Jeramie_Lehner,Travon.Barton,Request
Zane.Barton,Emile,Request
Marlen.Considine,Baron.Wyman,Reject
Violette_Simonis,Christy.Hyatt,Accept
Rosalia_Cole,Royal,Accept
Marilyne.Bergnaum,Brian,Reject
Jordyn_Muller,Delta,Reject
Adriel.Bechtelar,Laury.Schiller,Accept
Elizabeth.Moen,Raven,Reject
Kristin_Mitchell,Lionel,Reject
Emilie_Breitenberg,Jeramie,Request
Mauricio.DuBuque,Dock,Request
Efren.Okuneva,Payton,Request
Marjory_Ziemann,Teagan.McCullough,Accept
Freda,Adelia_Howell,Request
Thurman,Bella_Schuster,Accept
Desiree_Bergnaum,Brianne_Jacobson,Request
Michael_Botsford,Allene_Okuneva,Request
Freeman.Jacobs,Andreanne.Kunze,Accept
Gisselle.Medhurst,Abbie_Ratke,Reject
Kathlyn.Wisozk,Marlee.Koch,Request
Jamel.Feeney,Brooke_Casper,Request
Tabitha,Josianne,Reject
Major.Fadel,Narciso_Gusikowski,Request
Freddie_Hagenes,Jammie.Braun,Request
Verna_Renner,Catherine,Reject
Ellen.Wisoky,Nathen,Accept
Reid_Kreiger,Cecilia,Reject
Haley_Beahan,Lucius,Reject
Elenor.Schuster,Linwood,Accept
Quinn_Gottlieb,Gwendolyn,Request
Olga,Joy,Request
Fay_Reynolds,Wilbert.Fisher,Request
Raina,Lucio,Accept
Richmond.O'Conner,Magali,Reject
Cecilia.Nolan,Janiya,Request
Danial.Kilback,Dameon.Lockman,Request
Dax.Hilll,Jamir_Maggio,Request
Karson_Ankunding,Lowell_Bosco,Accept
Dustin_Koch,Spencer_Bahringer,Reject
Marlin_Bernhard,Clifford,Reject
Yvonne_Dooley,Millie_Watsica,Request
Flossie.Green,Jasmin.Kiehn,Reject
Alphonso,Ferne,Request
Robyn_Anderson,Harold.Morar,Reject
Autumn.Rau,Frederic_Wehner,Accept
Lorenz_Runte,Sonny_Ondricka,Accept
Rodrick_Bauch,Rigoberto,Request
Americo_Kihn,Amie,Accept
Jessyca_Dach,Jedediah_Mraz,Reject
Alverta_Stoltenberg,Maegan,Reject
Nelle_Ryan,Kameron,Reject
Nikko_Lynch,Name.Mueller,Accept
Gunner_Price,Jed.Berge,Request
Trey.Pouros,Eduardo.Rolfson,Request
Stevie_Batz,Kristofer_Schmidt,Request
Lucius.Farrell,Sandy_Abshire,Request
Julianne.Graham,Rodger,Reject
Reina_Stehr,Eunice_Schroeder,Reject
Hailee.Ortiz,Frieda,Accept
Violette_Boehm,Godfrey.Kuhn,Accept
Dandre.Gulgowski,Shanie.Langosh,Accept
Thora_Willms,Caesar.Medhurst,Request
Larry_Hoppe,Hoyt,Accept
Alan_Hyatt,Stefanie,Accept
Geovany.Legros,Kristoffer.Prosacco,Accept
Aiden,Jett,Reject
Orrin_Fahey,Nya,Accept
Meghan_Bogisich,Elinor,Reject
Dax_Murphy,Marjory_Fahey,Accept
Devin,Reilly.Nicolas,Reject
Marietta.Deckow,Ashlee,Reject
Adelia_Bogan,Daren,Reject
Vicente,Janet,Reject
Chandler.Wiza,Darrick,Reject
Molly.Rice,Judson,Reject
Willis.Runte,Mary_Klein,Request
Ima.Smitham,Abner,Request
Leo_Gleichner,Cara_Price,Reject
Mafalda.Herzog,Maxime.Dickinson,Reject
Gudrun_Heathcote,Gabrielle.Fay,Accept
Boris_Zieme,Brycen.Walker,Request
Darrick.Pollich,Herminia,Request
Scot.Pollich,Jasmin.Cormier,Request
Sienna,Martin,Accept
Bradly.Herzog,Sammy_Kautzer,Accept
Douglas_Stiedemann,Eliezer,Reject
Florian.Lemke,Estel_Casper,Accept
Corine_Krajcik,Hal.Wunsch,Accept
Lloyd.Gibson,Marcia,Reject
Angel_Wuckert,Leonora,Accept
Monserrate,Daisha,Reject
Marcia.Nikolaus,Janice_Wisoky,Accept
Ulises_Windler,Dovie,Accept
Maximillian.Marks,Samantha.O'Reilly,Accept
Keven.Schamberger,Edna,Accept
Julian.Johnston,Javon,Request
Efren_Gorczany,Alexanne.Yundt,Request
Ryley_Hamill,Thea,Accept
Angelina.Bartell,Mallie_Fahey,Reject
Lonnie.Harªann,Alexanne_Flatley,Request
Berry_Flatley,Milo,Accept
Lorena.Rippin,Stefanie,Accept
Kallie_Halvorson,Elna,Accept
Aliya.Hickle,Katrina,Request
Cassandra.Becker,Chaya,Accept
Lenny.Yost,Eula,Request
Lynn.Bechtelar,Mya_Mante,Request
Gina.Quigley,Lane,Accept
Jermain_Harris,Alvena,Request
Shany_Predovic,Maybelle,Reject
Bryon_Feil,Aglae_Streich,Accept
Otha.Dach,Guy.Schultz,Reject
Coby_Klein,Ellsworth_Nader,Reject
Sandy.Littel,Willow.Watsica,Request
Raven.Gleichner,Karine_Wolff,Accept
Burley,Ken,Accept
Julie,Joanne,Reject
Anahi,Janis,Request
Rasheed.Nicolas,Will,Request
Shakira_Torp,Itzel,Reject
Coleman_Heathcote,Alec_Effertz,Accept
Meagan_Keebler,Alden,Request
Lucie_Schimmel,Curt,Reject
Anastacio_Mraz,Nicola.McKenzie,Accept
Kelton.Schumm,Clair,Accept
Roy_Hills,Tom.Orn,Reject
Alexys,Cloyd.Heller,Accept
Adelia.Armstrong,Kailyn,Request
Alfredo_Hettinger,Bud_Wolff,Request
Alycia.Kuvalis,Rex,Reject
Kaya_Borer,Elna,Reject
Luella.Torp,Patience.Sauer,Reject
Chanel.Farrell,Chanelle.McCullough,Reject
Hallie.Watsica,Camryn_Emmerich,Reject
Jordyn.Dibbert,Zora,Request
Kristoffer_Moen,Suzanne_Nienow,Request
Harry_Bayer,Lyla,Request
Jewel_Rolfson,Elian,Accept
Janice.Wilderman,Johann,Accept
Julien,Monica_Muller,Reject
Oliver,Alicia,Accept
Quincy.Kub,Crystal.Torphy,Accept
Scotty,Sam_Eichmann,Request
Matilde_Russel,Emile,Reject
Helene_Blanda,Florian_Keebler,Reject
Xzavier_McGlynn,Retha,Accept
Tianna.Price,Althea_O'Hara,Request
Brooklyn_Stamm,Ollie.Witting,Reject
Jarrod.Kassulke,Theron.Mitchell,Request
Dan.Harris,Guillermo,Accept
Judy.Jaskolski,Kiana_Pfeffer,Accept
Lue,Kaylah_Lindgren,Request
Geovanni.McGlynn,Monte,Request
Zechariah_Homenick,Ozella,Reject
Amalia.Bailey,Belle,Request
Aaron.Emmerich,Corine,Reject
Ike_Carter,Nettie.Daniel,Accept
Lexus.Hintz,Porter.Sipes,Reject
Kianna,Sallie.Cormier,Reject
Margarete_Shanahan,Domenica,Request
Danny.Collins,Emelie,Request
Lon.Will,Rollin_Zboncak,Reject
Aliza.Emard,Hector,Request
Gage_Weber,Blaze_Kemmer,Reject
Jacinthe,Finn,Request
Perry_Mayer,Lorena,Request
Imani.Rath,Rubie,Request
Caitlyn.Bashirian,Holly,Accept
Lonny.Schimmel,Green,Accept
Katharina.Connelly,Elizabeth_Upton,Reject
Casandra,Rosamond.Krajcik,Reject
Berniece.Hyatt,Zackery,Reject
Kamille_Oberbrunner,Brendan_Russel,Accept
Oleta_Ernser,Erica.Wunsch,Reject
Corrine_Lynch,Newell_Connelly,Request
Danika.Kertzmann,Austyn,Accept
Dolly.Padberg,Muriel,Request
Mallory.Smitham,Haleigh,Reject
Kelli.Gottlieb,Cale.Lubowitz,Reject
Harmony.Pagac,Osbaldo,Accept
Doug_Murazik,Eduardo,Reject
Toney.Gusikowski,Edwina_Kuhn,Reject
Domenic.Shields,Verner,Reject
Deion_Schowalter,Destany,Accept
Shirley_Spencer,Maxime_Zemlak,Reject
Deion,Ellis,Reject
Garnet.Lehner,Kareem,Accept
Dorcas_Mayert,Janet,Request
Ethyl,Damion_Barrows,Reject
Erika_McGlynn,Kellen,Reject
Emmet_Ferry,Lonzo,Accept
Baylee.Waelchi,Frank,Accept
Osbaldo.West,Fay.Homenick,Request
Alex.Stokes,Vladimir.Ziemann,Accept
Sonny.Emmerich,Assunta_Lebsack,Reject
Alexie.Reichel,Roberto,Accept
Elsie_Hoppe,Savanna,Accept
Jodie_Kemmer,Emil,Reject
Destiny.Schaden,Caterina,Reject
Nathan_Koepp,Madelynn.Hauck,Accept
Austyn_Kub,Herminio_Rempel,Reject
Johnpaul_Hintz,Emery,Reject
Brooke_Casper,Kayli,Reject
Shaina,Ramona_Ledner,Request
Brandt,Kim_Botsford,Reject
Taylor_Gaylord,Lazaro,Reject
Price.Grady,Sage.Collier,Reject
Lorenzo.Bartoletti,Abbey,Request
Maria_Abshire,Emmy,Request
Camila_Williamson,Katarina_GuÂªann,Accept
Jada.Kovacek,Everette,Reject
Waylon.Daugherty,Nathanael,Accept
Antwon.Feest,Kane.O'Conner,Accept
Georgiana.Eichmann,Estella_Hirthe,Accept
Halle_West,Lavern,Reject
Devan_Huels,Marty.Bradtke,Reject
Nella_Zemlak,Wanda.Lemke,Request
Cali_Hoppe,Kevon,Request
Nona.Stiedemann,Christina_D'Amore,Request
Doug_Schuppe,Keith,Reject
Karli_Schmidt,Salvatore,Accept
Benton.Sawayn,Eloisa,Reject
Verner_Wiegand,Brannon_Kautzer,Request
Ellsworth.Lowe,Lyda_Walsh,Accept
Reynold_Schulist,Ora_Hettinger,Accept
Deron_Yost,Myra,Accept
Roma.Hintz,Mariam,Accept
Carli_Green,Billie.Rice,Request
Sid_Osinski,Mayra_Williamson,Request
Rita.Braun,Emelia.Mitchell,Accept
Jerrold_Jaskolski,Concepcion.White,Reject
Xzavier_Balistreri,Heidi,Accept
Brenna_Yost,Percy.Klein,Reject
Gilbert_Brown,Wilfrid_Romaguera,Request
Dave.Tillman,Tommie,Reject
Earline_Nolan,Fay.Smitham,Reject
Daphnee_Crooks,Wendell.Medhurst,Reject
Hermann_Sipes,Caitlyn.Bashirian,Accept
Darrel_Jerde,Cesar.Hansen,Reject
Damian_Stiedemann,Eugenia,Reject
Sean_Donnelly,Fae,Accept
Baron.Muller,Willy,Accept
Zoila_Green,Mavis,Accept
Ryder.Jacobi,Loma,Reject
Hoyt_Lesch,Mohammed_Toy,Reject
Dorothea_Monahan,Madge.Hansen,Accept
Amelie_Cummerata,Kevon,Accept
Cleveland_Rice,Coby_Weimann,Reject
Laverne_Gusikowski,Hal,Accept
Anita_Rempel,Jodie_Rosenbaum,Request
Brando.Wiza,Shania,Accept
Rosalee.Waelchi,Franz,Request
Kade_Corkery,Julianne,Reject
Karine_Kuhn,Morgan,Accept
Maribel_Medhurst,Amari_Wiegand,Request
Nellie_Herman,Erwin,Reject
Felicita_Legros,Anibal_Konopelski,Reject
Rahul_Waelchi,Roma,Reject
Crystal.Bartoletti,Trever_Tillman,Request
Berniece_Mertz,Marisol,Accept
Destin.Schinner,Abigail_Jacobson,Request
Amani.Stracke,Lilla_Hayes,Request
Frances.Konopelski,Abe,Request
Leslie.Shanahan,Corbin.Prohaska,Request
Blair_Bode,Eloise_Harvey,Request
Marquise.Thiel,Mara.Franecki,Request
Donna_Kemmer,Kenny_Kirlin,Request
Brianne_Jacobson,Gardner_Spinka,Accept
Vickie_Gerhold,Holden,Reject
Winston.Grady,Alberto,Reject
Napoleon_Ankunding,Kenny,Request
Alejandra_Gibson,Elta,Request
Marion,Meghan_Mraz,Request
Raymundo.Reichert,Janelle,Accept
Florian.Johns,Tyra.Donnelly,Reject
Dandre_Romaguera,Dallas,Request
Celia,Adaline,Accept
Jany_Jewess,Earl_Connelly,Accept
Elwin_Towne,Aliza_Mitchell,Accept
Grover_Shields,Katheryn_Medhurst,Reject
Makenzie.Parisian,Vivien_Greenholt,Accept
Albina.Morissette,Triston.Pacocha,Reject
Jaida_Bartell,Kiley,Accept
Mertie_O'Reilly,Franz_Prosacco,Request
Janelle_Schoen,Aida,Request
Madelynn_Yundt,Eliseo,Accept
Marilie,Alba,Request
Litzy_Morissette,Rogers,Request
Karli_Auer,Ashly,Request
Alfonzo.Feest,Gayle.Rau,Accept
Isabella_Tremblay,Minerva.Kautzer,Reject
Loyal_Parker,Nicholas,Accept
Gregory,Lupe_Williamson,Accept
Isabella_Simonis,Narciso_Gusikowski,Reject
Ella_Cronin,Koby,Accept
Oswaldo.Shields,Phoebe_Koch,Request
Felipa_Bechtelar,Dax_Kunde,Accept
Milan_Romaguera,Shanel.Brakus,Request
Trevion_Miller,Brown,Reject
Gilberto,Bernhard_Lehner,Reject
Pietro.Macejkovic,Alfonzo.HarÂªann,Accept
Colin.Kunde,Jared,Reject
Diamond_Dickinson,Dedric,Reject
Domenica_Murphy,Amaya_Bernhard,Reject
Ulices_Fay,Caroline,Accept
Milton.Gutkowski,Humberto.Kiehn,Request
Norbert.Ankunding,Annamarie,Accept
Marianna_Mertz,Margarita,Accept
Norval_Stokes,Elisabeth_Abshire,Request
Elmore_Effertz,Ubaldo,Request
Virgie_Borer,Maiya.Pfeffer,Request
Clovis,Shemar.Kautzer,Reject
Erica_Daniel,Randal,Accept
Elijah_Runolfsdottir,Kiera_Ziemann,Request
Ofelia.McDermott,Vickie.Cassin,Reject
Filiberto_Murphy,Maggie_Hilll,Reject
Alexie_Langosh,Tobin.Streich,Request
Jeffery.Schulist,Marques_Monahan,Accept
Kavon_Lebsack,Dakota,Reject
Rosalinda_Bartell,Hadley,Reject
Weldon.Russel,Dell,Accept
Turner,Shayna,Accept
Heidi.Veum,Sandra,Request
Jeanie.Wilkinson,Destiny.Walter,Reject
Genesis_Bailey,River.Brekke,Accept
Reyna_Rowe,Clifton,Request
Alaina_Grady,Everette,Request
Elizabeth_Borer,Lucinda.Stiedemann,Reject
Terence_Mraz,Betty_Waelchi,Reject
Emerald.Renner,Jefferey_Murazik,Request
Cecilia.Crona,Dayton,Reject
Chauncey.Ryan,Nya,Request
Karl,Fletcher,Request
Caleigh.Stehr,Reginald_Hilll,Request
Ramona_Romaguera,Bud,Request
Minerva_Dietrich,Dan_McKenzie,Request
Kassandra.Goyette,Alaina,Accept
Russell_Hahn,Toney.Bogisich,Request
Emmy.Ebert,Myles,Request
Alvera_Bosco,Domenic,Request
Cletus_McKenzie,Alexzander,Reject
Monserrat_VonRueden,Caitlyn,Reject
Eleonore.Kris,Kylie,Accept
Rahsaan.Medhurst,Maryam,Accept
Rickey.Olson,Johnny,Accept
Kay.Runte,Lexi,Request
Nora,Guillermo,Reject
Estevan.Maggio,Ted,Reject
Barton.West,Alberto,Accept
Anita.Paucek,Owen,Reject
Tiffany_McCullough,Zora,Accept
Bette_Maggio,Pauline,Request
Elisha_Volkman,Ryann,Reject
Hollie.Hammes,Joey,Accept
Sharon.Altenwerth,Jesse,Accept
Erich.Murphy,Mariana.Miller,Accept
Karine_Wolff,Lamont.Johns,Accept
Emmie.Barrows,Dakota,Accept
Krystel.Purdy,Eulalia,Reject
Ashtyn.Rowe,Weston.Shields,Request
Laila_McDermott,Kacie.Kozey,Reject
Sherman.Wiegand,Nayeli_Lubowitz,Reject
Jefferey.Dicki,Mireya,Request
Kamren_Roberts,Stephany_Bednar,Request
Jairo.Oberbrunner,Bette_Thiel,Request
Rosalind.Tremblay,Deven_Jacobson,Reject
Randy,Chanel,Accept
Tate.Kuhlman,Laurie,Reject
Jamarcus.Beahan,Fabiola.Wilkinson,Reject
Albina_Turcotte,Norberto.Schowalter,Request
Alberta.Morar,Trycia,Reject
Delilah.Heidenreich,Gerda,Accept
Camren.Kessler,Grace,Accept
Ambrose_Daniel,Lawrence_Rau,Request
Maud.Nienow,Kyleigh_Grimes,Reject
Jarvis.Bashirian,Ofelia,Accept
Jannie.Gibson,Emily,Accept
Carmine.Weimann,Carey.Zieme,Reject
Clementine_Hoppe,Merlin,Accept
Coby_Weimann,Myles,Accept
Michel_Bayer,Roberto_Kautzer,Reject
Micaela.Littel,Rachelle.Ziemann,Reject
Megane_Smith,Maia_Baumbach,Request
Kaden_Senger,Kavon.Breitenberg,Request
Aiyana.Brown,Clemmie,Request
Wilton.Stanton,Erick,Reject
Dulce_Davis,Veronica.Schneider,Reject
Marcos.Larkin,Eulalia,Accept
Chandler.Reynolds,Taryn,Accept
Vinnie.Mills,Modesta.Von,Reject
Shanelle.Hammes,Julio_Kunde,Reject
Nia.Tremblay,Burdette.Leuschke,Accept
Ethelyn.Bashirian,Jany,Accept
Christiana.Reilly,Jamil_Flatley,Reject
Elinor_Swift,Ethelyn_Gulgowski,Reject
Jamar_Fahey,Shaina.Kovacek,Request
Aryanna,Donna,Reject
Brock_Emard,Cora_Tillman,Reject
Daryl.Quitzon,Thomas,Request
Gilda,Annamae,Reject
Ardith.Zulauf,Brooklyn_Schinner,Request
Jabari_Cummings,Monique.Schamberger,Reject
Lulu.Deckow,Humberto_Sanford,Request
Patrick_Wunsch,Alana_Kuvalis,Request
Charity_Turcotte,Pietro,Accept
Laurel.Friesen,Stuart_Bruen,Request
Erna.Rowe,Emery,Reject
Hortense.Olson,Brennan_Beier,Request
Larissa.Gleichner,Lincoln,Accept
Margot.Kris,Palma_Bradtke,Accept
Javier,Joany,Accept
Josiane.Pfeffer,Jaron.Muller,Reject
Annalise_Jaskolski,Leopold,Reject
Eloy_Lueilwitz,Shanie.Sporer,Request
Graham.Kuhic,Brianne.Bradtke,Accept
Kathryn.McClure,Lue,Accept
Rickie_Kshlerin,Jules,Accept
Jermey_Von,Julie_O'Conner,Request
Madyson.Luettgen,Neva_Carter,Accept
Lyla_Zieme,Tatum,Request
Nils_Torp,Ceasar.Schuster,Request
Greg.O'Reilly,Kyleigh.Beier,Accept
Glenna_Toy,Tessie,Accept
Jan.Pagac,Lyla,Request
Shyanne.Walter,Katlyn_Abshire,Accept
Karina.O'Kon,Magali.Reilly,Accept
Lucienne.Cremin,Sonny,Request
Jordi.Sipes,Nikko_Dooley,Accept
Deon_Hills,Micaela,Request
Rose_Abernathy,Salvatore_Langosh,Reject
Daniella_Harvey,Shakira,Accept
Rhianna.Batz,Duncan_Turner,Reject
Johanna_Willms,Judson_Schulist,Reject
Vita_Langosh,Antwon,Reject
Bernadette_Bayer,Cathrine.Adams,Request
Dahlia.Carroll,Lon,Request
Dolly_Ratke,Kendrick.Von,Accept
Winston,Vince_Homenick,Accept
Theron.Homenick,Ernesto,Accept
Peter.Larkin,Samara.Schroeder,Accept
Keagan.Kuhic,Hayden_Johnston,Reject
Daren_White,Kaylee.Schuster,Request
Tyrell_Heidenreich,Jackeline_Harris,Request
Nelle,Tracey.Macejkovic,Request
Nathaniel.Hessel,Randall.Kshlerin,Reject
Amina_Cummerata,Morgan_Moen,Accept
Joseph_Effertz,Patricia_Barton,Request
Margaretta,Edgar.Kuphal,Reject
Mariah.Lebsack,Harmony,Request
Cyril.Kautzer,Janie,Reject
Hudson.Moore,Hadley,Reject
Clifton.Kirlin,Brad,Accept
Marcel_O'Connell,Rosalind,Request
Vesta.Welch,Noe.Fisher,Accept
Isom.Carroll,Lysanne,Accept
Elinore_Strosin,Malinda_Koss,Request
Harmony.Jerde,Israel,Request
Kaia.Bechtelar,Orland,Accept
Caroline,Guido.Boyer,Request
Kurt.Cummings,Sanford.Macejkovic,Accept
Emiliano,Alan.Pollich,Accept
Hillard_Sanford,Johann.Cremin,Request
Trever_Tillman,Esperanza,Accept
Orval_D'Amore,Molly,Reject
Marjory_Greenholt,Aliza,Request
Elna_Greenfelder,Reece_Brakus,Request
Matilde_Becker,Renee_Renner,Request
Preston.Pacocha,Seth,Request
Werner.Homenick,Kaylee,Accept
Fausto_Ankunding,Cullen.Block,Reject
Jamar.Gusikowski,Hassie,Accept
Milo.Runolfsson,Eli,Request
Wilfrid_Romaguera,Alexa,Request
Maegan_Swift,Crystel.Runte,Request
Mina_Huel,Laurie,Request
Etha.Schumm,Justina.Torphy,Request
Maximillian.Ratke,Amely.Hyatt,Reject
Amira.Nikolaus,Dianna_Armstrong,Reject
Isai.Schultz,Frieda,Reject
Efren.Stokes,Gerard,Accept
Hattie_Moen,Kieran.Harvey,Request
Liza.Heidenreich,Nedra.Eichmann,Accept
Marty_Hirthe,Raven,Request
Lawson_Harvey,Krista.Runte,Accept
Brianne.Zemlak,Walker_Funk,Request
Nella.Rau,Keanu,Reject
Lorena.Turner,Katrina,Accept
Loyal_Bosco,Daron,Reject
Ivah.Lind,Kaela.Schuppe,Reject
Stephanie_Goodwin,Cheyanne,Request
Shyanne.Crona,Victoria_Paucek,Request
Buddy_Farrell,Ole,Reject
Flossie_Vandervort,Muriel.Hegmann,Reject
Mac.Grady,Jedidiah,Reject
Magnolia_Pacocha,Jasper.Bednar,Reject
Kolby.Bartell,Rocky,Reject
Krystal_Kling,Maia,Reject
Bennie.Cummings,Micheal.Keeling,Accept
Dave.Ryan,Darrel.Bartell,Reject
Garrett.Mayert,Kim,Reject
Darlene,Sabina,Request
Jerel.Stokes,Camryn,Request
Alexandre.Okuneva,Katelyn,Accept
Kelton.Keebler,Mortimer_Wolff,Request
Dolly_Dare,Ellie,Request
Howard.Botsford,Cassie.Schoen,Reject
Lottie_Hegmann,Tyrese,Reject
Keshawn,Nicholaus_Ullrich,Accept
Malachi_Dibbert,Nick,Reject
Luigi.Huel,Enid,Reject
Angus_Reinger,Nikki,Request
Ezra_Rogahn,Hayley.Farrell,Reject
Jasper.Bednar,Cleta,Reject
Jarrett.Gleichner,Benjamin.Mills,Request
Hilario.Pouros,Gus,Accept
Domingo_Cronin,Demarco_Kerluke,Accept
Jordane,Erin.Orn,Accept
Maude_Eichmann,Shemar.Funk,Request
Eleanore_Jacobs,Vicente,Reject
Dashawn,Reed_Cruickshank,Request
Savanah,Mike,Accept
Darrin.Oberbrunner,Edwina.Goodwin,Request
Gerry_Bartell,Zelma.Kemmer,Reject
Valentin.Schinner,Leopold,Reject
Xzavier,Iliana_Ruecker,Accept
Michele.Gislason,Rollin,Accept
Hortense,Dexter.Kuphal,Request
Hester,Odell_Nolan,Request
Maribel_Corwin,Lisa,Request
Nyasia_Lowe,Esmeralda_Bednar,Reject
Paige,Shaniya_Shields,Request
Abby.Hauck,Tia,Accept
Hector,Tess.Walter,Accept
Arno.Ryan,Roel.Runolfsdottir,Accept
Tobin.Cruickshank,Ericka,Accept
Amara.Zulauf,Clemmie,Request
Lukas_Ortiz,Makayla.Sanford,Reject
Kareem.Littel,Cortez.Hilll,Reject
Dannie.Ward,Erwin.Wilderman,Reject
Tito,Adrianna,Request
Raymond_Kautzer,Ophelia,Accept
Miracle,Sydni,Request
Cora,Javonte_Feeney,Accept
Christina_Lemke,Myles,Accept
Emery_Kautzer,Rico_Lindgren,Request
Rosamond.Batz,Clifton.Robel,Accept
Lenore.Feeney,Arjun,Reject
Gaylord.Kutch,Dylan,Accept
Karina.Larson,Phyllis,Accept
Salvatore_Grimes,Rosie,Request
Kathlyn_Kunde,Kaylie,Reject
Cecelia.DuBuque,Martine,Reject
Bessie.Bergnaum,Gianni_Labadie,Request
Amelia.Feeney,Matilda_Labadie,Request
Jerel.Cummerata,Mauricio,Reject
Taya,Stacey,Request
Brandon,Loyce_Purdy,Request
Amaya.Boyer,Geovany_Leuschke,Accept
Rogers_Conn,Hallie.Schaden,Request
Matteo,Arturo,Accept
Rogelio.Feest,Annie,Accept
Demond_Veum,Tyrell,Accept
Ozella.Dietrich,Torey.Weissnat,Reject
John_Lueilwitz,Louie.Miller,Accept
Gunnar_Runolfsson,Verda,Accept
Rico_Kuphal,Milford,Request
Emerson.Wilderman,Kiera_GuÂªann,Reject
Hester.Nienow,Annabel_Schimmel,Reject
Hannah.Pfeffer,Opal,Request
Katlyn.Langworth,Guy.Kris,Reject
Patricia_Pouros,Kristofer,Reject
Candida_Lockman,Blaze,Accept
Berniece_Toy,Hal.Deckow,Request
Nettie_Armstrong,Johnpaul_Yost,Accept
Halie.Howe,Deontae.Weber,Request
Kameron.Heller,Holden,Reject
Hailee.Marks,Calista,Accept
Maye.Lindgren,Juanita_Tillman,Accept
Colt,Maegan_Purdy,Reject
Nico.Heaney,Adrienne,Request
Reese_McCullough,Raphael_Aufderhar,Request
Chyna.Bednar,Payton,Request
Marcia,Keanu,Accept
Jaycee_Tillman,Vita.Beer,Accept
Stephany.Koelpin,Ressie.Schaden,Request
Sally_Feil,Carolyn.Hilpert,Reject
Scottie_Stamm,Meaghan,Reject
Aylin,Aron,Reject
Alfreda.Deckow,Desiree.Farrell,Request
Maymie_Littel,Conor.Kihn,Accept
Dorris,Elvis,Request
Delaney.Ondricka,Kristofer,Reject
Leo_Lakin,Lemuel.Schowalter,Accept
Name_Murray,Savanna_Boyle,Reject
Eino.Schmeler,Rosendo.Graham,Request
Tobin.Waters,Cyrus.Reilly,Accept
General_Price,Iliana_Ruecker,Reject
Adell,Myrl.Armstrong,Accept
Lorenz_Dietrich,Richard.Auer,Request
Stacey,Kelley.Lakin,Reject
Terrence.Volkman,Carlee_Farrell,Reject
Guiseppe.Johnston,Virgie_Heller,Accept
Julius.Funk,Ryleigh,Request
Eileen_Padberg,Carley,Reject
Kristoffer.Prosacco,Keira.Jenkins,Accept
Conor.Lebsack,Rickey_Lehner,Accept
Dianna.Padberg,Amaya_O'Keefe,Request
Caesar.Wisoky,Mac,Accept
Casper.Douglas,Liza,Reject
Kaleigh_Mosciski,Newton.Hettinger,Reject
Esteban_Pfeffer,Addie,Request
Barry.Bosco,Sophia,Request
Vivianne.Hilpert,Dasia,Reject
Janice_Johnston,Marc,Accept
Priscilla_Rice,Deonte,Request
Jadon_Wiegand,Kyler.Rodriguez,Reject
Zoie.Kessler,Letha,Accept
Herminio.Bechtelar,Alphonso,Reject
Cleora.Johnston,Lloyd.Schmidt,Accept
Tomasa.Dare,Estella,Request
Tianna.Abernathy,Elroy,Reject
Miguel,Marco.Bernier,Reject
Hazle.Ankunding,Nona,Reject
Aron_Bode,Columbus,Reject
Savanah_Bruen,Foster_Kovacek,Request
Malika.Eichmann,Yazmin_Waelchi,Accept
Harmony_VonRueden,Kendra,Reject
Trace.Zemlak,Soledad.Mante,Accept
Claudia.Dickinson,Mariah,Request
Kadin_Crooks,Cortez_Wuckert,Reject
Abbey,Maynard_Koch,Request
June_Hodkiewicz,Jerod_Emard,Reject
Marcellus.Lowe,Billie,Reject
Triston_Fadel,Madie,Request
Jackeline.Vandervort,Golden,Reject
Lexie.Rath,Hayley_Hills,Accept
Isom.Dietrich,Jody,Request
Chasity_Wunsch,Dixie,Request
Griffin_Reilly,Alex,Request
Salvador.Maggio,Norris.Veum,Reject
Garret.Abernathy,Norene,Reject
Kirstin_Conroy,Russell_Franecki,Accept
Jorge.Gorczany,Corbin,Accept
Adolfo.Will,Domenic,Reject
Jimmie.Nicolas,Rickey,Accept
Celia.Jacobson,Marilyne.Roob,Accept
Genoveva_Abbott,Adrain,Accept
Kelsi.Prosacco,Meghan_Mraz,Request
Garrett.Barton,Karl,Request
Sigrid.Schmeler,Elza_Blick,Reject
Zane.Weimann,Adriana,Request
Elian_Rolfson,Peggie.Jacobi,Request
Elenora_Ward,Novella,Request
Maximilian.Schuppe,Daniela_Gerlach,Reject
Reed_Marks,Chester_Weber,Accept
Kenton.Tromp,Steve.Rohan,Accept
Kaley.Reilly,Elyse,Request
Ruth_Jewess,Christa.Miller,Request
Guy,Josefina_Kunze,Accept
Giovanna_Price,Mellie_Wolf,Accept
Lizzie_Wilderman,Lexie.Schmitt,Reject
Brigitte.Jewess,Cydney,Accept
Britney.Roob,Howard.Kiehn,Accept
Velda_Gorczany,Dandre,Reject
Georgiana,Jairo,Accept
Jonathon_Marquardt,Jayden.Wuckert,Reject
Vanessa_Cruickshank,Oscar,Reject
Grayce.Schmeler,Catherine_Bailey,Request
Viola.Greenholt,Frances,Accept
Elwyn_Ferry,Lexi,Accept
Lia_Bartoletti,Chelsea_Howell,Accept
Alessandra.VonRueden,Cali_Hoppe,Reject
Kelsi.Moen,Araceli_Zulauf,Request
Zelda_Cassin,Jana_Bradtke,Accept
Savanna.Lang,Helen,Request
Lenny.Beer,Adelia_Bogan,Accept
Landen.Schultz,Beaulah.Kutch,Accept
Lonzo.Crooks,Arne_Hauck,Accept
Kennith_Nicolas,Brandon,Reject
Fay_Bogan,Adalberto.Farrell,Request
Colleen,Mina,Accept
Stone.Wintheiser,Hortense.Olson,Reject
Johathan_Von,Norbert,Reject
Delores_Stroman,Isadore,Request
Lourdes.Terry,Berneice_Johnson,Accept
Savanah_Hudson,Deshawn,Accept
Rosie.Stamm,Imani,Request
Thomas.Pollich,Julio_Kunde,Accept
Rhianna_Stehr,Rhianna,Reject
Desiree.Boehm,Vernice_Weimann,Request
Aliyah.Bogisich,Zachary_Kemmer,Accept
Orie_Kihn,Monserrat,Accept
Cecelia_Toy,Cynthia,Request
Alize_Price,Phoebe_Kemmer,Reject
Carmella_Klocko,Kathlyn,Accept
Toney.Heidenreich,Gianni.Prosacco,Reject
Xavier_Schaden,Lelah,Reject
Conor_Flatley,Juanita,Request
Macie_Turner,Lafayette_Ebert,Reject
Gene_Russel,Elenor.Walker,Request
Pansy.O'Reilly,Rey,Request
Greg,Consuelo.Marvin,Accept
Maritza.McGlynn,Georgiana,Request
Name.Kuhic,Kristoffer.Koelpin,Request
Esperanza.Nader,Otho_O'Keefe,Accept
Hans_Rohan,Bertha_Nienow,Request
Emile.Waters,Monserrate_Cummerata,Reject
Elroy_Tillman,Jaylan_Bogisich,Request
Maymie.Goldner,Adan.Daniel,Reject
Nona.Batz,Cydney,Accept
Willard_Adams,Edmund,Reject
Judge.Kub,Jeramie,Accept
Noelia_VonRueden,Clarissa_Farrell,Accept
Jerome.Ratke,Simone.Lehner,Reject
Percival.Kunde,Ellsworth,Request
Piper_Leffler,Burnice,Request
Evie_Mueller,Elroy,Reject
Pearline_O'Reilly,Jamaal_Sanford,Request
Lew.Koelpin,Wayne,Request
Tomas.Blick,Ayden,Accept
Jasmin,Karen.Boehm,Request
Gertrude_Carter,Urban,Request
Theresa_Streich,Rhiannon,Reject
Dayton.Runolfsdottir,Graciela_Wisoky,Request
Theresa.Champlin,Israel,Reject
Vernice_Sawayn,Armando,Reject
Mossie_Effertz,Brenna.Witting,Request
Camila_Hilll,Jody,Reject
Hilda_Okuneva,Roscoe,Accept
Rosemary.Rice,Amaya.Boyer,Accept
Jermey,Alexane.Walsh,Request
Guiseppe,Retta,Accept
Eliza_Brown,Rodrick.Reichel,Accept
Serena_Herzog,Darron,Accept
Merlin_Mann,Margarett,Request
Kevon.Jenkins,Mertie,Reject
Rory_Schmitt,Werner,Accept
Althea_O'Hara,Mohamed_Ledner,Request
Sammy.Mante,Vada,Accept
Shanon.Grady,Madison.Hansen,Request
Nick.Heathcote,Marie_Sipes,Accept
Luis_Ortiz,Clementina,Accept
Amara_Aufderhar,Jamey,Accept
Josefina_Nienow,Aric.Mayert,Request
Nona_Hauck,Barrett,Reject
Florida_Stiedemann,Anjali,Request
Lupe.Corwin,Kim,Reject
Amelia,Mariah,Accept
Pascale.Altenwerth,Amos.O'Kon,Accept
Eriberto.Schamberger,Merlin_Moore,Request
Justice_Bosco,Lura_Shields,Reject
Serenity_Kuhn,August,Request
Cleveland.Casper,Neoma.Lehner,Request
Aileen_Buckridge,Burdette,Accept
Kamron_Gerlach,Octavia_Parisian,Accept
Haylee.Walsh,Aron,Accept
Naomie.Crooks,Trevion,Reject
Rowan.Koelpin,Horacio.Crooks,Reject
Angel_Price,Benton.Sawayn,Request
Lessie.Zulauf,Will_Ullrich,Accept
Miller_Schowalter,Martine,Reject
Spencer_Torphy,Alexandro,Request
Isom_Cole,Kayli.Cartwright,Request
Blair_Weissnat,Mellie,Reject
Dewayne.Waters,Eloisa,Request
Lorena,Edison,Accept
Olen_Rowe,Alexa,Request
Claudine_Trantow,Roberta.Keeling,Reject
Bettie_Boyer,Frieda,Request
Neha.Kreiger,Myrtle,Request
Rossie.Thiel,Verona.Rolfson,Accept
Trinity.Block,Alba,Accept
Aaliyah,Lilliana,Request
Hallie_Ritchie,Elwin,Accept
Edgardo_Daugherty,Zena,Accept
Jerad.Wehner,Jovan_Roberts,Reject
Lonny.Gerlach,Chester.Collier,Request
Jennie.Guªann,Milo,Request
Claire_Erdman,King_Larkin,Accept
Margaretta.Heathcote,Bettie_Boyer,Request
Janick_Towne,Zakary,Request
Laverna_Balistreri,Roderick,Request
Zelda_Kassulke,Rodrick,Reject
Velma_Bradtke,Weston_Kshlerin,Request
Helena_Jacobi,Emerson,Accept
Rae.Bode,Aliya,Reject
Rory_Grant,Guido_Quigley,Request
Cierra_Hintz,Dina,Accept
Arianna.Ryan,Nestor,Request
Ryleigh_Rice,Cullen.Block,Reject
Myron.Deckow,Cielo_Hackett,Request
Hayden.Friesen,Cruz.Stoltenberg,Request
Camryn_Emmerich,Elenora,Accept
Iliana,Jevon.Windler,Accept
Cole_Bashirian,Juvenal.Schinner,Request
Velva.Ortiz,Hayley,Accept
Brandyn_Hoppe,Cydney,Accept
Jena_Rau,Thelma,Reject
Tad.Anderson,Joany.Hodkiewicz,Accept
Camron.Mitchell,Santiago,Request
Guillermo.Hand,Laura,Reject
Garland_Powlowski,Davon_Schulist,Request
Pearline,Kobe,Reject
Ramona_Kemmer,Verna,Request
Candelario.Gislason,Tessie,Accept
Pierce_Cummerata,Rodger_Reynolds,Reject
Estrella_Fahey,Alvis_Schimmel,Accept
Jamar_Mohr,Sage,Request
Davin,Noble,Accept
Beau.Toy,Aurelia.Jacobson,Accept
Eloy.Runolfsdottir,Erika,Accept
Yesenia_Kohler,Helena,Reject
Kobe.Osinski,Thomas_Rosenbaum,Accept
Abbie_Ratke,Enos,Accept
Yasmeen.Kovacek,Matilde,Reject
Randal_Morar,Genoveva,Accept
Betty.Greenholt,Rocky,Accept
Jerome,Coby,Accept
Eda.Bashirian,Nigel_Mann,Reject
Tomas,Corene,Accept
Wilfredo.Mills,Delfina_Smitham,Reject
Claudine_Kuhn,Deshaun.Brown,Accept
Alysa.Bednar,Casey_Streich,Request
Albertha_Turner,Andy_Corkery,Accept
Vincent,Maymie.Goldner,Reject
Onie_Crooks,Lafayette,Request
Isabel.Herzog,Angelita,Reject
Gonzalo_Cassin,Weldon,Reject
Shana_Runolfsson,Quincy.Ortiz,Reject
Jadon_Zulauf,Newell,Reject
Kristina,Nyah,Accept
Augustine_Dibbert,Quincy,Accept
Titus_Walter,Johnny,Reject
Izabella_Heathcote,Timmothy_Dickens,Accept
Amos_Strosin,Mavis.Barton,Accept
Dianna.Ledner,Cydney,Request
Hugh_Jenkins,Caleigh,Reject
Sylvester,Reggie,Accept
Verlie_Balistreri,Vincent_Monahan,Accept
Libbie_Weber,Tristian.Aufderhar,Request
Laurel.Cormier,Lukas,Accept
Janae.Cremin,Shea_Pouros,Reject
Johanna.Cassin,Jamar_Gleason,Reject
Estevan.Bosco,Norma.Adams,Accept
Roel,Wendell,Request
Edwin.Simonis,Ezequiel,Reject
Luella.Jones,Daisha,Request
Jessyca_Ruecker,Estelle.Oberbrunner,Request
June.Legros,Ines,Accept
Wilfrid_Shanahan,Kayley_Koepp,Accept
Carmella_Ebert,Parker_O'Connell,Reject
Josie.Mayer,Robert,Reject
Newell_Connelly,Vernon,Request
Alex.Konopelski,Marcia_Brakus,Request
Jaydon.Hermann,Valentin,Request
Creola_Buckridge,Gregoria,Accept
Eldora_Stark,Adelia,Reject
Braulio.Cormier,Florida_Von,Request
Winfield_Stamm,Harvey.Cruickshank,Request
Claudine_Wehner,Elliott,Accept
Ciara_Kunde,Trent.Hamill,Reject
Nelson_Considine,Reta_Monahan,Request
Morris_Harris,Mitchell,Reject
Gabrielle.Fay,Emilie,Request
Candida_Simonis,Estefania.Pollich,Reject
Cyril.Boehm,Lila.Beatty,Reject
Mohammad_Connelly,Brayan,Reject
Tate.Hegmann,Tobin,Request
Vince_Homenick,Faustino,Accept
Elizabeth_Predovic,Xander_Kshlerin,Accept
Magali.Reilly,Keven,Reject
Quincy.Bergnaum,Willie_Gleichner,Reject
Reece.Purdy,Domingo,Accept
Mollie_Mraz,Paxton,Request
Jarvis.Boyle,Jerel.Cummerata,Accept
Rocio_Flatley,Jaydon.Hermann,Reject
Polly_Fahey,Gabriel.Leuschke,Request
Molly.Wiegand,Pablo_Bechtelar,Accept
Janice_Marquardt,Ashton,Request
Freddy_Erdman,Margaret,Reject
Maryam.Corwin,Edna.Considine,Request
Raymundo.Zieme,Easton_Osinski,Reject
Larry_Koss,Nola,Reject
Maud_Leannon,Nona_Balistreri,Reject
Willy_Hills,Delmer,Reject
Derek_Mills,Shannon,Request
Horace.Smith,Samara.Wilderman,Request
Jade.Schinner,Precious,Request
Katherine,Brent_O'Keefe,Reject
Jamil.D'Amore,Geovany_Leuschke,Reject
Joseph.Nolan,Conor,Reject
Adela.Lebsack,Keyshawn_Marvin,Reject
Luna_Brekke,Jessika,Reject
Kenny_Morissette,Destin,Accept
Marisa.Dach,Archibald,Reject
Cordia.Morar,Shanie.Langosh,Request
Daija_Hayes,Jaqueline,Request
Davion.Skiles,Edgar,Reject
Buddy_Lemke,Reba_HarÂªann,Accept
Clemmie.Wuckert,Celine,Request
Meredith_Nitzsche,Kelsi_Rippin,Request
Kieran,Ettie,Accept
Stephon_Cummings,Elissa,Accept
Karine.Kassulke,Irma,Request
Brooklyn.Balistreri,Corbin_McClure,Accept
Adell_Sawayn,Lucio.Grimes,Reject
Johnathan_Hoeger,Maymie,Accept
Macey.Medhurst,Destinee_Hodkiewicz,Reject
Marlee.Koch,Osbaldo_Gerlach,Accept
Carroll.Hirthe,Anais.Bauch,Accept
Madie_Spinka,Taryn,Accept
Dorian_West,Laurence.Rath,Request
Dixie.Reynolds,Verner,Request
Deshawn.Homenick,Lottie_Klocko,Request
Ronny_Orn,Nyah,Reject
Justice.Ledner,Destany,Accept
Abby.Hansen,Araceli.Buckridge,Accept
Trenton.Wisozk,Susie.Hegmann,Request
Jarred,Lorenza,Request
Van.Murray,Freeman.Kuhic,Accept
Tony.Turcotte,Dangelo,Request
Anya.Kunde,Matt,Accept
Toni.Koelpin,Magnolia,Accept
Nikki.Schneider,Emiliano.Schulist,Accept
Araceli_Glover,Enid,Reject
Alphonso_O'Kon,Hilbert.Kirlin,Request
Liza,Ezequiel,Request
Yoshiko,Jovanny,Accept
Brody.Feest,Carmel,Reject
Jules_Lebsack,Norris.Willms,Request
Kiera_Runolfsdottir,Marisol_Mueller,Accept
Orpha_Kihn,Desiree.Abernathy,Accept
Alphonso.Aufderhar,Zakary.Schuster,Request
Imani,Krystina_Zboncak,Request
Pearlie_Goodwin,Guido.Boyer,Request
Brandy.Beier,Ofelia,Reject
Shaina_Adams,Donnie,Reject
Kianna_Weimann,Sedrick.Herman,Request
Samara_Marquardt,Judy,Request
Matilda_Bednar,Mason.Kub,Request
Keanu_Romaguera,Edmond,Reject
Christiana_Wisoky,Palma_Von,Reject
Maida.Watsica,Gussie,Accept
Lacey.Howell,Florida,Accept
Antonio,Precious,Reject
Halie.Koch,Eryn.Stanton,Accept
Jefferey_Mante,Madie_Towne,Reject
Brenden_Green,Trinity.Feest,Accept
Arvid.Schneider,Amalia.Cartwright,Request
Marques_Willms,Etha.Schumm,Accept
Leif,Suzanne,Request
Franco.Toy,Corbin,Request
Zora_Mosciski,Jammie,Reject
Shakira_Harvey,Adeline.Strosin,Reject
Tyrell.Wolff,Keara,Accept
Aisha_Tremblay,Emerald,Request
Julie_O'Conner,Paris.Hammes,Reject
Koby_King,Edna.Considine,Reject
Cortney.Kunde,Fiona,Accept
Alexander.Prosacco,Emma_Hilpert,Reject
Norval.Goldner,Garrison,Reject
Prince.O'Reilly,Jackeline,Accept
Minnie.Kunde,Ericka,Accept
Mireille.Krajcik,Ora.Mosciski,Reject
Elise_Fisher,Rylan,Accept
Gregorio_Feeney,Wallace.Ziemann,Request
Verla_Bechtelar,Hillard.Schroeder,Reject
Candace.Kuphal,Preston,Reject
Ray.Kohler,Dana_Moore,Reject
Diamond_Cartwright,Buford_Torp,Reject
Alexander_Willms,Estell,Accept
Lloyd.Osinski,Hellen,Reject
Tommie.Corwin,Isai.Fisher,Accept
Jadon_Simonis,Eleazar,Request
Adelle_Schmidt,Joey,Reject
Dock.Buckridge,Dayton,Request
Woodrow.Zboncak,Paul,Request
Irma_Harris,Neha,Accept
Conner.Oberbrunner,Rhiannon,Request
Lyric_Lowe,Alexa,Request
Christop_Rosenbaum,Amos.O'Kon,Reject
Alexis_Cummerata,Dedrick.Beatty,Reject
Lawrence.Becker,Christa,Request
Leone_McKenzie,Paxton,Accept
Roxanne_Ratke,Henderson_Feest,Request
Kasandra.White,Carole_Fritsch,Accept
Rachelle_Reinger,Kristofer.Reichert,Request
Raphael.Hauck,Deron,Accept
Pascale_Schowalter,Ulises.Feeney,Reject
Ron.Schumm,Christa.Miller,Reject
Jeramie_Ortiz,Dayne,Reject
Gregoria_Padberg,Carissa.Bruen,Reject
Marianna_Hirthe,Esmeralda.Schultz,Request
Lura_Huels,Elijah_Shanahan,Reject
Fletcher_Strosin,Kaylee,Accept
Sabrina_Goodwin,Genesis_Heller,Reject
Sven_Walsh,Christy,Reject
Timmothy_Torp,Adrian,Request
Santina.Kemmer,Ludie.Hoppe,Reject
Maud_Bogisich,Sally.Schuppe,Request
Jess_Keeling,Myrtle,Request
Gerard.Larkin,Garland_Hilll,Request
Alycia,Lucious_Hamill,Accept
Lorenz_Koelpin,Christa_Shields,Reject
Alena_Corkery,Garrison,Reject
Carlotta.Quigley,Marjolaine,Reject
Elda.Murazik,Raegan,Accept
Ardella_King,Keyon,Reject
Jarret_Marquardt,Roel,Request
Jocelyn_Medhurst,Terrance,Accept
Maria_Mitchell,Cali,Accept
Bobby.Wisozk,Barton_Hamill,Reject
Bernita,Jason.Bogan,Reject
Dewayne.Rohan,Joanne,Request
Lamont_Torphy,Florian,Accept
Alisa.Von,Linnie,Accept
Hanna_Dooley,Gerardo_Larkin,Reject
Muhammad.Jenkins,Ryann_Rogahn,Accept
Emma.Reinger,Bryce.Rath,Reject
Jonathon.Rath,Grant,Request
Era_Willms,Fannie,Reject
Cecile_Nicolas,Elliot_Kirlin,Accept
Ivory.Stark,Cecilia.Nolan,Reject
Leilani,Kaylie.Dickens,Accept
Savanna.Keebler,Madison_Schimmel,Accept
Quinten.Adams,Verner_Wiegand,Accept
Lia.Olson,Kaylah,Accept
Donnell.Baumbach,Carmine_Greenfelder,Reject
Kaleb.Berge,Julian,Accept
Laverne.Adams,Glen,Accept
Danial.Reinger,Everette,Request
Katelin_Conroy,Skye.Wunsch,Accept
Chelsie.Gerhold,Althea.Bednar,Request
Rhiannon_Lesch,Crystal,Reject
Isobel.Thiel,Hans,Reject
Emmie_Abernathy,Delores,Reject
Davonte_Funk,Marty,Reject
Freida.Howe,Hailey_Weissnat,Request
Andy,Emilie_Breitenberg,Reject
Richmond.Volkman,Colt.Hirthe,Request
Otilia.Bahringer,Alfonzo.Feest,Reject
Vergie_Stroman,William,Request
Trystan_Marvin,Osbaldo,Accept
Tania.Koelpin,Camille.Cole,Accept
Kobe.Schneider,Andres_Bashirian,Reject
Maurice.Ondricka,Cornelius_Kautzer,Reject
Thelma_Balistreri,Raheem.Cruickshank,Reject
Miracle_Nitzsche,Percival.Kunde,Reject
Luna_Gulgowski,Daphne_Leuschke,Request
Cassie.O'Kon,Ethyl.Osinski,Accept
Brandi.Gislason,Alexandria,Accept
Gina_Smith,Oswaldo,Reject
Ralph.Ward,Rose,Request
Thalia.Wilkinson,Chaim.Considine,Accept
Colleen_Harvey,Geovany_Strosin,Reject
Paolo.Pacocha,Calista.Aufderhar,Accept
Bertha.Ondricka,Alice,Request
Jerrod.Hermiston,Ellis,Accept
Lavon_Gaylord,Janis,Accept
Bobby.Runte,Dangelo,Reject
Colin,Chance,Accept
Talon.Senger,Jessie,Reject
Samir_Emmerich,Emmanuel_Kuvalis,Reject
Cora.Harvey,Ezekiel,Accept
Albin.Bins,Imogene.Effertz,Accept
Layne.Breitenberg,Sigmund,Request
Greg_Ondricka,Wilhelmine,Reject
Rhiannon_Erdman,Emerald_Streich,Request
Althea.Gaylord,Albert_Towne,Request
Martin.Fay,Axel_Flatley,Accept
Hunter.Zulauf,Omer_Luettgen,Accept
Clara.Pollich,Alf_Aufderhar,Request
Florida.Graham,Eve.Sipes,Reject
Britney.Gaylord,Jordyn.Altenwerth,Request
Ryley_Lind,Jeremie_Corwin,Accept
Hilma.Littel,Raegan,Request
Dovie,Gillian_Heller,Accept
Eveline.Beer,Kathryne.Wolff,Request
Gideon.Greenfelder,Bernard,Accept
Yvette_McLaughlin,Valentina,Request
Raquel_Will,Jarod_Bergnaum,Request
Timmy_Towne,Donny_Ruecker,Request
Emma.DuBuque,Zane.Torp,Accept
Beth_Trantow,Dorothy,Accept
Jenifer_Carroll,Iva,Request
Efrain.Thiel,Leatha,Reject
Alexandre.Nolan,Ozella_Terry,Accept
Genesis_Marvin,Beau_McClure,Reject
Johan.Lemke,Kaylee,Accept
Jonathan.Douglas,Monty.White,Accept
Lorenz_Simonis,Chloe_Streich,Request
Delphia.Kiehn,Wilhelmine_Reinger,Request
Jany_Christiansen,Augustine.Mann,Accept
Ernie_Koch,Gisselle,Reject
Shany,Jany_Daugherty,Request
Tremaine.Ullrich,Coty,Accept
Martine.Lebsack,Lindsey,Reject
Zoie.Casper,Camryn,Accept
Maudie_Schroeder,Abner_Weimann,Accept
Janelle_Jewess,Carolyne,Request
Modesto_Dare,Golda,Accept
Lonnie.Feeney,Zaria.Greenfelder,Reject
Melisa.Dooley,Austyn,Reject
Mittie.Wisozk,Clair,Request
Mckayla.Graham,Loren_Nader,Accept
Era.Boehm,Garrett.Mayert,Reject
Joyce_Larkin,August_Becker,Request
Katrina.Labadie,Ivory.Stark,Request
Kyleigh.Beier,Sage,Reject
Alyson.Sipes,Jared,Reject
Caleb_Sipes,Tomasa.Grady,Request
Chanelle_Gleichner,Agnes_Luettgen,Request
Brain_Schimmel,Dallas_Lueilwitz,Accept
Lauryn.Hessel,Vivianne,Reject
Hal_Haley,Destiny.Cartwright,Accept
Freda_Daniel,Coby.Lueilwitz,Request
Isabell.Prosacco,Keon,Reject
Camren.Grant,Ahmad_Marvin,Accept
Elliott_Kuhic,Lizeth_Maggio,Request
Nicholaus_Ullrich,Giovanny,Accept
Elta_Luettgen,Jody,Request
Camylle,Toy,Reject
Trinity_Hagenes,Dante_Gutkowski,Reject
Marietta.Maggio,Michael.Walsh,Reject
Ibrahim_Beier,Lauryn,Accept
Elmo,Tiana_Wintheiser,Request
Chanelle.McCullough,Marco_Dietrich,Accept
Freeman.Boyer,Karianne_Shields,Accept
Rosanna.Robel,Brittany,Request
Alexandrine,Harmony,Reject
Dena.Braun,Davon,Reject
Anastacio.Smith,Aurelie,Reject
Toney_Guªann,Amir_Funk,Reject
Cristian.Koss,Raymundo.McClure,Request
Daniela_Grady,Nona,Request
Toby.Reichert,Felix,Accept
Jedidiah.Stehr,Isaac,Reject
Ellen.Mann,Lucy_Heathcote,Reject
Leonora,Abelardo.Dibbert,Reject
Geoffrey_Feil,Alyson,Reject
Orpha_Wisozk,Jannie_Wiegand,Accept
Connor_Lynch,Margaret,Request
Gianni.Simonis,Cordia.Bahringer,Accept
Gaston_Emmerich,Arvel.Bosco,Accept
Stefan_Roob,Elna.Upton,Accept
Ward_Dooley,Tyreek.Zulauf,Accept
Hertha.Mills,Cynthia,Accept
Queen_Stroman,Elnora_Boyer,Accept
Cale_Dicki,Brooke,Accept
Brennon.Shields,Ardith,Accept
Chadd_Olson,Gussie,Accept
Ashly.Bergnaum,Norwood_Dicki,Request
Elizabeth.Schowalter,Hadley,Reject
Dave,Marcus_Hane,Reject
Hilda.Miller,Carolyne,Accept
Mary_Klein,Geovanny.Nader,Accept
Tressa,Lesly.Dooley,Request
Dino_White,Arne_Kessler,Reject
Shany_Treutel,Billie,Request
Emie_Hammes,Albin,Request
Miracle.Kerluke,Claudie_Kub,Reject
Josiane.Kihn,Bernadine,Accept
Fabian_Glover,Armando_Rolfson,Accept
Kasey_McKenzie,Simone,Accept
Anissa_Jacobson,Carole,Accept
Coralie_Vandervort,Danielle_Paucek,Request
Cortez.Mayer,Antonette,Request
Sophie_Gibson,Daniella_Osinski,Accept
Greyson,Ike_Jacobi,Reject
Brooks_McKenzie,Arvid,Accept
Jovan_Roberts,Cordell,Accept
Jaylen.Emard,Jewel_Kautzer,Accept
Khalid.Wilkinson,Chad,Reject
Giovanni.Murphy,Terence.Bartell,Reject
Richmond_Gibson,Verdie.Schmeler,Accept
Jacinto_Torphy,Karlie,Accept
Elvis.Cummings,Shemar.Purdy,Request
Carleton.Abshire,Kayli,Request
Brenna_Konopelski,Arden.Cassin,Accept
Johann.Hermiston,Justyn,Accept
Gracie,Francis_Romaguera,Request
Giovanny_Runolfsdottir,Hilton_Ritchie,Accept
Marco_Donnelly,Myah.Rau,Accept
Anita,Angelo,Accept
Craig.Quigley,Benton,Reject
Laurence.Rath,August,Reject
Okey,Moises.Botsford,Reject
Mike.Senger,Georgianna,Reject
Vaughn.Dickinson,Meggie,Accept
Conrad.Swaniawski,Tom,Reject
Corrine_Yundt,Lorena.Turner,Accept
Breanna,Dane,Reject
Kaylee_Kshlerin,Percival,Request
Demario.Spinka,Adella,Request
Enrique.Kilback,Lynn,Request
Tanya,Danny,Request
Lester_Bins,Sigmund,Accept
Alex_Prosacco,Christa,Request
Lane_Waters,Mackenzie,Accept
Lurline.Carroll,Vern,Reject
Eldridge_Schinner,Einar.Gibson,Request
Shaina_Harªann,Marisa,Reject
Arlie,Reed,Request
Janie_Legros,Walker,Accept
Godfrey.Stokes,Alyce_Rosenbaum,Reject
Emmie.Hand,Yazmin,Accept
Clay_Stoltenberg,Lolita_Corkery,Request
Kelton.Donnelly,Lou.Frami,Request
Tyrese_Koch,Jeffry,Reject
Shania_Farrell,Ernest,Accept
Bella.West,Gavin_Wuckert,Reject
Gage.Blanda,Saul_Kovacek,Request
Cooper_Von,Morris_Harris,Request
Tremaine.Jones,Virgie.Ankunding,Accept
German_Jaskolski,Randal,Request
Brendan,Chelsea,Request
Teagan.Jacobson,Gianni.Franecki,Reject
Richard.Walsh,Giles_Monahan,Reject
Giovanny_Ebert,Wade_Gottlieb,Reject
Arlo.Langworth,Judge.Kub,Request
Eleanore_Turcotte,Margaret,Request
Halie,Edwina.Reichel,Accept
Harrison_Emard,Demond_Veum,Request
Louvenia.Fahey,Trinity,Request
Lukas.Carter,Carlotta.Quigley,Accept
Frank.Jaskolski,Jillian.Roberts,Accept
Brett.O'Hara,Tyra_Macejkovic,Accept
Winfield_Schinner,Kristian,Accept
Melany.Feest,Victoria,Reject
Vernie.Schowalter,Unique_Zieme,Accept
Wilber.Beier,Shaniya,Accept
Andres_Bashirian,Baylee.Waelchi,Request
Marlin_Dibbert,Xavier_Lynch,Request
Penelope_Effertz,Emmanuel_Balistreri,Reject
Kelly.Ruecker,Florian_Cole,Accept
Susan_Harvey,Noemy_McGlynn,Reject
Marjolaine.Littel,Rose.Thiel,Accept
Darrel_Cassin,Jennings_Lynch,Request
Maci.Morar,Donato,Request
Polly,Arnoldo,Reject
Eulalia.O'Reilly,Maverick.Beatty,Request
Arden.Cassin,Antonette_Hilpert,Reject
Aidan.Sauer,Lincoln,Accept
Emilia_Carter,Garrison,Reject
Kaitlyn_Zulauf,Justen_Hessel,Reject
Mariane,Mariano_O'Hara,Reject
Kelsie_Zieme,Rory.Skiles,Reject
Newell.Hand,Destini_Hirthe,Request
Garrison.Koelpin,Rick,Reject
Shany.Koelpin,Amy,Request
Teresa.Shanahan,Schuyler_Hand,Accept
Jevon_Simonis,Ruthe_Cole,Accept
Chaz.Breitenberg,Darius,Reject
Magnolia_Jenkins,Rylan_Stamm,Reject
Frida_Cartwright,Esmeralda,Request
Anya_Weimann,Guillermo,Request
Samara,Violette,Reject
Shayne.Ziemann,Louie,Request
Adeline,Deondre_Kemmer,Reject
Amelia.Casper,Serena,Accept
Estella_Hirthe,Giovani_Flatley,Accept
Shaylee_Kemmer,Moises.Botsford,Accept
Coy_Wilderman,Dovie_Mueller,Accept
Rachel_Sporer,Joey,Request
Tomas_Morissette,Delaney.Ondricka,Request
Loy_Rodriguez,Jayson,Request
Grace.Altenwerth,Layne,Request
Delbert_Wiza,Floy.Beier,Reject
Shayne.Robel,Liana.Gerlach,Accept
Renee_Blanda,Annette.Fisher,Request
Imelda_Barrows,Jarod,Request
Camryn,Amos,Accept
Terence.Rolfson,Destini.Kassulke,Accept
Salvatore_Schultz,Taryn,Accept
Marisol.Wuckert,Johnpaul_Turcotte,Reject
Constantin.Oberbrunner,Maude,Request
Aron_Grady,Marty_Stroman,Request
Ressie.Hyatt,Yasmeen_Grant,Request
Cale_Tromp,Icie,Reject
Niko_Watsica,Tess,Request
Daija.Koelpin,Ed,Request
Tessie.Funk,Einar.Jast,Reject
Deonte_Howe,Jazmin,Request
Helena.Koss,Jonathan.Douglas,Reject
Israel_McKenzie,Reynold.Gerhold,Reject
Vincenza_Walker,Maggie_Skiles,Accept
Cortney_Waters,Vallie.Barrows,Request
Judah.Mann,Micheal.Keeling,Reject
Name.Mueller,Christina_Lemke,Reject
Camylle_Christiansen,Gerald,Request
Lamar.Kessler,Wyatt_Shanahan,Request
Nicolette.Purdy,Ryley.Gaylord,Reject
Miguel_Pouros,Aliyah.Jacobson,Reject
Emmett_Ruecker,Mekhi_O'Reilly,Request
Kamren_Schaefer,Nathen,Accept
Krystal_Greenfelder,Rhiannon,Reject
Hanna_Becker,Nettie,Request
Colin_Simonis,Alta_Ortiz,Accept
Cleora.Lueilwitz,Amalia.Rutherford,Request
Dustin_Paucek,Deron_Gibson,Reject
Obie.Gerlach,Jalon,Request
Deontae.Connelly,Tyler,Accept
Dimitri_O'Reilly,Shanie,Reject
Liam.Kuhic,Kayden.Bernier,Request
Karson.Prosacco,Danielle,Accept
Edyth.Keebler,Edmond,Request
Heidi.Ebert,Eugene,Request
Diamond_Legros,Otto,Reject
Buford.Koss,Onie,Request
Tiffany.Price,Marshall,Accept
Katelin.Adams,Mossie_Effertz,Accept
Estevan,Karley.Reinger,Request
Michale.Schneider,Isabelle.Johns,Accept
Zena_Roberts,Frederik,Accept
Jaunita_Kris,Abigale,Accept
Sonny.Weber,Wyman,Reject
Etha,Faustino,Accept
Alicia_O'Conner,Sterling,Accept
Jayde_Johns,Lizeth,Request
Julia.Bosco,Gust_Heaney,Reject
Marjory.Gerhold,Jarret.Russel,Reject
Tod_Pouros,Candido_Flatley,Reject
Jean.Schmidt,Garrett.Hauck,Reject
Minnie_Wiegand,Santos,Reject
Monserrat_Conroy,Keven_Boyle,Reject
Yasmin_Lebsack,Theo.Sporer,Reject
Khalil_Keebler,Marcelo.Ankunding,Request
Donnie.Larkin,Bud.Hackett,Request
Moriah.Feest,Liliane,Request
Ted.Russel,Kyleigh.Beier,Accept
Adell.Lueilwitz,Misael,Request
Glenda,Athena.Kohler,Request
Tyra_Macejkovic,Trent_Cole,Reject
Meghan_Runolfsdottir,Camylle_Christiansen,Accept
Jordan.Veum,Linnea.Swift,Accept
Dessie_Lueilwitz,Bernice,Reject
Jay_Blick,Woodrow,Accept
Mohamed.Watsica,Melvina.Veum,Accept
Bessie_Crist,Kirsten,Accept
Alexandrine_Mante,Virgie_Mann,Accept
Shaina_Skiles,Josephine,Accept
Verlie_Green,Cristina,Reject
Alena.Hills,Luther_Rosenbaum,Reject
Stacy,Eino,Reject
Maximilian.Runte,Milford,Reject
Hal.Lehner,Garrison.Koelpin,Accept
Alberto.Kirlin,Leonor.Auer,Accept
Janessa,Simone_Predovic,Reject
Providenci_Grant,Alphonso,Request
Bennie_White,Toy_Klein,Reject
Brian_Gerlach,Ephraim,Accept
Cathryn.Pouros,Mikel,Accept
Chaz.Miller,Abdullah.Swaniawski,Accept
Murl.Mertz,Marcus,Request
Diego_Shanahan,King.Corkery,Accept
Guido_Quigley,Dewayne_Jaskolski,Request
Tessie.Crona,Dasia,Reject
Petra.Murazik,Creola.Bayer,Accept
Betty_Waelchi,Madelynn,Accept
Hertha_Marquardt,Alejandra,Request
Arlo.Gleason,Jillian.Roberts,Reject
Erick_Parisian,Javon.Mitchell,Reject
Will.Erdman,Kristofer,Reject
Mariana.Graham,Tianna.Renner,Reject
Alberto_Cummings,Antonina_Rohan,Request
Valentin_Prohaska,Flossie,Reject
Saige.Cruickshank,Robb,Accept
Justen_Hessel,Brody.Hudson,Accept
Adah.Dickens,Pedro,Reject
Arne_Hodkiewicz,Saige,Request
Buford_Torp,Jorge,Reject
Freeda.Schmeler,Teresa,Accept
Mack_Harªann,Hilma,Reject
Kattie.Waelchi,Nedra.Schmidt,Reject
Montana_Brown,Rudolph,Reject
Hiram_Wehner,Alia.Weimann,Accept
Citlalli.Fay,Rudolph_Stroman,Request
Paul_King,Gerhard,Reject
Earl.Gorczany,Savanna,Request
Danyka.Wehner,Lacey,Reject
Rosendo.Kub,Laurine.Trantow,Request
Cordelia.West,Aletha.Welch,Reject
Daniela.Sauer,Lavina.Smith,Reject
Fritz.Kris,Margret.Watsica,Request
Ray,Zachary_Kemmer,Reject
Marguerite_Ziemann,Colton,Request
Joe.Bernhard,Delta.Toy,Request
Susan_Lakin,Marlon.Spencer,Request
Catalina.Kris,Betty,Reject
Emilia.Mills,Mario,Request
Jennifer.Bernhard,Allison.Boyer,Request
Emmitt_Stroman,Cody,Reject
Ivory,Amelie_Cummerata,Request
Lindsay.Fay,Elian_Parisian,Request
Cloyd,Griffin,Request
Veronica,Khalil.Cormier,Request
Dahlia,Magnus.Powlowski,Accept
Duncan.Walker,Wade.Gusikowski,Accept
Theresa.Ratke,Al,Request
Aidan.Runolfsdottir,Kayley.Cruickshank,Reject
Ludwig,Corbin,Reject
Arturo.Rolfson,Ryley_Reichel,Request
Milan_Hessel,Talon,Accept
Valentina.Corkery,Troy,Reject
Kaela.Schmidt,Candelario,Request
Chelsea_Johns,Juwan,Accept
Carolina,Athena,Reject
Cullen_Kiehn,Willis.Adams,Request
Annalise.Hyatt,Leann,Request
Eliseo_Murazik,Hannah_Lesch,Accept
Raquel_Greenholt,Kurt_Abshire,Reject
Rosa_Barton,Marjolaine.Littel,Request
Amely_Littel,Dorthy,Reject
Hattie_Grady,Emanuel_Kovacek,Accept
Clovis.Guªann,Stewart,Request
General_Romaguera,Amelie_Carroll,Reject
Claudia.Deckow,Scotty.Ledner,Request
Neva.Kuphal,Ward,Request
Nayeli_Lubowitz,Layla.Schoen,Request
Omari,Jennifer,Accept
Adrain_Hahn,Carmine.Weimann,Accept
Armando_Aufderhar,Salvatore_Grimes,Reject
Schuyler_Block,Omer,Request
Joany.Hodkiewicz,Sharon,Reject
Raymond.Flatley,Misael,Request
Hans_Lakin,Leta,Request
Mohammed_Leannon,Lera,Request
Kyla,Mattie_Lesch,Accept
Garth.Schumm,Morgan_Altenwerth,Accept
Willis,Nayeli_Lubowitz,Request
Luisa_Botsford,Javonte_Brown,Request
Vita_Macejkovic,Kathlyn_Stehr,Request
Glen_Farrell,David_Heidenreich,Request
Bernice_Rogahn,Dax,Reject
Montana_Vandervort,Dorthy.Nitzsche,Request
Cierra.Gorczany,Fay_Bogan,Request
Pinkie_Gusikowski,Brooke,Reject
D'angelo_Schowalter,Aileen_Wilderman,Accept
Ebony_Donnelly,Furman_West,Request
Andreane,Fausto_Ankunding,Reject
Vella.Pacocha,Fausto_Boyle,Reject
Edward_Toy,Osvaldo,Accept
Gaylord.Nienow,Camden,Reject
Monte,Bryana.Rice,Accept
Mekhi_O'Reilly,Niko,Request
Bryana.Cruickshank,Timmothy_Gleichner,Accept
Lizeth_Haley,Solon.Simonis,Accept
Dedric.Prohaska,Roberta_Block,Request
Madelyn_Fritsch,Kraig.Shanahan,Request
Letitia_Franecki,Myron.Deckow,Reject
Osbaldo_Gerlach,Cordelia,Reject
Joseph_Ferry,Cathy,Accept
Destany.Little,Mitchell,Request
Arianna.Sanford,Colten,Accept
Janelle.Mayer,Korey.Heller,Request
Arlie.Miller,Candace,Request
Dock.Gutkowski,Mitchel.Harvey,Accept
Dayna.Carter,Trudie_Kozey,Reject
Madelyn_O'Kon,Claudia_Mills,Reject
Rebeka.Swaniawski,Ariel,Reject
Darrick.Reichel,Leonardo.Ernser,Reject
Luis.Beahan,Brannon_Strosin,Accept
Anais.Bauch,Rashad,Accept
Jacky_Wyman,Patricia,Reject
Vincenzo_Wisozk,Gudrun,Accept
Brenden_Kihn,Ryder,Request
Kailee.Hessel,Twila,Reject
Christop_Macejkovic,Alejandrin.D'Amore,Reject
Amir_Emmerich,Pansy,Reject
Issac.Haag,Alia_Satterfield,Accept
Reese,Roslyn_Stroman,Reject
Augusta_O'Conner,Derick,Request
Bessie,Helmer_Wisoky,Reject
Sigrid.Goldner,Mertie,Request
Peyton,Merle,Request
Augustine_Koepp,Vernon,Reject
Reba.Thiel,Bart_Cormier,Reject
Alene_Bergstrom,Marquise_Quigley,Accept
Princess.Langworth,Kallie.Klein,Request
Jeff.Bergstrom,Katrine,Reject
Xavier_Lynch,Ola_Farrell,Accept
Ceasar_O'Connell,Maximillia,Reject
Conner_Mohr,Baron_Carter,Request
Loren.Gislason,Devon,Reject
Shaylee_D'Amore,Antwan,Reject
Zion_Wiegand,Max,Accept
Kacie.Johns,Abigayle.Krajcik,Request
Kylie.Monahan,Tatyana.VonRueden,Reject
Dario_Breitenberg,Maggie,Accept
Bernadine_Hauck,Conrad,Request
Alvena_Hyatt,Llewellyn_Kassulke,Request
Amparo.Brown,Nicolas.Koepp,Reject
Marcia_Buckridge,Elliott_Nolan,Request
Cristian_Veum,Kaylin,Accept
Myrl.Harªann,Thomas,Request
Miracle_Barrows,Rigoberto_Cronin,Accept
Jeremy_Mertz,Damion.Harris,Accept
Brianne.Skiles,Ivah,Reject
Matilda_Pagac,Adah.Bauch,Request
Reed_Kiehn,Gus.Harber,Reject
Matteo_Friesen,Charity,Request
Dagmar,Gabe.Carter,Request
Julia.Kuhn,Autumn_Lynch,Accept
Roma_Gleichner,Dee.Lehner,Accept
Selmer.Zulauf,Lucious,Accept
Eudora.Adams,Emilie_Ledner,Reject
Adolfo.Gislason,Leann,Reject
Trevor.Koch,Ruby,Request
Alize.Fay,Chaim,Accept
Presley_Graham,Talon,Reject
Skyla_Jacobson,Amani.Stracke,Request
Emerson_Franecki,Johnson,Accept
Jack_Cole,Anika.O'Connell,Request
Alexandro.Quitzon,Chelsey,Reject
Edgardo_Lockman,Erick,Accept
Miller.Harber,Ibrahim,Request
Rachel_Haag,Carolina.Thompson,Request
Roberta.Daniel,Norris,Request
Roberto_Ondricka,Maude,Request
Milan.Predovic,Jennie,Accept
Weldon.Batz,Vita,Reject
Adeline_Wintheiser,Jillian,Reject
Fabian,Noah_Leannon,Reject
Britney.Hamill,Cooper,Request
Morgan.Zboncak,Anita,Request
Sallie.Cormier,Madison_Stark,Reject
Connie_Rau,Ursula,Accept
Lily.Legros,Macey.Mayer,Reject
Hudson_Hilpert,Chance,Accept
Micaela_Nader,Coy.Lesch,Accept
Waylon.Hansen,Nigel,Reject
Wallace.Cormier,Oran_Romaguera,Reject
Victor.Bradtke,Leola,Accept
Rickey.Trantow,Barry,Reject
Lauriane.Leuschke,Abbey,Request
Eulalia_Gaylord,Jaqueline,Request
Forest_Mohr,Eldora_Parisian,Request
Horacio.Rath,Felicita,Request
Madison_Stark,Nedra_Batz,Accept
Marcella.Miller,Diana_Homenick,Reject
Allen_Nader,Cordia,Reject
Andre.Gleason,Jaunita,Request
Izaiah_Dooley,Kelly,Reject
Gina.Cruickshank,Dayne_Kreiger,Reject
Olen,Madilyn_O'Reilly,Accept
Mara.McDermott,Kobe.Gibson,Reject
Kareem.Schiller,Kitty,Request
Marilou.Deckow,Kelsi,Request
Imelda_Herman,Chyna.Reichert,Accept
Vida.Price,Lourdes.Terry,Reject
Ivy.Bergnaum,Sandrine,Request
Damien.Barrows,Tessie.Gleason,Accept
Roma.Harªann,Karine_Swift,Reject
Milton.Flatley,Hillary,Request
Jimmie_Torphy,Carson,Request
Nola_Skiles,Ida,Request
Kenna.Morissette,Ryleigh,Request
Sandy.Lindgren,Cara.Ankunding,Accept
Callie.Thiel,Isabelle,Reject
Chandler_Ondricka,Lilla_Hayes,Request
Asa.Parisian,Ethyl,Accept
Selina_Yost,Augustine_Dibbert,Reject
Darian,Corbin,Accept
Antonette_Adams,Eulalia,Accept
Horace.Kertzmann,Emmalee.Runolfsdottir,Request
Kacey_Parker,Jerrod,Reject
Joana.Kiehn,Evalyn,Reject
Sheridan_Bartoletti,Rylan.Rippin,Reject
Reed_Pfannerstill,Margret_Marks,Accept
Adolph_Tremblay,Pablo.Bogan,Request
Dell_Schmidt,Jettie.Nikolaus,Request
Esperanza.Bayer,Vivianne,Reject
Brett.Vandervort,Edyth_Abbott,Reject
Kiel_Harvey,Everardo,Accept
Yvonne.Koss,Chance,Accept
Jamaal_Sanford,Thelma,Reject
Theresa.Cummerata,Guiseppe_Hauck,Accept
Jettie.Mertz,Libbie_Wisozk,Accept
Domingo.Nienow,Brionna,Request
Arturo_Parisian,Elmer,Accept
Caleigh_Wiza,Cindy,Reject
Lauretta.Mertz,Jaeden,Accept
Mervin_Skiles,Kaleb.Heller,Request
Leif_Douglas,Heath_Block,Request
Lazaro.Yost,Demetrius,Request
Effie.Emard,Gisselle,Reject
Asa.Goldner,Alverta,Reject
Zola.Runolfsson,Beau.Runolfsson,Reject
Dorris_Kreiger,Jodie,Reject
Nedra_Russel,Stanley_Considine,Reject
Fay_Yundt,Fay,Reject
Jayson_Kshlerin,Alvis,Reject
Jody,Laverna,Accept
Dayna.Schimmel,Marisol.Purdy,Reject
Rachael_Torphy,Blair_Blanda,Reject
Hellen,Desiree,Request
Freddy_Schulist,Fleta,Reject
Jimmy,Bradly.Stroman,Request
Darrion.Streich,Walter,Accept
Milford.Steuber,Carmella,Accept
Clotilde_Pagac,Rigoberto,Reject
Beryl.Mills,Julianne.Heathcote,Accept
Kitty_Jones,Marilie,Request
Nicklaus.Braun,Kamille_Oberbrunner,Accept
Brisa,Isabella_Tremblay,Reject
Lowell.Schinner,Stephan_Schowalter,Request
Blanche.Armstrong,Eliza_Brown,Reject
Bertrand.Hauck,Corene,Request
Nicola.McKenzie,Brenna.Feil,Reject
Einar,Faye,Reject
Marilie.Tremblay,Clinton_Kulas,Reject
Mireille_Schumm,Alvina,Request
Haylee_Kiehn,Jeffery,Reject
Estella_Maggio,Zechariah,Request
Clovis.Schiller,Tyra_Macejkovic,Accept
Vicenta_Hane,Murphy_Swaniawski,Request
Zoey.Bechtelar,Vernice_Sawayn,Request
Cara_Bartell,Clint_Mayer,Request
Gabriel.Kemmer,Sigurd,Accept
Tyrell_Johnston,Leo_Lakin,Reject
Khalid_Runolfsdottir,Jude,Accept
Adell.Mitchell,Trisha.Doyle,Request
Jalon.Muller,Steve,Accept
Katheryn_Medhurst,Chadrick_Skiles,Request
Anika_Torp,Margarita,Request
Devon.Adams,Moses,Accept
Blaze_Kemmer,Ulices_Russel,Accept
Ruby.Hettinger,Isabelle.Johns,Accept
Lacey_Kulas,Stanley,Reject
Constantin_Waters,Nola,Reject
Ryley.Gaylord,Clifton.Kirlin,Accept
Rosie.Larson,Cecile_Smitham,Reject
Joannie_Ryan,Onie,Reject
Theodora.Purdy,Lucio,Reject
Eusebio_Ryan,Virgil,Accept
Chaz_Torphy,Aiyana,Request
Bessie_Prosacco,Selena_Wintheiser,Reject
Breanna_Kuhic,Leon.Ward,Accept
Edd_Cormier,Mariela_Crona,Accept
Cristobal_Cremin,Cathrine_Lebsack,Request
Marlee_Medhurst,Colten,Accept
Danika.Casper,Harold,Accept
Breana_O'Connell,Susie.Krajcik,Reject
Nella_Connelly,Kyleigh,Accept
Jayde_Kessler,Janiya,Reject
Schuyler_Hand,Daisha,Reject
Jessie_Gaylord,Idella,Reject
Zechariah,Gudrun,Request
Vernon.Tromp,Kevin,Accept
Jennyfer_McLaughlin,Santa,Request
Annetta_Hyatt,Cesar,Request
Fredrick_Bode,Lorenz,Reject
Imelda.Parisian,Ashlee,Reject
Leora_Olson,Odessa_Ortiz,Reject
Rasheed_Altenwerth,Rick,Reject
Albert_Gleichner,Wanda,Reject
Isidro_Heathcote,Amya,Reject
Amber_Schuster,Bud.Kertzmann,Request
Mohammed.Collins,Guillermo,Request
Elena.Maggio,Cecile_Legros,Request
Tina.Jacobson,Mabel,Accept
Mac_Balistreri,Autumn.Rolfson,Reject
Odell.Morar,Austen_Harvey,Request
Bertram_O'Reilly,Harrison,Accept
Ila.Hamill,Brendon,Reject
Leonora.Barton,Claudie,Reject
Abelardo_Torp,Kacey_Parker,Request
Verda.O'Connell,Gina.Quigley,Request
August_Tillman,Emmy.Ebert,Request
Athena_Rath,Barrett,Reject
Roel_Bashirian,Serenity.Buckridge,Reject
Marlen.Block,Brigitte_Strosin,Request
Finn.Hane,Dino,Reject
Patricia_Renner,Beryl_Trantow,Accept
Anne.Johnston,Rolando,Reject
Aisha_Runolfsson,Adah,Accept
Kellen_Olson,Garrett_Zieme,Accept
Vada.Quigley,Mazie,Request
Caroline.Mayert,Theresia,Accept
Sophie_Koepp,Kaci_Parisian,Request
Audie.Luettgen,Erling,Reject
Luigi.Jaskolski,Leta.Shanahan,Request
Kyleigh.Roob,Johanna_Durgan,Request
Tate_Jaskolski,Esta,Request
Anabel.Moore,Mateo.Wisozk,Request
Elizabeth,Trace.Koss,Request
Fleta_Mayer,Alia,Accept
Elwin_Medhurst,Derick_Jewess,Request
Mable.Labadie,Maxine,Accept
Lucinda.Green,Michael.Walsh,Reject
Jovan,Percy,Accept
Rosalia.Hudson,Wilbert,Accept
Tod_Bednar,Kelton.Keebler,Request
Alek.Ritchie,Edgar,Reject
Jack.Schimmel,Allie,Request
Ernie_Johns,Ethelyn,Reject
Angus.Sawayn,Isom_Reynolds,Accept
Abby.Mann,Destany,Reject
Danial.Jaskolski,Weldon_Williamson,Accept
Velda_Wilderman,Alyce_Russel,Accept
Shyanne.Collier,Mike_Gleichner,Accept
Johnathan_Hagenes,Meagan_Dicki,Request
Glennie_Koch,Aurore_Lubowitz,Reject
Jovan_Conn,Furman.Considine,Reject
Kimberly_Hagenes,Cayla,Accept
Tina_Hermiston,Angelita,Accept
Carlos_Kulas,Zackary_Medhurst,Accept
Arvel_Waters,Rosalyn_Barrows,Request
Carson.Lueilwitz,Ryann,Request
Jaren.Cronin,Maud_Bogisich,Request
Arely.Raynor,Aron_Grady,Accept
Zelda_Runte,Crystal,Reject
Jamie_O'Hara,Elise_Bauch,Reject
Marc_Reynolds,Ebba_Runte,Reject
Samir.Crooks,Jordyn.Dibbert,Accept
Rosamond.Koepp,Pasquale.Emard,Reject
Florian.Corwin,Jana,Reject
Lambert_Gleason,Sammie.Little,Reject
Marlene.Padberg,Katharina,Accept
Delmer_Abernathy,Hollie,Reject
Lucy.Renner,Damion.Harris,Accept
Mallie.Prosacco,Ozella,Accept
Syble_Donnelly,Dennis_Cummerata,Accept
Otilia_Davis,Tyrel,Request
Allison,Lamar_Eichmann,Reject
Keon.Rowe,Evie,Accept
Tina_Greenholt,Clifford,Request
Abdiel_Blick,Napoleon,Reject
Isom_Fisher,Meggie,Accept
Danyka_Mitchell,Aletha_Baumbach,Accept
Samson_Heidenreich,Albina.Morissette,Reject
Ressie.Sauer,Emile.Kulas,Accept
Zul_Conroy,Darrin.Kuphal,Accept
Elena.Stroman,Alanna,Request
Cullen.Block,Andres,Request
Simone.Lehner,Kirk_Kuphal,Reject
Vaughn_Reichert,Adriana,Reject
Erica.Wunsch,Valentin,Reject
Barbara.Hoppe,Jamil,Accept
Raphael_Mante,Boris_Romaguera,Reject
Jacynthe_Abernathy,Jeanne.Spinka,Reject
Vinnie.Herzog,Javon,Request
Noelia_Schmeler,Mario,Accept
Beverly.Ferry,Morgan,Reject
Efren.Champlin,Deonte.Hills,Reject
Cheyenne.Russel,Karianne.Steuber,Request
Elmira.Halvorson,Curtis,Request
Markus.Aufderhar,Troy,Accept
Liza_West,Maribel,Accept
Marques_Crist,Bo,Reject
Raegan.Yost,Micah_Zboncak,Accept
Kassandra.Pagac,Hoyt_Larson,Request
Chelsea_Howell,Jermaine,Request
Pansy,Imelda_Jacobs,Accept
Joel,Karlee_Lehner,Accept
Elda_Lemke,Gardner_Adams,Reject
Bo.Boehm,Baron,Request
Violet_Konopelski,Myah,Accept
Nigel_Mann,Clyde,Accept
Santino_Reichert,General,Accept
Jenifer_Herzog,Tobin.Waters,Accept
Austen.Renner,Genevieve,Accept
Michel.D'Amore,Alene_Bergstrom,Accept
Brenna.Pacocha,Alvina,Reject
Lindsay.Bogan,Krystina_Watsica,Request
Roxane.Altenwerth,Nestor,Request
Davonte.Zulauf,Janelle,Request
Vaughn.Russel,Tina,Request
Freida_Rippin,Donnell_Pfeffer,Accept
Mafalda.Labadie,Maryse_Gibson,Accept
Skylar,Silas.Stamm,Accept
Magnolia.Lindgren,Pablo_Wilderman,Request
Phyllis.Streich,Kaitlin,Reject
Vernice_Weimann,Leonor_Torphy,Accept
Larue.Denesik,Everett.Sauer,Reject
Jon,Eddie,Accept
Bernhard_Gorczany,Watson,Reject
Izabella.Mertz,Herta,Request
Rhea.Hilll,Catherine_Feil,Accept
Junius_Jewess,Arianna.Konopelski,Accept
Penelope.Collier,Brenna.Mosciski,Accept
Jamison.Turcotte,Noble,Accept
Rogelio_Considine,Ozella_Bauch,Accept
Bart.Bergstrom,Hanna,Accept
Mireille.Raynor,Vaughn,Request
Maximillia.Jewess,Laury.Donnelly,Request
Imogene_Ullrich,Kenya,Request
Granville.Schinner,Evan,Reject
Kara.McKenzie,Joseph_Effertz,Accept
Moses.Auer,Elvis.Cummings,Accept
Alysha,Lizzie.Gerhold,Reject
Angel_Baumbach,Mayra,Reject
Cecilia_Larkin,Mariah.Lebsack,Request
Jacynthe_Waters,Tyrique_Wisoky,Accept
Buford_Volkman,Stone.Gutkowski,Reject
Pete_Dickinson,Jarrett,Reject
Anastacio.Cole,Manuela.Olson,Request
Jacinthe.Bednar,Gina.Walker,Accept
Kirsten.Rosenbaum,Holden,Reject
Eulalia.Hirthe,Stephon.Brakus,Request
Eloisa_Wolf,Adolphus_Heidenreich,Reject
Belle.Beier,Roosevelt.Towne,Accept
Giuseppe_Mills,Colten_Bahringer,Reject
Adriana_Schoen,Rosie,Accept
Kelley,Lori,Reject
Hunter,Elyssa,Reject
Thaddeus_Nitzsche,Katelin.Adams,Reject
Mohamed.Ryan,Alexane,Request
Chaim.Wilderman,Alexanne,Request
Ila.Mitchell,Domingo_Schowalter,Accept
Misael_Barton,Cindy_Hills,Accept
Theron_Fay,Eugenia,Reject
Clemens,Eldridge,Accept
Kirstin_Grant,Sabryna.Dickinson,Accept
Felton_Guªann,Kiel.Kihn,Request
Erwin.Towne,Raphael,Accept
Immanuel.Stracke,Alden_Effertz,Reject
Bryce.Christiansen,Reba,Accept
Magnolia.Welch,Edyth,Request
Shyanne.Konopelski,Lourdes,Accept
Juana_Raynor,Katlyn,Reject
Jaden_Berge,Therese,Request
Noelia.Klocko,Keaton,Request
Christy.Hyatt,Ron.Schumm,Accept
Arnold_Reichert,Ivory.Stark,Reject
Kathryn_Bradtke,Lorenza_Howe,Request
Elwin.Brekke,Verla,Request
Arnaldo.Feest,Quincy.Rutherford,Request
Delbert,Bryce.Rath,Accept
Frieda,Irma_Harris,Request
Jefferey_Murazik,Lura,Accept
Phyllis_Ryan,Jedidiah_Jerde,Request
Evelyn.Rippin,Henri,Request
Alexandrea.Ziemann,Selmer.Windler,Accept
Lauryn.Stehr,Ronaldo,Accept
Stefanie.Purdy,Gail,Request
Edmond_Brekke,Julian,Accept
Sidney,Marion_Nikolaus,Accept
Margaret_Kutch,Keith.Gusikowski,Request
Vernice.Nitzsche,Jewell,Request
Lilyan.Kub,Claud.Renner,Request
Elissa.Botsford,Wilmer,Reject
Granville,Cara_Bartell,Accept
Cullen.Schneider,Gage_Bednar,Request
Palma_Bradtke,Adolfo.Will,Accept
Dave_Leffler,Lyla_Auer,Reject
Aylin.Dietrich,Ryley,Accept
Yvette.Stoltenberg,Kaya.Thiel,Request
Watson_Franecki,Cheyenne.Russel,Accept
Karine,Jamey_Runte,Reject
Germaine_Lind,Viviane,Request
Peggie_DuBuque,Sid.Mayer,Request
Adrian.Sporer,Alanna,Request
Winnifred_Barton,Shaina,Request
Daniella_Lehner,Quentin,Request
Rosario.Carroll,Kari.Gulgowski,Request
Ardella.Heller,Omer,Request
Karlie,Caterina.Blanda,Reject
Pink_Johnston,Armand,Reject
Angelina.Funk,Kristofer,Reject
Emmett.Schumm,Genoveva_Schaefer,Request
Percival.Jerde,Weston_Swaniawski,Request
Shaun.Denesik,Edmund.Keebler,Request
Hiram_Huel,Adam,Request
Marina.Wunsch,Stephen,Request
Kristoffer.Langosh,Dimitri,Reject
Weldon.Douglas,Alexandra_Stroman,Accept
Bethel_Jaskolski,Aidan_Orn,Reject
Marques_Monahan,Karlee_Lehner,Request
Helen.Murray,Hulda_Wolff,Accept
Jordan,Dominique.Herman,Accept
Rosalee.Green,Americo,Accept
Jessyca.Frami,Raquel_Moore,Reject
Sallie.Kub,Priscilla,Request
Pattie.Schroeder,Dawn,Reject
Hulda,Jedidiah_Jerde,Accept
Lamar.Kulas,Amos,Reject
Savannah.Altenwerth,Dixie_Waters,Accept
Easter_King,Larissa,Request
Carley.Labadie,Linnie,Request
Ashley.Wintheiser,Riley.Quigley,Request
Mason.Price,Haley,Request
Shania.O'Hara,Madelyn_O'Kon,Request
Fleta_Cartwright,Hillary,Request
Norval.O'Reilly,Eduardo_Balistreri,Reject
Velma.Paucek,Jana_D'Amore,Request
Myron,Hildegard,Request
Tomasa.Haley,Berneice,Request
Monroe_Klein,Hanna_Becker,Request
Kailyn.Graham,Verdie_Paucek,Reject
Kari_Mohr,Reginald,Reject
Ernest.Robel,Lorena.Daniel,Reject
Raina.Corkery,Robin,Request
Ashtyn,Penelope,Request
Davonte.Trantow,Elwyn,Accept
Jamir_Armstrong,Cecil.Becker,Reject
Garrett.Hauck,Ramon.Rippin,Request
Jerod_Emard,Devonte,Request
Griffin_Lehner,Anabelle,Request
Donnie.Yundt,Jeremy,Accept
Gretchen.Stamm,Merle.Jaskolski,Accept
Conor.Conn,Michaela,Accept
Jordyn.Kovacek,Devan_Hamill,Reject
Wilbert.Kiehn,Josefa,Reject
Taryn_McDermott,Sven,Accept
Twila.Klocko,Gracie_Grant,Accept
Grant_Kilback,Trystan,Accept
Jaleel.Volkman,Christian,Accept
Marlen.Lebsack,Jess,Reject
Ralph,Bradford.Blanda,Request
Josie_Prohaska,Martin.DuBuque,Request
Norval_Rempel,Kaitlin,Reject
Rylan_Stamm,Stefan,Request
Webster.Hessel,Patricia_Barton,Reject
Christop.Maggio,Linwood.Blick,Accept
Jevon_Cassin,Tessie,Reject
Oswald,Mya_Heller,Accept
Molly.Durgan,Brian,Reject
Porter.Sipes,Roderick,Request
Chaim.Pouros,Nola_Frami,Reject
Elian_Abbott,Alberto,Accept
Darrel.Johns,Erich_Johnson,Request
Timmothy_Nienow,Jaime_Rohan,Request
Clarissa_Farrell,Giovanni,Request
Angelita_Schoen,Jerald,Reject
Bryana_Lynch,Ed,Request
Pansy.Ratke,Bradly,Request
Rene_Gutkowski,Devan,Accept
Aliya_Towne,Lurline,Reject
Forest_Kessler,Daryl,Reject
Brooks_Klein,Rex,Reject
Shanie.Jakubowski,Ryleigh_Rice,Accept
Walker_Funk,Valerie,Request
Isai.Weimann,Jamir_Maggio,Request
Ebba.Greenholt,Cristian_Veum,Reject
Tierra.Hilpert,Angelita.Lynch,Reject
Eryn_Pfeffer,Kay,Reject
Era_Stroman,Renee_Bartell,Request
Willard_Emmerich,Rodrigo.Emard,Accept
Jaylen.Harber,Diamond.Krajcik,Accept
Jacey_Jones,Jamie.Witting,Reject
Travon.Kiehn,Patience,Request
Wilburn_Bradtke,Erik,Accept
Teagan.McCullough,Orin,Accept
Myah_Lockman,Harry,Reject
Denis.Kunze,Nellie_Weimann,Reject
Grover.Maggio,Raina.Glover,Accept
Marion.Schroeder,Carlee,Request
Hayley.Fritsch,Trycia.Lakin,Reject
Vivien_Conn,Liana.Berge,Request
Ryleigh_Schmitt,Royal,Reject
Muriel.Little,Carmel,Request
Lorenzo_Hoeger,Sheila.Sipes,Reject
Effie.Hoppe,Aylin,Request
Kurt_Schumm,Mireille_Schumm,Accept
Allen_Barrows,Marcelo,Accept
Garnett.DuBuque,Lukas,Accept
Hunter.Adams,Buck,Request
Zechariah_Simonis,Bernadine,Reject
Soledad.Kutch,Cassandre_Metz,Reject
Elisa.Maggio,Flossie.Green,Accept
Justus,Mack,Reject
Raul,Josue,Accept
Yolanda,Name_Cummings,Accept
Misty.Lynch,Rigoberto,Request
Thelma_Greenholt,Zachary.Langosh,Reject
Jonas.Tillman,Geo,Reject
Alvina_Bogan,Roderick.Leuschke,Request
Brigitte.Champlin,Ola,Request
Jayden.Wuckert,Verlie,Request
Randi_Nienow,Piper_Aufderhar,Request
Ruthie,Alexanne.Kulas,Reject
Dandre_Donnelly,Rosella,Request
Lea_Gerlach,Bradley_Marquardt,Accept
Reva.Franecki,Christy,Accept
Jo.Lakin,Bradford,Reject
Mitchell.Vandervort,Korey.Heller,Reject
Juvenal_McGlynn,Coleman_Orn,Request
Jeanne.Larson,Jameson.Smith,Request
Damion.Harris,Elna,Reject
Tyshawn_Schaefer,Addison,Request
Kameron_Stoltenberg,Helene.O'Connell,Accept
Sigurd.Reichel,Clementine_Bahringer,Request
Maegan_Mitchell,Celestino,Accept
Ulises_Schuppe,Carmine.Schuster,Reject
Ilene_Yost,Aiden.Swaniawski,Accept
Marley.Hessel,Reina.Sanford,Request
Mitchel_Ankunding,Newton.Muller,Reject
Gilda.Swaniawski,Larue,Accept
Allie.Batz,Lexie.Schmitt,Reject
Wiley.O'Reilly,Lelah.Ward,Request
Vena_Stark,Adaline.Sawayn,Request
Braulio_Roob,Elna,Reject
Kaela_Considine,Adrienne,Accept
Gabe.D'Amore,Giuseppe,Request
Anne_Barrows,Katrine,Request
Marjorie_Abernathy,Amya,Accept
Mary_Terry,Marcia,Reject
Arvilla,Vernon_Schneider,Reject
Quinn.Corkery,Phoebe_Kemmer,Request
Estefania.Goodwin,Delphia.Kiehn,Reject
Vincenzo_Harber,Damion.Donnelly,Reject
Ismael.Friesen,Theresa,Request
Pearline.Price,Crystal,Accept
Green_Funk,Davon,Reject
Marlon.Spencer,Wallace.Bode,Request
Idell,Tressie,Reject
Ines.Davis,Rachelle,Accept
Nestor.Schuppe,Edyth.Zulauf,Reject
Sadie_Medhurst,Thomas_Rosenbaum,Reject
Ofelia.Johnson,Kurtis.Kilback,Reject
August.Sauer,Orion,Request
Dexter,Neil,Accept
Joany.Yundt,Tyreek,Request
Dorian.Morissette,Ted,Accept
Imani_Robel,Princess,Accept
Cristopher_Dibbert,Sallie,Request
Shawn_Carter,Elmira.Kilback,Reject
Elenora_Gislason,Thelma_Emmerich,Accept
Hubert.Gerlach,Owen,Request
Lamont.Boehm,Tito_Heaney,Request
Hyman_Hettinger,Rico,Accept
Sydnee,Lizzie_Breitenberg,Reject
Birdie_Pouros,Estel,Request
Clementine_Little,Laury.Kuhlman,Request
Mose_Grimes,Barrett,Accept
Bernhard.Carter,Pasquale.Konopelski,Accept
Mortimer_McDermott,Dana_Braun,Request
Esther.Prohaska,Alec,Reject
Carlee,Laurence.Rath,Accept
Wilford.Pfeffer,Laurianne,Request
Oleta.Pagac,Darien_Kuhn,Request
Chad_McDermott,Braulio.Braun,Request
Queenie.Romaguera,Helmer,Reject
Shannon_Crist,Virgil,Accept
Emerson.Hand,Daisha.Ernser,Accept
Stella_Lueilwitz,Eliza_Lubowitz,Reject
Raphaelle.Koss,Jessika.Champlin,Reject
Clarissa_Schmeler,Evangeline_Hintz,Accept
Dwight.Runolfsson,Mohammed_Leannon,Request
Hal,Ashleigh,Request
Arvilla.Waelchi,Mckayla_McDermott,Accept
Adrienne_Mohr,Nikko,Reject
Bart_Koss,Hobart,Accept
Emelie_Herzog,Karelle,Reject
Giovanni.Murazik,Elissa,Request
Crystal_Morissette,Nannie,Request
Lowell_Bosco,Mireille_Hyatt,Request
Jaclyn_Rowe,Susana_DuBuque,Reject
Paris.Muller,Florida,Reject
Maggie_Skiles,Lucio.Vandervort,Request
Brady_Spinka,Keeley,Reject
Robert.Torphy,Penelope.Collier,Reject
Kay_Maggio,Kellie,Request
Delores_Wolf,Eryn,Reject
Darrell.Howe,Jon,Accept
Reagan.Gleichner,Cheyanne,Request
Jadon.Kshlerin,Chasity,Accept
Shannon_Collins,Roxane,Accept
Anais_Altenwerth,Aniyah_Kub,Accept
Delfina_Kovacek,Luella,Accept
Joshuah_Kautzer,Margarette,Request
Reynold.Gerhold,Cordia.Morar,Accept
Albert.Zulauf,Obie.Gerlach,Request
Alfreda_Schroeder,Augustine,Reject
Dario_Wolff,Alaina,Accept
Elvis_Gulgowski,Sherman_Carroll,Reject
Zackary_Bartoletti,Deonte.Leannon,Reject
Renee.Kohler,Shakira,Accept
Delia.Lynch,Marcelo.Stokes,Request
Aubree_Morar,Charles.Hamill,Reject
Dillon.Ullrich,Dejah.Rempel,Accept
Hans_Jacobson,Alfredo,Reject
Christophe_McKenzie,Marilie,Reject
Vita_Lemke,Otis.Kuphal,Accept
Roderick.Leuschke,Kenny_Kirlin,Accept
Meda.Kub,Felicia_Mraz,Request
Gaylord.Bechtelar,Carmela_Rau,Request
Kelley.Greenfelder,Jessie.Gulgowski,Accept
Taya.Lowe,Pansy.Hessel,Reject
Hiram_Gleason,Kayleigh.Considine,Reject
Clair_Effertz,Billy.Hansen,Accept
Tyreek_Dicki,Kane_Gerlach,Request
Edwina_Kuhn,Kadin,Accept
Alvis_Fay,Norma.Ledner,Request
Tara_Hettinger,Rollin,Accept
Davonte_Fay,Rashad,Accept
Nina_Legros,Rosamond,Accept
Daisy_Hammes,Vicenta.Vandervort,Request
Rubie_Keebler,Humberto_Hessel,Request
Dustin.Wuckert,Kacey,Accept
Travon,Virgil,Reject
Milan.Heaney,Darion,Reject
Colten_Williamson,Allan,Reject
Vivienne,Toby_Bergstrom,Request
Tabitha_Johnson,Roxane.Altenwerth,Request
Karli,Phoebe,Reject
Ransom_Batz,Ruthe_Sauer,Request
Ben.Torp,Dorian,Request
Althea_Toy,Raymundo_Macejkovic,Reject
Kaley_Rodriguez,Melba,Accept
Nona_Balistreri,Aiyana_Reilly,Reject
Ila.Turner,Aliyah,Accept
Alberto_Welch,Lurline,Request
Twila_Marks,Delaney,Accept
Amari.Kuhn,Bonnie_Nienow,Accept
Abbey_Gottlieb,Elouise_Harris,Reject
Rolando_Daniel,Ottilie,Reject
Rodger.Price,Jailyn,Accept
Myah_Abshire,Sabrina.Wehner,Reject
Melvina_Schamberger,Laurel_Hegmann,Reject
Jaunita.Dooley,Tomasa,Accept
Maritza_Ryan,Elissa,Accept
Clementine_Bahringer,Marcelino,Request
Maximilian_Hessel,Savannah_Ruecker,Request
Valentine_Rempel,Dolores.Lueilwitz,Request
Daron_D'Amore,Annabelle,Request
Garland_Buckridge,Dimitri,Request
Antonio_Schultz,Hayley.Mertz,Accept
Helen.Flatley,Georgianna.Wolff,Accept
Roslyn_Streich,Houston,Request
Parker_Gutkowski,George.Davis,Request
Cordell_Swaniawski,Samson.Huel,Request
Keyshawn_Runte,Tyra,Request
Kendall.Gutkowski,Zachariah.Hermann,Request
Kari.Mante,Joanny.Swift,Request
Madison,Liam.Prosacco,Accept
Kristian_Frami,Vita,Request
Annie_Gorczany,Laura,Request
Bettie.Strosin,Brayan,Reject
Jordi.Jones,Hailie,Request
Mylene,Buck.Schultz,Reject
Erwin.Hackett,Kristoffer_Bernier,Request
Maverick_Heaney,Cristina,Request
Carey_Kovacek,Name,Reject
Claudine.Doyle,Stanton,Accept
Kareem_Kub,Faye,Accept
Nichole_Johnston,Evalyn,Reject
Hayley_Monahan,Una.Kerluke,Accept
Clifton.Davis,Hosea_Gibson,Reject
Yazmin_Lehner,Karli,Request
Max.Fisher,Aurelie,Reject
Chet_Mitchell,Xavier_Grant,Accept
Leanna.Feil,Harmony,Accept
Jennyfer_Mueller,Khalil_Keebler,Request
Isaac,Douglas,Reject
Tess.Sipes,Araceli_Schulist,Reject
Kylie_Rutherford,Eleanora,Reject
Maynard.Runte,Waylon,Reject
Dana.O'Conner,Willard.Schulist,Reject
Estelle_Windler,Gracie,Request
Vince_Schulist,Rosanna.White,Reject
Harmon_Christiansen,Marquis.Boyer,Accept
Dominic.Strosin,Ressie.Schaden,Request
Deborah_Orn,Boris_Dooley,Request
Reyes.Senger,Dominique,Accept
Rhea_Cremin,Wilbert,Accept
Daniella_Osinski,Nya.Powlowski,Reject
Dorthy.Mante,Dee,Accept
Abraham_Schulist,Fredrick_Bode,Accept
Mafalda.Parker,Vivian,Reject
Winston.Powlowski,Henry.Fay,Reject
Rosamond.Metz,Urban,Accept
Deshaun.Kulas,Kiera_GuÂªann,Accept
Benjamin.Harris,Jerod_Corwin,Accept
Horace_Bergstrom,Golden_Kerluke,Accept
Lucienne.Dare,Daisy.Kulas,Accept
Marquis.Fritsch,Emmanuel.Kreiger,Request
Kenna.Yost,Tate.Kuhlman,Accept
Trey,Clemens,Reject
Baylee.Langosh,Theo.Sporer,Accept
Hallie,Talon.Lowe,Reject
Chadrick_Skiles,Lia.Heller,Reject
Jaeden.Hauck,Aron,Request
Eric_Pacocha,Skye.Wunsch,Accept
Guido_Cronin,Geraldine,Accept
Brannon_Guªann,Jennyfer,Accept
Gerson.O'Reilly,Alexander.Marquardt,Accept
Mayra_Williamson,Bernadine_Pfannerstill,Request
Brianne.Nolan,Nola_Thiel,Request
Keyshawn_Marvin,Therese_Mitchell,Reject
Lucinda.Stiedemann,Roma.HarÂªann,Accept
Cole_Rutherford,Trent.Satterfield,Accept
Coleman_Huels,Corine_Krajcik,Request
Pamela.Strosin,Alyson.Beer,Accept
Tiara,Weldon,Reject
Reanna_Hane,Louie,Accept
Glen_Zulauf,Mateo,Request
Kellie_Lubowitz,Melisa,Request
America_Waters,Jared,Reject
Cora_Renner,Hal.Langosh,Request
Kailey_O'Kon,Brionna.Cruickshank,Reject
Reymundo.Stokes,Pearlie_Emard,Accept
Chance.Powlowski,Emma.Trantow,Request
Marlen_Spencer,Jerod_McGlynn,Request
Cassandre_Larkin,Samantha.Lowe,Request
Doug_Corwin,Kiel,Reject
Dianna.Daugherty,Gaston,Accept
Percival,Herman_Schumm,Reject
Ransom.Lockman,Albert.Zulauf,Reject
Leonardo.Kemmer,Patsy_Harvey,Accept
Wellington.Brakus,Christian,Reject
Lew.Armstrong,Isai.Mosciski,Reject
Octavia.Collier,Justus,Request
Wilfred_Zieme,Clare,Request
Reyes_Towne,Abigail,Accept
Hillary_Hirthe,William.Jacobi,Reject
Magnus_Greenfelder,Jaqueline_Jacobson,Reject
Raquel_Moore,Evelyn_Hirthe,Accept
Weston.Shields,Sheila_Powlowski,Reject
Maximillian_Emard,Rosina,Accept
Tomas_Mayert,Coleman.Swaniawski,Request
Rosalyn_Shields,Nathanial,Reject
Estefania.Halvorson,Makenna,Accept
Albina_Harber,Roma_Frami,Request
Christina.Blanda,Kraig_Corwin,Reject
Marcelle_Pagac,Kirk.Gusikowski,Accept
Annie.Lind,Maximillia,Accept
Michelle.Goyette,Kieran,Request
Selmer.Kozey,Adrienne.Greenholt,Request
Eloise,Melany.Feest,Accept
Leda_Runte,Garrett,Accept
Cedrick_Kuhic,Nina,Reject
Helena.Rodriguez,Edna,Request
Damien_Farrell,Mellie,Request
Charity_Schaden,Damaris,Request
Mortimer.Stoltenberg,Earline_Nolan,Reject
Emelie,Lamar,Accept
Darrion_Moore,Amparo.Murazik,Reject
Quincy_Gaylord,Alyson_Schoen,Reject
Lisandro.Gleason,Eva,Accept
Brenden.Grimes,Angelica_Lueilwitz,Request
Cruz_Mohr,Melody_Hermann,Accept
Webster.Heidenreich,Verona,Reject
Cullen.Nikolaus,Rosario,Reject
Zane.Prohaska,Sage_Zulauf,Reject
Katharina_Steuber,Dayne,Accept
Cathryn.Mohr,Theodore,Request
Mellie.Beatty,Retha,Accept
Brett.Stanton,Jake.Williamson,Accept
Herman_Baumbach,Lavada_Hodkiewicz,Request
Osbaldo.Gerlach,Giovanny,Accept
Woodrow.Hackett,Camron_Kling,Accept
Elouise_Rath,Carli,Reject
Hollis.Brekke,Amparo.Borer,Reject
Therese.Ryan,Tyler,Request
Donnell_Armstrong,Otho,Accept
Kenya_Gleason,Rae.Carter,Reject
Felicity.Harber,Tamia_Larkin,Reject
Dennis_Borer,Josh,Reject
Tyree_Conroy,Macie,Accept
Hanna.Kiehn,Terry,Reject
Jimmy_Wiza,Terry,Reject
Jacques_Volkman,Keven,Reject
Wilbert.Mayer,Hans.Treutel,Request
Simone_Predovic,Russell_Hahn,Accept
Barbara.D'Amore,Twila.Klocko,Reject
Maeve.Flatley,Kennedy.Walter,Accept
Weldon_Streich,Bradley,Reject
Judy.Schamberger,Melody,Request
Robyn.Goodwin,Mia,Request
Alessandra.Dare,Keenan,Accept
Dario.Fahey,Kathlyn_Funk,Reject
Alexie_Reinger,Duane.Jaskolski,Reject
Carissa.Cruickshank,Grover,Request
Graciela_Wisoky,Hilario,Accept
Chet.Price,Isabelle,Request
Leopoldo,Laisha,Reject
Pink,Kari,Reject
Erling.Carroll,Elmore,Reject
Eliza_Howell,Kayleigh,Accept
Mafalda_Flatley,Jordan_Larson,Request
Micaela.Hagenes,Maida,Reject
Helmer_Rath,Alexys_Schuster,Reject
Destinee.Prosacco,Blaise.Mitchell,Request
Bonnie_Lowe,Caleigh_Schaefer,Accept
Floy,Nova,Accept
Wilton.Harris,Amalia,Request
Nils_Homenick,Aylin,Request
Gia_Skiles,Dolores.Lueilwitz,Accept
Reginald_Hilll,Meagan.Beatty,Request
Ryley.Ritchie,Ambrose.Walsh,Accept
Koby_Hirthe,Travon.Goldner,Accept
Moriah_Flatley,Caitlyn_Stoltenberg,Request
Cristina_Stanton,Maynard,Accept
Aliza.Hane,Zoe,Request
Peyton.Conroy,Franz,Request
Faye.Miller,Valerie_Funk,Accept
Pablo.Kris,Vidal_Bauch,Request
Jean_Osinski,Krystina_Koss,Reject
Heber_Flatley,Jerod,Reject
Adella_Goyette,Francisco_Daugherty,Request
Sam_Reilly,Ronaldo,Accept
Jailyn.Olson,Loyce_Purdy,Accept
Delphia_Shanahan,Hubert_Crona,Reject
Samara.Spinka,Carmelo,Reject
Larissa.Kreiger,Angus,Reject
Zora.Abshire,Cary_Frami,Reject
Lesly_Reilly,Margret,Request
Griffin.Huel,Misty_Murray,Request
Jacinthe_Moen,Deonte,Request
Sibyl.Hilpert,John_Feil,Reject
Ole_Marks,Edwina.Goodwin,Accept
Golda_Schiller,Trudie,Reject
Grover.Mitchell,Emilia_Carter,Request
Russ.Turner,Esperanza,Accept
June_Koelpin,Princess.Langworth,Accept
Jonatan.Waters,Murphy_Swaniawski,Request
Effie.Schoen,Hosea.Cummings,Request
Elisa.Baumbach,Kaylee,Accept
Kacie.VonRueden,Sherwood,Reject
Cloyd_Morar,Mustafa,Accept
Lloyd_Kunze,Imogene.Reynolds,Reject
Jammie.Bechtelar,Kaylie,Request
Deangelo_Bayer,Kody,Reject
Estevan_Nicolas,Emmitt,Reject
Hailee.Dicki,Missouri_Schaefer,Reject
Trent_Cole,Lucie_Keebler,Request
Joy.Windler,Justice.Spencer,Reject
Noemy,Katheryn_Abshire,Request
Katlyn.Wolff,Camron_Kutch,Reject
Fredy_Beatty,Alexane_Fay,Reject
Thelma.Morissette,Anne_Stokes,Request
Caesar.Medhurst,Wilson,Request
Otis.Kuphal,Camille,Request
Meghan.Streich,Charity.Sauer,Reject
Birdie_Baumbach,Trudie.Herzog,Request
Rachael_Smitham,Joany,Request
Lacy.Thompson,Jenifer,Reject
Tate_Bruen,Demarcus,Reject
Ramon.Rutherford,Yasmeen.Kovacek,Request
Tom.Orn,Woodrow,Accept
Virgil_Hane,Betsy_Collins,Reject
Rebeca.Ryan,Xavier,Request
Vincent_Bosco,Houston,Reject
Camila.Crist,Trycia,Reject
Raegan_Jewess,Dena_Torphy,Accept
Marge_Trantow,Ollie,Reject
Anastasia.Barton,Bryon,Accept
Roel.Runolfsdottir,Adaline.Keeling,Reject
Jason.Bogan,Monte_Cartwright,Reject
Elaina_Feil,Bernhard_Larson,Accept
Pearl,Craig_Corkery,Reject
Kyleigh,Tre_Crona,Accept
Jaden.Hickle,Filomena,Accept
Henriette.Durgan,Bruce,Request
Solon.Herzog,Mortimer,Request
Roslyn_Koepp,Demarco,Request
Hazle.Lehner,Travis,Reject
Dorothy,Zita,Accept
Virgie_Heller,Giles_Wisoky,Reject
Madeline_Heathcote,Anabel,Accept
Verner,Rico.Yost,Reject
Roxanne.Tremblay,Deontae,Accept
Dominique.Ruecker,Jonathan,Reject
Rubye_Stiedemann,Lulu.Deckow,Reject
Maiya.Gulgowski,Immanuel.Stracke,Request
Yasmeen_Boehm,Kelsie,Reject
Giovani_Flatley,Eunice.Torp,Request
Dario,Eula,Reject
Macy.Harris,Lane,Accept
Payton.Smitham,Duane.Crist,Accept
Sarah_Beier,Serena_West,Accept
Giuseppe.Lesch,Viviane,Reject
Esmeralda_Bednar,Alia,Accept
Fredy.Metz,Olin,Accept
Sophie_Jakubowski,Pearline_Renner,Accept
Velva_Johnson,Jack_Cole,Request
Mireille.Williamson,Alexandria,Accept
Skye_Bins,Carlotta.Quigley,Reject
Angelina_Wintheiser,Horacio.Feil,Reject
Janice_Abbott,Arielle.Weissnat,Reject
Fern_Nicolas,Blaise,Reject
Sienna_DuBuque,Ignatius,Request
Justen.Howe,Emiliano,Request
Violette.McCullough,Lucas,Accept
Callie_Homenick,Isobel,Accept
Wellington.Murray,Susan.Cummings,Request
Emelia.Schuster,Mckayla_Legros,Accept
Clinton.Sauer,Halie_Koelpin,Accept
Margret_Marks,Grace_Simonis,Accept
Loraine.Brekke,Kennedy_O'Keefe,Reject
Markus,Amani_Shields,Reject
Donnie_Tillman,Tabitha.Fritsch,Accept
Chadrick_Brown,Chaya,Accept
Leta_Greenfelder,Vicenta,Reject
Mariela_Wyman,Summer_Orn,Reject
Finn_Bauch,Bernhard_Hamill,Request
Alexane_Fay,Tristin_Armstrong,Reject
Delaney.Schultz,Fredy.Pfannerstill,Request
Pasquale.Konopelski,Adele,Request
Rowan_Rippin,Kaleb,Reject
Edwin.Dicki,Napoleon.Corwin,Reject
Lelah.Sipes,Enid,Accept
Weston.Prohaska,Julia.Lemke,Accept
Torey.Fisher,Broderick,Accept
Shea.Spinka,Cecile.Bauch,Request
Claire,Kristofer,Accept
Jodie_Koepp,Okey,Reject
Chelsey_Stokes,Cristobal,Request
Heloise.Volkman,Jany,Request
Guillermo_Metz,Madie_Towne,Accept
Leonard.Howe,Angelita.Paucek,Request
Jerod_McGlynn,Cornell.McDermott,Accept
Loren,Sadye,Request
Shany_Hammes,Jeremy_Mertz,Reject
Gail,Constantin.Weber,Request
Julius_Beatty,Fay_Yundt,Request
Lucious_Heaney,Dana.O'Conner,Accept
Joana_Wuckert,Marie,Request
Bridget_Stokes,Nakia_Hackett,Request
Margaret_Steuber,Franz,Reject
Ewell,Joshuah_Ullrich,Reject
Blair.Lockman,Flavio,Request
Marc_Herman,Walton,Reject
Eula.Schumm,Olen_Jacobs,Reject
Jamir_Tillman,Shyanne.Crona,Request
Uriel.Collier,Torrey,Request
Benjamin.Mills,Eulalia,Reject
Nathan.Ledner,Korbin,Request
Fermin_Sauer,Abbigail,Accept
Reuben.Koepp,Dayna.Turner,Accept
Glenda_Will,Nash_Mohr,Request
Archibald.Cole,Julia,Reject
Hollis.Boehm,Dejon_Sanford,Request
Kari_Schmitt,Yazmin_Lehner,Reject
Lea.Lesch,Hallie,Request
Therese.Tillman,Naomie,Accept
Alize_Treutel,Katlynn,Reject
Edmond_Hilll,Pablo_Senger,Accept
Camren_Orn,Karelle.Champlin,Request
Aiden.King,Frederic.Heathcote,Accept
Lura_Franecki,Juwan.Marvin,Request
Araceli.Kuvalis,Dorthy,Request
Natalie.Prohaska,Vladimir_Waters,Accept
Sarah.Bailey,Eloisa.Marks,Request
Lucie_Beier,Yvette,Request
Brooke_Emard,Audreanne_Boyer,Accept
Hettie.Rohan,Erwin_Lowe,Request
Sharon.Bruen,Halle_Howe,Reject
Aleen,Caleigh_Wiza,Request
Easter_Eichmann,Nona,Accept
Betty_Tillman,Duncan_Langworth,Reject
Dandre.White,Fabiola.Koepp,Accept
Burley_Mertz,Meagan,Accept
Cordell_Strosin,Lexi.Vandervort,Reject
Clark.Douglas,Ophelia,Request
Marjory_Lubowitz,Kiana,Accept
Thora.Johns,Lucy,Accept
Bettie.Torp,Lucio,Accept
Misty.Bartoletti,Joanne,Request
Nathanael_Hickle,Newton.Hettinger,Request
Felipe.Abbott,Fermin,Reject
Shane_Mante,Tess,Accept
Ransom,Moises,Request
Olin.Littel,Kailyn.Farrell,Accept
Hayden_Hane,Rachael_Smitham,Accept
Jeanette.Kling,Florian_Keebler,Reject
Stevie_McLaughlin,Maggie,Reject
Malachi_Smitham,Chelsie.Gerhold,Reject
Dominique_Hudson,Jakob.Grimes,Reject
Maeve_Legros,Francesco,Accept
Garth.Feeney,Keely_Walter,Request
Fausto_Baumbach,Heloise,Request
Bernadette.Dickens,Seth,Reject
Delpha_Kassulke,Gaston,Request
Jacquelyn.Reilly,Myles_McDermott,Accept
Lawson_Reichert,Dayton_Dach,Reject
Ladarius.Bahringer,Anika.Breitenberg,Accept
Clovis.Bernhard,Estel_Marvin,Accept
Tobin.Nicolas,Elisha,Accept
Janessa_Boehm,Novella.Raynor,Accept
Verona_Pagac,Rasheed,Request
Emma_Marvin,Vernie.Schaefer,Request
Victoria.Huel,Aubrey,Accept
Linnie_Denesik,Coleman,Accept
Rowena_McClure,Isabell,Request
Ashtyn_Larson,Lukas,Reject
Kennedi.Blick,Shayna.Rau,Reject
Durward_Dibbert,Estevan.Bosco,Accept
Avery.Shanahan,Angelina.Bartell,Reject
Myles_Shanahan,Lottie_Klocko,Reject
Cornelius_Kautzer,Daisy_Schuster,Accept
Pasquale.Emard,Amanda,Reject
Bonnie.Wolf,Lesly,Request
Watson.Skiles,Brannon.Mohr,Reject
Tina_Frami,Lyric,Reject
Beaulah_Lemke,Tabitha,Accept
Vincenzo.Bartell,Freddy_Erdman,Reject
Derick.Howe,Norval_Russel,Request
Gregg_Rosenbaum,Reta,Accept
Obie,Larry,Request
Myron_Runolfsdottir,Rupert,Reject
Brycen_Tremblay,Valentina,Request
Emile.Grimes,Hester.Nienow,Reject
Robbie,Vinnie,Reject
Kasey.Hammes,Donnie,Request
Gail.O'Connell,Eugene,Request
Cordia_Nitzsche,Lourdes_Kemmer,Accept
Ariane_Dibbert,Alysa.Yost,Request
Hannah_Lesch,Esmeralda,Reject
Nicolas_D'Amore,Haylie,Reject
Romaine.White,Agustin.Dietrich,Reject
Andreane_Little,Dorothea,Accept
Benny.Metz,Elva.Kemmer,Reject
Dalton_Johns,Amanda.Jast,Accept
Nash.Mertz,Liza,Reject
Burdette.Kuvalis,Bernadine,Accept
Yolanda_Olson,Saul,Reject
Kacie_Bartoletti,Antwon.Feest,Reject
Misty_Murray,Hal.Lehner,Accept
Shaun.Schmidt,Junius,Request
Bethany.Haley,Edgardo.Aufderhar,Accept
Guido_Guªann,Miguel,Reject
Jamel.Greenholt,Fermin.Runte,Reject
Audie_Thiel,Ottilie_Raynor,Request
Wilfrid_Hudson,Rory,Reject
Sidney_Kessler,Sylvan.Doyle,Accept
Osborne.Funk,Genesis,Accept
Retha_Emard,Araceli,Accept
Amie_Ondricka,Cheyenne_Stokes,Reject
Lora_Harber,Jacinto_Shields,Accept
Okey.Predovic,Jason.Koch,Reject
Luigi_Christiansen,Devon_Lehner,Request
Cecile_Smitham,Jeanie,Reject
Myriam_Daugherty,Caterina.Blanda,Request
Claudine.McKenzie,Conor_Flatley,Reject
Karl.Frami,Benny_Turner,Reject
Marty.Bradtke,Rosalind,Accept
Myrtis.Mayert,Janelle.Nikolaus,Request
Concepcion.Feeney,Laurence,Accept
Talia.Dach,Reece,Reject
Vincenzo_Moen,Lavonne_Lind,Accept
Kallie,Kolby_Tillman,Reject
Maureen_Hauck,Alba,Request
Reggie_Schulist,Kristin,Request
Nicolas.Gulgowski,Grant_Hudson,Request
Kirk.Gusikowski,Jillian_Yost,Reject
Golden_Kerluke,Al_Kessler,Accept
Alexandro_Zulauf,Alyson_Reilly,Request
Beryl_Dickens,Avis,Accept
Roxane_Bogisich,Eliezer,Request
Brannon.Mohr,Onie.McClure,Reject
Sebastian.Parker,Litzy_Morissette,Accept
Germaine.Hills,Rigoberto_Baumbach,Reject
Maximus,Sydney_Beatty,Accept
Madeline.Bayer,Garrick_Cruickshank,Reject
Leo_Blanda,Lionel_Johnson,Reject
Roxane.Bruen,Americo_Rempel,Reject
Rudolph.Fritsch,Pinkie,Accept
Sister.Kris,Rosalee.Schuppe,Reject
America_Hickle,Monty,Reject
Priscilla_Turner,Valerie_Green,Accept
Tristian.Towne,Brittany_Erdman,Request
Jeramy_Greenfelder,Cleora,Reject
Reymundo,Darrell.Weissnat,Request
Alaina_Gusikowski,Nova.Bruen,Request
Celestine_Bernier,Chadrick.Bode,Accept
Derek.Stehr,Fabiola.Aufderhar,Reject
Alba.Maggio,Allie.D'Amore,Request
Drew.Kemmer,Sienna_DuBuque,Reject
Muhammad.Weissnat,Ellsworth,Accept
Ila.Bednar,Nigel,Accept
Oran.Runolfsson,Seamus.Kozey,Reject
Earline_Klein,Jose,Accept
Rasheed_Abbott,Katlynn.Jewess,Accept
Brigitte_Strosin,Emily_Mohr,Accept
Bella.Towne,Guadalupe,Reject
Armani_Runte,Luigi,Request
Mateo.Haag,Fausto_Boyle,Accept
Merl.Koss,Johan_Bogan,Accept
Lew_Jenkins,Brenden.Grimes,Accept
Anita.Johnson,Mohamed,Accept
Trey.Zboncak,Alfreda.Shanahan,Request
Amiya.Lockman,Jacklyn,Reject
Cielo_Nienow,Avery_Koch,Reject
Chris_Denesik,Daphney,Accept
Adolf,Haylie,Reject
Niko_Leuschke,Helga,Reject
Maiya.Pfeffer,Joesph,Accept
Brycen,Dahlia,Reject
Brionna.Cruickshank,Mozelle,Reject
Macy.Lubowitz,Elsa,Request
Vickie_Schmidt,Miguel_Stehr,Reject
Kennedi_Marks,Barrett,Request
Neil_Bechtelar,Billie,Accept
Gilbert.Champlin,Alivia_Gleichner,Accept
Al_Gulgowski,Eli.Harris,Reject
Matt_Stehr,Misty.Lynch,Request
Michael.Torp,Ross,Request
Kevon_Funk,Angeline,Request
Mariano_O'Hara,Eleanore,Request
Damaris.Sipes,Jennyfer_McLaughlin,Request
Thad.Kerluke,Bruce,Request
Yadira_Kassulke,Aliya,Accept
Tessie.Purdy,Shayna.Hegmann,Request
Manuel_Volkman,Angela_Mertz,Accept
Burnice,Derek,Reject
Zelma.Rau,Ken_Hills,Reject
Cyril_Kutch,Ryley.Hahn,Accept
Kirstin.Cormier,Helene.Schultz,Request
Edmund.Keebler,Flavio,Request
Raymundo_Macejkovic,Marielle,Request
Jett_Runolfsson,Margarett.Thiel,Request
Aurelio.Graham,Marco_Schumm,Accept
Murray_Ankunding,Chance_Prosacco,Accept
Waino_Nienow,Ardella_Walsh,Reject
Eugene_Hahn,Lenna_Jenkins,Accept
August.Kihn,Angelica_Lueilwitz,Request
Joan_Friesen,Van,Accept
Jarrett_Bode,Ulises_Ebert,Accept
Carmen.Denesik,Sid,Request
Katelynn,Isac,Request
Tyler_Kassulke,Katelyn.Barton,Reject
Stan.Little,Terry,Request
Kelley.Lesch,Raleigh.Klein,Request
Carolyn.Wilkinson,Zola.Weber,Reject
Ruthie_Leuschke,Ima_Stamm,Accept
Elvera_Batz,Jewel,Request
Lia.Harvey,Matilde_Russel,Request
Alf.Kuvalis,Isabell.Prosacco,Request
Ashleigh.Nader,Scotty,Request
Norval.Schmitt,Leonard,Reject
Stella_Turcotte,Lynn,Reject
Reuben.Wunsch,Arjun_Bruen,Accept
Alphonso.Dicki,Jean.Nader,Reject
Stephany.Friesen,Asia.Flatley,Request
Thelma.Sawayn,August.Kihn,Request
Leonora.Reilly,Kiel,Accept
Carolina.Thompson,Jorge_Okuneva,Accept
Cicero_Okuneva,Logan,Request
Marcella.Hudson,Abbie.Funk,Request
Nikko.Corwin,Vince_Schulist,Accept
Hilbert.Stark,Estell_Kiehn,Request
Orlo_Block,Michelle,Accept
Rachelle.Ziemann,Santina,Reject
Grace_Barrows,Nola_Frami,Accept
Kristoffer_Rogahn,Dennis,Request
Waylon.Conn,Alyson,Reject
Paxton_Osinski,Leopoldo,Request
Linda.Parisian,Hollis,Request
Sigurd.Powlowski,Yoshiko_Wuckert,Accept
Jarvis_Deckow,Adriel,Request
Kyra.Brakus,Xavier_Nolan,Reject
Heaven.D'Amore,Brian,Reject
August_Bartoletti,Marlin.White,Request
Manley.Rolfson,Lelah,Accept
Alejandra.Streich,Gustave,Reject
Francisca,Rowan,Accept
Merle_Kuhlman,Gracie,Accept
Domenick_Morar,Cassie.O'Kon,Request
Erik.Dickens,Stephon_Feest,Accept
Jovan.Jakubowski,Jaylen.Emard,Reject
Kendall.Denesik,Ricky_Bayer,Reject
Makayla_Labadie,Barney,Accept
Kaela_Robel,Vito,Request
Waylon_Considine,Isaias.Cummerata,Accept
Ashton_Moen,Damaris,Accept
Elian_Collier,Laurie_Fisher,Request
Florine_Ryan,Sabina.Trantow,Reject
Cody_Spencer,Arjun_Bruen,Request
Guillermo.Howe,Giles_Anderson,Request
Tiffany.Kassulke,Bonita.O'Hara,Accept
Thaddeus_Fadel,Whitney.Bechtelar,Request
Toby_Lynch,Ibrahim_Lockman,Request
Carolina_Bayer,Jared,Request
Natalie_Goodwin,Minerva,Reject
Ressie.Schaden,Bernardo.Blanda,Request
Ruthe_Cole,Agustin.Dietrich,Reject
Millie_Tremblay,Kiley.Kuhlman,Accept
Esta_Gerlach,Cordell_Strosin,Reject
Delia.Russel,Marjolaine.Lemke,Request
Timmy_Lehner,Odell_Cole,Accept
Hershel_Swaniawski,Stephan.Corkery,Request
Josh.Block,Camden.Bartoletti,Request
Cleta.Anderson,Noemy.HarÂªann,Reject
Shyanne.Oberbrunner,Jocelyn,Reject
Elinore.Bode,Owen.Feil,Accept
Joanne.Rau,Jennyfer_Daniel,Reject
Lavada_Hodkiewicz,Judy,Request
Angelo_Ziemann,Jayce,Accept
Joe.Jakubowski,Emmalee,Accept
Skyla.Padberg,Quincy.Bergnaum,Request
Celestine.Wisoky,Willy,Reject
Lourdes_Lowe,Katelyn,Request
Crystel_Mills,Abdullah,Accept
Kathryne_Von,Laurie.Goodwin,Request
Hardy_Murphy,Louvenia,Reject
Garland_Hilll,Anissa.Ferry,Request
Gaylord_Watsica,Roberta_Block,Accept
Justyn_Boyle,Janice_Medhurst,Accept
Shannon.Jaskolski,Alford,Reject
Aracely,Brandon.Sipes,Request
Dulce_Kunze,Jesse,Request
Dorothea.Hermiston,Marty_Hirthe,Request
Larue.Terry,Celestine,Accept
Edd.Cruickshank,Micah,Accept
Peyton_Langosh,Ernesto,Request
Chanelle_Herman,Patricia_Renner,Request
Dasia_Mohr,Rene,Reject
Kevon_Feil,Efren.Okuneva,Accept
Jon_Johns,Creola_Bahringer,Accept
Jacey.Schamberger,Cordelia_Keebler,Request
Abe_Hilll,Marguerite_Leffler,Accept
Briana.Wisoky,Clifton,Accept
Randall_Bernhard,Kenny,Accept
Jordane.Mosciski,Deshaun,Request
Lavada.Lehner,Dewitt.Cassin,Request
Judd.Dooley,Tania_Konopelski,Reject
Jairo_Roberts,Sheila_Powlowski,Reject
Rashawn_Murray,Ludie_Kovacek,Reject
Rickey.Jaskolski,Percival,Reject
Burley_Reichel,Pat_Wiegand,Accept
Rudy.Walker,Abe,Request
Ardella_Walsh,Durward_Dibbert,Request
Ike_Jacobi,Santina,Reject
Lindsey.Wunsch,Hayley_Monahan,Reject
Camille,Cordia,Request
Granville.Schiller,Judge.Kertzmann,Accept
Creola.Bayer,Giovanna,Request
Lue.Abbott,Grady,Reject
Webster.Douglas,Favian,Reject
Frederick_Moore,Treva,Request
Mollie.Watsica,Caden,Accept
Roslyn.Batz,Laurence,Request
Nigel_Hintz,Newton_Connelly,Request
Haylee.Windler,Golda_Schiller,Reject
Vesta.Rowe,Alexane,Request
Ardith_Macejkovic,Furman,Accept
Carlee_Dickinson,Jerel_Zieme,Request
Heber,Talon,Request
Arne_Kessler,Elmer_Kuhic,Accept
Xander_Gottlieb,Jeffery,Accept
Johathan.Collier,Amya.Wehner,Accept
Julius.Harber,Solon_Gottlieb,Accept
Franz_Block,Crystel_Schmeler,Request
Domenica_Collins,Martin,Reject
Desiree_Goldner,Wilfred_Tremblay,Request
Edwina.Goodwin,Khalil,Reject
Randall.Steuber,Kane_Cummings,Request
Natasha_Corkery,Brock_Marvin,Request
King_Mohr,Mohamed.Ryan,Request
Caitlyn_Stoltenberg,Gino,Request
Savanna_Stokes,Alverta,Accept
Sidney.Schuppe,Imani_Gleason,Reject
Floy_Batz,Mireya,Reject
Raven_Schneider,Felton_Torp,Accept
Dandre.Prohaska,Athena,Accept
Savanah_Abernathy,Delphine.Jacobson,Request
Aron_Lesch,Madelynn_Wiegand,Reject
Gilberto.Brakus,Araceli_Schulist,Accept
Carlie_Roob,Eve_Dach,Accept
Kaci.Windler,Ona_Beier,Accept
Sheila_Marks,Raegan_Bergstrom,Reject
Stephany.Heidenreich,Shanna_Auer,Request
Izabella.Yost,Finn.Hane,Request
Creola.Quitzon,Joesph.Hane,Reject
Fleta.Bartell,Arne,Reject
Brayan_Stark,Gene.Runolfsdottir,Accept
Heidi_Block,Hillary.Stanton,Request
Gustave_Weissnat,Sean,Reject
Erin_Mante,Dina_Weissnat,Request
Caterina.Blanda,Chadd_Olson,Accept
Blanca.Waters,Lemuel,Request
Darrell.Donnelly,Eve,Accept
Emmalee,Tremaine_Lockman,Request
Lincoln.Becker,Claude.Powlowski,Accept
Aracely.Hagenes,Flossie.McLaughlin,Accept
Jordane_Boehm,Kaia,Request
Alexandre,Lennie,Reject
Ryleigh_Goyette,Missouri_Schaden,Accept
Jose_Ledner,Tracey.Sawayn,Request
Leslie.Schoen,Loyce_Bauch,Reject
Demarcus.Ankunding,Keanu,Reject
Micaela.Schneider,Franz,Request
Trystan.Purdy,Flossie.Green,Reject
Barton_Jacobi,Elsie,Reject
Orrin_Mohr,Raphael_Kovacek,Accept
Ilene_Kshlerin,Destin_Collins,Accept
Leonardo.Ernser,Connie,Accept
Marcelina.Pacocha,Nestor.Schuppe,Accept
Greyson_Muller,Salvatore,Accept
Jean.Nader,Andres_Russel,Accept
Caleb.Upton,Shanna_Mitchell,Request
Hipolito_Schowalter,Alaina.Nicolas,Accept
Rocky_Casper,Monroe,Accept
Bobby.Frami,Mary,Request
Arvid_Howell,Frida,Reject
Reyna.Bechtelar,Jeff.Harris,Request
Rachel_Wintheiser,Zella,Request
Green.Mayert,Lucio,Reject
Jenifer,Marta.Adams,Accept
Muhammad.Eichmann,Hyman_Wintheiser,Request
Nona_Reilly,Unique.Bechtelar,Reject
Alyce.Cronin,Randall.Steuber,Request
Ettie.McLaughlin,Jacquelyn_Rice,Request
Bria_Weissnat,Kiara.Cummerata,Request
Annette.Jenkins,Stephen,Reject
Susan.Konopelski,Greg,Accept
Paxton.Labadie,Brock.Corkery,Request
Emilio_Hermann,Laurine,Request
Camden.Hodkiewicz,Eveline,Accept
Helmer,Theo,Accept
Jewel_Walker,Adrienne,Accept
Fredy_Windler,Mackenzie_Ziemann,Reject
Marion.Balistreri,Sophie.Crist,Request
Ova_Haley,Ezra_Rolfson,Request
Rusty_Hahn,Laurine.Trantow,Request
Darrell.Roberts,Chet.Bradtke,Accept
Marietta_Miller,Morton,Request
Sylvan_Anderson,Javonte.Marquardt,Reject
Luisa.Huel,Rickie,Accept
Rocio_Brown,Watson.Oberbrunner,Reject
Nannie.Bayer,Karlie.Jewess,Reject
Darrell.Becker,Jerod,Accept
Elliott_Koelpin,Deshaun.Dooley,Request
Jennings.Lebsack,Cleora_Reynolds,Request
Krystal.Klein,Randi,Reject
Davon_Schulist,Berry_Hilpert,Request
Lue.Schoen,Eileen_Jakubowski,Accept
Germaine.Kiehn,Hanna.O'Hara,Request
Monica_Muller,Kacey,Request
Chase_Yost,Ariel,Request
Elna_Boehm,Dustin,Request
Mike.Boyer,Cecilia.Lind,Accept
Cindy_Berge,Destiney,Reject
Laurence_Herman,Brooks,Reject
Consuelo_Gulgowski,Dasia,Reject
Johnathon_Gaylord,Trycia,Reject
Vance_Cormier,Allan,Request
Zackery.Kirlin,Vernice,Request
Ethelyn_Stroman,Annamarie,Request
Rosario_Leuschke,Ettie_Rohan,Accept
Fiona.Ondricka,Tabitha,Accept
Garth.Swaniawski,Chadrick.Beahan,Reject
Graham_Gulgowski,Carley.Aufderhar,Accept
Humberto.Kiehn,Devan,Accept
Helga_Abernathy,Dean_Quigley,Accept
Jenifer_Rice,Annabel,Accept
Aiyana_Reilly,Raquel,Accept
Amiya,Hipolito,Request
Maxie_Fahey,Sarai,Reject
Fermin.Sipes,Rozella,Accept
Mallie.Champlin,Harmon,Reject
Eula.Barton,Effie_Schneider,Request
Crystal.Sauer,Ezra.Reinger,Accept
Berniece,Nyah.Roob,Accept
Mathew.Smitham,Jan,Accept
Elbert.Tremblay,Dorian,Reject
Aileen_Wilderman,Maeve,Reject
Russ,Ellis,Accept
Noe.McKenzie,Oran,Reject
Anabel_Schowalter,Dahlia_Strosin,Reject
Elsa_Walter,Lane.Fay,Request
Anastasia_Kub,Lisandro,Accept
Marcel.Moore,Courtney,Request
Glenda_Ziemann,Daniela,Accept
Kelvin_Fay,Jeromy,Reject
Noemi_Howell,Emerson_Wehner,Accept
Lennie.Yundt,Dasia.Hand,Reject
Larry.Lemke,Sammie_Howell,Accept
Junior.Lemke,Kayley,Request
Jonathon_Kuvalis,Riley_Shanahan,Reject
Evert_Block,Luigi.Jaskolski,Accept
Lisette_Hand,Markus.Aufderhar,Request
Shanna_Auer,Mina_Huel,Accept
Ron_Lubowitz,Antonia,Accept
Yasmeen_Mosciski,Nikita,Request
Ross.Kreiger,Johathan,Accept
Garnett_Romaguera,Maxime_Goldner,Request
Destinee.Hoeger,Jett_Walsh,Reject
Meagan_Dicki,Cassandra,Reject
Dante,Carter.Douglas,Request
Thad_Kautzer,Adell,Reject
Gavin_Ratke,Maida,Accept
Nasir_Pagac,Marisol,Request
Celestine.Strosin,Billie,Reject
Alexane.Walsh,Marco_Schumm,Reject
Marcelina.Rowe,Ubaldo,Request
Rylee.Lowe,Hayley,Request
Johnnie.Reinger,Efrain_Fisher,Request
Emory_Dietrich,Eunice,Reject
Alf_Aufderhar,Sherwood,Reject
Rhett.Grimes,Vergie.Harris,Request
Katelynn.Nienow,Litzy,Reject
Bethel.Sipes,Alfonzo,Reject
Allan_Ankunding,Lisandro_Watsica,Accept
Lacy.Cummerata,Ted.Russel,Accept
Vicky.Wehner,Maribel.Wisozk,Request
Florence_Boyle,June_Smitham,Reject
Will.Ziemann,Daryl.Carter,Request
Peggie_Cremin,Foster.Gottlieb,Accept
Dallas.Reichert,Ila.Ullrich,Reject
Corbin.Prohaska,Murray_Ankunding,Reject
Halie_Koelpin,Jaylan,Reject
Jed_Hoppe,Ahmed.Schulist,Reject
Domingo_Johnston,Myrtis_Ullrich,Accept
Alia.Weimann,Beryl_Watsica,Request
Marshall_Harªann,Scottie_Davis,Reject
Arvid.Johns,Sydnie.Larkin,Reject
Juston_Willms,Theron,Accept
Kiley.Kuhlman,Alice_Tillman,Request
Scottie_Kemmer,Coleman,Request
Eloy.Johnston,Icie.Greenfelder,Reject
Jarred_Davis,Dakota,Request
Keshawn.Reynolds,Evan,Reject
Nova.Kautzer,Joana,Accept
Kaden_Mertz,Aiden.Zieme,Accept
Kory_Bode,Geoffrey.Hoppe,Reject
June.Kuhn,Sebastian,Accept
Otis_Bernhard,Marilyne_Kutch,Request
Veronica_Hills,Eloy_Lueilwitz,Reject
Noemie_Huels,Nathanial,Accept
Khalil.Hilll,Rosalinda,Request
Katelin_Kassulke,Mckenna.Feest,Accept
Mckenzie_Reilly,Kevin_Monahan,Request
Amely.Feest,Leopold,Request
Austen_Harvey,Jordy.Green,Reject
Luella.Kuhlman,Jeanie,Request
Nichole.Reichel,Kennedy.Predovic,Accept
Alvis_Pfannerstill,Roman,Reject
Abbey_Robel,Betty,Reject
Maurice_Farrell,Emmet,Accept
Lilly_Schiller,Angelina_Metz,Accept
Jacky.Kertzmann,Alison.Rogahn,Reject
Rhiannon_Corkery,Britney,Accept
Nora.Veum,Mercedes,Accept
Aric.Mayert,Jarrell,Reject
Kenny.Swift,Philip,Reject
Salma.Reichert,Madison_Zboncak,Accept
Kathleen,Vita_Langosh,Request
Mavis.Barton,Jennings_Lynch,Accept
Cierra.Douglas,Lorine_Wilkinson,Reject
Viva,Arvilla.Waelchi,Accept
Jettie.VonRueden,Cleta,Request
Garland,Rachael,Request
Yasmin_Conn,Ray,Reject
Wilfrid.Reilly,Shane_Emard,Accept
Karley_Price,Annabel_Harris,Accept
Florine_Russel,Verla,Accept
Wilfredo_Schultz,Lempi_Torp,Reject
Jonas_Cronin,Emely.Howell,Reject
Hayley.Mertz,Trenton.Wisozk,Accept
Ahmad.Hermann,Cordelia,Accept
Jaren_Schmeler,Zella.Goyette,Request
Rosemary_Parisian,Raphaelle.Yundt,Request
Dariana,Thurman,Accept
Abigale_Botsford,Caleigh.Stehr,Accept
Karley.Barrows,Felipe,Request
Emerald_Smitham,Russell_Hahn,Reject
Willie_Gleichner,Angus,Request
Randal_Dickinson,Delaney_Williamson,Reject
Breanne_Botsford,Lindsay.Fay,Reject
Kaelyn.Wiegand,Taurean,Request
Aubrey_Powlowski,Keon,Request
Elyse_Koelpin,Raina,Reject
Aidan_Orn,Riley_Shanahan,Accept
Alexandro.Prohaska,Giles,Reject
Alberto.Kuhlman,Jude,Request
Lexi_Harris,Art,Request
Rowan.Bailey,Garth.Swaniawski,Reject
Sheldon.Nitzsche,Leilani,Request
Melany.Kirlin,Dena,Request
Hazle.Streich,Era_Stroman,Request
Leanne.O'Connell,Maxine,Accept
Lottie.Botsford,Marilyne,Reject
Cornell.Lueilwitz,Nat,Reject
Gene.Kemmer,Jennie,Reject
Dorthy.Walsh,Kay,Accept
Glenda.Raynor,Hipolito.Schoen,Request
Roman.Schimmel,Jamarcus,Accept
Louisa_Eichmann,Travon.Barton,Accept
Percy_Jast,Emile,Request
Matilde.Batz,Baron.Wyman,Request
Filomena.Kerluke,Christy.Hyatt,Reject
Caitlyn.Skiles,Royal,Accept
Taurean,Brian,Accept
Jan_Herzog,Delta,Reject
Micaela_Grady,Laury.Schiller,Reject
Arielle_Smith,Raven,Accept
Annalise.Ryan,Lionel,Reject
Wendell.Tromp,Jeramie,Reject
Zul_Kris,Dock,Request
Ike_Conn,Payton,Request
Asha_Batz,Teagan.McCullough,Request
Joshua_Turner,Adelia_Howell,Accept
Merle.Fritsch,Bella_Schuster,Request
Osbaldo_Hamill,Brianne_Jacobson,Accept
Willis.Paucek,Allene_Okuneva,Request
Joshua.Smith,Andreanne.Kunze,Request
Gerardo_Towne,Abbie_Ratke,Accept
Brianne_Harªann,Marlee.Koch,Reject
Ryan.Monahan,Brooke_Casper,Request
Helena.Herman,Josianne,Request
Leone.Towne,Narciso_Gusikowski,Reject
Alanna.Wilkinson,Jammie.Braun,Request
Haylee.Beier,Catherine,Request
Silas.Friesen,Nathen,Reject
Asia.Flatley,Cecilia,Accept
Fredy,Lucius,Reject
Alfredo_Koch,Linwood,Reject
Jaida_Wisoky,Gwendolyn,Accept
Ephraim.Gerhold,Joy,Request
Declan_Durgan,Wilbert.Fisher,Request
Treva_Green,Lucio,Request
Hermina.Green,Magali,Accept
Aylin_Mayer,Janiya,Reject
Jordane_Carter,Dameon.Lockman,Request
Franz_Lehner,Jamir_Maggio,Request
Jensen.Hessel,Lowell_Bosco,Request
Wanda.Lemke,Spencer_Bahringer,Accept
Elyse.Lesch,Clifford,Reject
Elroy.Jacobi,Millie_Watsica,Reject
Cara_Price,Jasmin.Kiehn,Request
Kip.Gibson,Ferne,Reject
Genoveva_Schaefer,Harold.Morar,Request
Carol.Hegmann,Frederic_Wehner,Reject
Sylvia_Sanford,Sonny_Ondricka,Accept
Dante_Kihn,Rigoberto,Accept
Lyla.Kreiger,Amie,Request
Michale_Stokes,Jedediah_Mraz,Accept
Devan.Lebsack,Maegan,Reject
Vernie.Rutherford,Kameron,Reject
Delphine.Jacobson,Name.Mueller,Reject
Miracle.Kemmer,Jed.Berge,Accept
Hunter.Cremin,Eduardo.Rolfson,Request
Felicita_Lind,Kristofer_Schmidt,Request
Isabella_Jenkins,Sandy_Abshire,Request
Dorcas_Pagac,Rodger,Request
Natalie_Hickle,Eunice_Schroeder,Reject
Maudie_Upton,Frieda,Reject
Cathrine_Lebsack,Godfrey.Kuhn,Accept
Kelton.Schneider,Shanie.Langosh,Accept
Dixie_Roob,Caesar.Medhurst,Accept
Omari.Leuschke,Hoyt,Request
Brando,Stefanie,Accept
Garret_Aufderhar,Kristoffer.Prosacco,Accept
Adolfo_Fahey,Jett,Accept
Earl_Kris,Nya,Reject
Bradly_Orn,Elinor,Accept
Yvette_Ernser,Marjory_Fahey,Reject
Keeley.Walker,Reilly.Nicolas,Accept
Sarah.Schmidt,Ashlee,Reject
Jordon_Krajcik,Daren,Reject
Tobin.Thompson,Janet,Reject
Finn_Bayer,Darrick,Reject
Eduardo_Balistreri,Judson,Reject
Kattie_Heaney,Mary_Klein,Reject
Adrienne_Ruecker,Abner,Request
Buck,Cara_Price,Request
Lue_Mayert,Maxime.Dickinson,Reject
Rossie.Mitchell,Gabrielle.Fay,Reject
Karley_Leffler,Brycen.Walker,Accept
Yasmeen,Herminia,Request
Clifton.Lockman,Jasmin.Cormier,Request
Kristoffer_Monahan,Martin,Request
Jessica.Schowalter,Sammy_Kautzer,Accept
Maryse.O'Conner,Eliezer,Accept
Marcia.Stanton,Estel_Casper,Reject
Gianni.Franecki,Hal.Wunsch,Accept
Coty,Marcia,Accept
Mauricio.Ryan,Leonora,Reject
Flavie.Quitzon,Daisha,Accept
Dena.Schimmel,Janice_Wisoky,Reject
Aurelie.Hettinger,Dovie,Accept
Eleanora_Torphy,Samantha.O'Reilly,Accept
Erik.Abbott,Edna,Accept
Markus.Wuckert,Javon,Accept
Terence_Wolff,Alexanne.Yundt,Request
Mona.Hills,Thea,Request
Nannie.O'Hara,Mallie_Fahey,Accept
Amari.Mueller,Alexanne_Flatley,Reject
Karl_Harªann,Milo,Request
Hubert_Emmerich,Stefanie,Accept
Makenzie_Wunsch,Elna,Accept
Gertrude.Padberg,Katrina,Accept
Kristin_Kris,Chaya,Request
Narciso.Howe,Eula,Accept
Shana.Hansen,Mya_Mante,Request
Augustus.Bernhard,Lane,Request
Althea.Bednar,Alvena,Accept
Mitchell_Franecki,Maybelle,Request
Itzel.O'Conner,Aglae_Streich,Reject
Tyra_Watsica,Guy.Schultz,Accept
Quinton_Williamson,Ellsworth_Nader,Reject
John.Weimann,Willow.Watsica,Reject
Kevon_Lowe,Karine_Wolff,Request
Darrel.Senger,Ken,Accept
Brice.Towne,Joanne,Accept
Kaitlin.Cummerata,Janis,Reject
Sebastian.Rempel,Will,Request
Maxime_Weissnat,Itzel,Request
Ara.Buckridge,Alec_Effertz,Reject
Clarabelle_Marks,Alden,Accept
Martine_Greenholt,Curt,Request
Julianne_Barton,Nicola.McKenzie,Reject
Delbert.Altenwerth,Clair,Accept
Rey.Beer,Tom.Orn,Accept
Arthur.Kshlerin,Cloyd.Heller,Reject
Jaylin.Connelly,Kailyn,Accept
Savannah_Schimmel,Bud_Wolff,Request
Aliza_Padberg,Rex,Request
Dejuan_Medhurst,Elna,Reject
Ruthe_Sauer,Patience.Sauer,Reject
Mikel.Cummings,Chanelle.McCullough,Reject
Alayna.O'Conner,Camryn_Emmerich,Reject
Derek_Kreiger,Zora,Reject
Paul.Considine,Suzanne_Nienow,Request
Lonnie.Sauer,Lyla,Request
Jaquan,Elian,Request
Serena_Moen,Johann,Accept
Luna.Treutel,Monica_Muller,Accept
Bradly_O'Conner,Alicia,Reject
Keegan_Spencer,Crystal.Torphy,Accept
Gaetano_Langworth,Sam_Eichmann,Accept
Owen_Beatty,Emile,Request
Bernita_Jerde,Florian_Keebler,Reject
Maryjane_Harris,Retha,Reject
Sherwood_Kessler,Althea_O'Hara,Accept
Tremayne.Hyatt,Ollie.Witting,Request
Darrel_Kohler,Theron.Mitchell,Reject
Destinee.Vandervort,Guillermo,Request
Baron.Wyman,Kiana_Pfeffer,Accept
Vinnie_Stanton,Kaylah_Lindgren,Accept
Novella_Goodwin,Monte,Request
Nils.Predovic,Ozella,Request
Alexane.Hessel,Belle,Reject
Leanne.Corkery,Corine,Request
Tre.Price,Nettie.Daniel,Reject
Vern.Grant,Porter.Sipes,Accept
Cortney,Sallie.Cormier,Reject
Isaac_Kuhic,Domenica,Reject
Josh_Wilkinson,Emelie,Request
Kelley.Homenick,Rollin_Zboncak,Request
Dax.Hoppe,Hector,Reject
Maryse_Gibson,Blaze_Kemmer,Request
Kobe.Treutel,Finn,Reject
Joaquin.Upton,Lorena,Request
Richard.Heidenreich,Rubie,Request
Courtney.Renner,Holly,Request
Isabelle_Labadie,Green,Accept
Gerald_Cormier,Elizabeth_Upton,Accept
Adolphus_Heidenreich,Rosamond.Krajcik,Reject
Devan_Parker,Zackery,Reject
Laisha_Shanahan,Brendan_Russel,Reject
Thelma_Reilly,Erica.Wunsch,Accept
Janessa_Schinner,Newell_Connelly,Reject
Micah_Zboncak,Austyn,Request
Moises.Botsford,Muriel,Accept
Brando.Kihn,Haleigh,Request
Layne.Hodkiewicz,Cale.Lubowitz,Reject
Telly,Osbaldo,Reject
Major.Kuvalis,Eduardo,Accept
Lolita_Corkery,Edwina_Kuhn,Reject
Stan.Gibson,Verner,Reject
Filiberto.Huel,Destany,Reject
Kelsi.Dickens,Maxime_Zemlak,Accept
Annabell.Beier,Ellis,Reject
Elwin_Nienow,Kareem,Reject
Amir.Bartoletti,Janet,Accept
Marion_Stracke,Damion_Barrows,Request
Isaiah_DuBuque,Kellen,Reject
Eryn.Brown,Lonzo,Reject
Eleanora_Mayer,Frank,Accept
Carleton_O'Conner,Fay.Homenick,Accept
Agustina_Schumm,Vladimir.Ziemann,Request
Fredrick.Connelly,Assunta_Lebsack,Accept
Keara_Hoeger,Roberto,Reject
Mason.Bauch,Savanna,Accept
Pamela_Barrows,Emil,Accept
Percy.Raynor,Caterina,Reject
Reuben.Deckow,Madelynn.Hauck,Reject
Johanna.Ward,Herminio_Rempel,Accept
Ulices_Russel,Emery,Reject
Carlo.Hessel,Kayli,Reject
Bethel_Schneider,Ramona_Ledner,Reject
Gavin,Kim_Botsford,Request
Rasheed.Wuckert,Lazaro,Reject
Branson.Leannon,Sage.Collier,Reject
Foster.Gottlieb,Abbey,Reject
Lazaro_Ondricka,Emmy,Request
Rupert_Stroman,Katarina_GuÂªann,Request
Lilian,Everette,Accept
Casimer_Kerluke,Nathanael,Reject
Willis.Feeney,Kane.O'Conner,Accept
Leopoldo_Pacocha,Estella_Hirthe,Accept
Madisen.Nicolas,Lavern,Accept
Deion.Kling,Marty.Bradtke,Reject
Augustine.Satterfield,Wanda.Lemke,Reject
Mozelle.Barrows,Kevon,Request
Vickie_Orn,Christina_D'Amore,Request
Dylan_Schroeder,Keith,Request
Diego.Langosh,Salvatore,Reject
Orpha,Eloisa,Accept
Cathrine_Walter,Brannon_Kautzer,Reject
Linnie.Terry,Lyda_Walsh,Request
Emie.Little,Ora_Hettinger,Accept
Hubert_Smitham,Myra,Accept
Rosie_Moen,Mariam,Accept
Antoinette_Langworth,Billie.Rice,Accept
Estelle.Oberbrunner,Mayra_Williamson,Request
Peggie.Ward,Emelia.Mitchell,Request
Archibald.Lowe,Concepcion.White,Accept
Maximillian.Ferry,Heidi,Reject
Cleta.Walter,Percy.Klein,Accept
Brent,Wilfrid_Romaguera,Reject
Stephany_Runte,Tommie,Request
Immanuel.Weber,Fay.Smitham,Reject
Hal.Deckow,Wendell.Medhurst,Reject
Emil.Franecki,Caitlyn.Bashirian,Reject
Raina_Barrows,Cesar.Hansen,Accept
Hermina_Watsica,Eugenia,Reject
Cayla.Bayer,Fae,Reject
Elizabeth.Hudson,Willy,Accept
Enola_Wehner,Mavis,Accept
Marjolaine.Johnston,Loma,Accept
Bennie,Mohammed_Toy,Reject
Amya.Quigley,Madge.Hansen,Reject
Mathew_Schinner,Kevon,Accept
Shanna_Mitchell,Coby_Weimann,Accept
Blair_Mayer,Hal,Reject
Antonia.Spinka,Jodie_Rosenbaum,Accept
Lisandro_Metz,Shania,Request
Laurine.Mohr,Franz,Accept
Kaci_Langworth,Julianne,Request
Oliver.Marvin,Morgan,Reject
Maegan.Hegmann,Amari_Wiegand,Accept
Billy.Dach,Erwin,Request
Halle_Howe,Anibal_Konopelski,Reject
London.Marks,Roma,Reject
Justine_Buckridge,Trever_Tillman,Reject
Wilber_Dare,Marisol,Request
Virgil_Kessler,Abigail_Jacobson,Accept
Florian.Lind,Lilla_Hayes,Request
Lula.Block,Abe,Request
Justyn.McDermott,Corbin.Prohaska,Request
Eulah_Becker,Eloise_Harvey,Request
Andreanne_Kuphal,Mara.Franecki,Request
Kian.Bergnaum,Kenny_Kirlin,Request
Samara_Wyman,Gardner_Spinka,Request
Sunny.Moore,Holden,Accept
America.Quigley,Alberto,Reject
Willow.Watsica,Kenny,Reject
Aurore_Lubowitz,Elta,Request
Ena.Schinner,Meghan_Mraz,Request
Cordie_Altenwerth,Janelle,Request
Tia.Wiegand,Tyra.Donnelly,Accept
Adolfo.Feest,Dallas,Reject
Brown_Koss,Adaline,Request
Samson_Crist,Earl_Connelly,Accept
Leann_Weimann,Aliza_Mitchell,Accept
Oswald_Crooks,Katheryn_Medhurst,Accept
Darrel.Reilly,Vivien_Greenholt,Reject
Dolly.Graham,Triston.Pacocha,Accept
Orie_Runte,Kiley,Reject
Madge.Maggio,Franz_Prosacco,Accept
Cicero,Aida,Request
Winona.Bogisich,Eliseo,Request
Lambert_Wolf,Alba,Accept
Marianne.Botsford,Rogers,Request
Kamille_Torp,Ashly,Request
Lura.O'Hara,Gayle.Rau,Request
Adella.Hilpert,Minerva.Kautzer,Accept
Garret.Schultz,Nicholas,Reject
Llewellyn_Kassulke,Lupe_Williamson,Accept
Mekhi_Graham,Narciso_Gusikowski,Accept
Abel_Kuhlman,Koby,Reject
Franco_Maggio,Phoebe_Koch,Accept
Lance.Bosco,Dax_Kunde,Request
Enrique.Kerluke,Shanel.Brakus,Accept
Rosalyn.Kshlerin,Brown,Request
Dejah_Harªann,Bernhard_Lehner,Reject
Blair_Torphy,Alfonzo.HarÂªann,Reject
Sammie,Jared,Accept
Libbie.Lindgren,Dedric,Reject
Kellie.Carroll,Amaya_Bernhard,Reject
Leon_Russel,Caroline,Reject
Natalia_Mills,Humberto.Kiehn,Accept
Rudolph.Collins,Annamarie,Request
Sierra.Rippin,Margarita,Accept
Crystel_Schmeler,Elisabeth_Abshire,Accept
Carolyn.Hilpert,Ubaldo,Request
Sasha.Ryan,Maiya.Pfeffer,Request
Laurianne.Lueilwitz,Shemar.Kautzer,Request
Isai.Feeney,Randal,Reject
Jedediah_Conroy,Kiera_Ziemann,Accept
Kristopher_Lesch,Vickie.Cassin,Request
Aubrey.Heaney,Maggie_Hilll,Reject
Demond_Goodwin,Tobin.Streich,Reject
Yessenia.McLaughlin,Marques_Monahan,Request
Fermin.Feeney,Dakota,Accept
Jevon,Hadley,Reject
Randal.Rippin,Dell,Reject
Kyleigh_Grimes,Shayna,Accept
Javier.Kirlin,Sandra,Accept
Damion_Barrows,Destiny.Walter,Request
Giovanny.Kulas,River.Brekke,Reject
Wade_Kling,Clifton,Accept
Jovanny_Mueller,Everette,Request
Alexis.Mueller,Lucinda.Stiedemann,Request
Amy.Sanford,Betty_Waelchi,Reject
Dashawn_Lockman,Jefferey_Murazik,Reject
Bradly_Kihn,Dayton,Request
Kaela_Lehner,Nya,Reject
Vicenta.Morissette,Fletcher,Request
Emily.Schaden,Reginald_Hilll,Request
Nestor.Runolfsson,Bud,Request
Alfonzo.O'Connell,Dan_McKenzie,Request
Wiley_Kiehn,Alaina,Request
Garth_Heathcote,Toney.Bogisich,Accept
Adrianna,Myles,Request
Rosendo.Senger,Domenic,Request
Katharina_Weimann,Alexzander,Request
Shanny_Fahey,Caitlyn,Reject
Shaina.Franecki,Kylie,Reject
Ryleigh_Bashirian,Maryam,Accept
Terrell.Jacobson,Johnny,Accept
Alene.Mayert,Lexi,Accept
Hal_Ledner,Guillermo,Request
Dahlia.Weber,Ted,Reject
Jaeden_Streich,Alberto,Reject
Elfrieda.Runte,Owen,Accept
Darlene_D'Amore,Zora,Reject
D'angelo_Hand,Pauline,Accept
Rozella_Toy,Ryann,Request
Cedrick.Hansen,Joey,Reject
Adelbert_Zboncak,Jesse,Accept
Arno.Kris,Mariana.Miller,Accept
Donny_Kutch,Lamont.Johns,Accept
Oma_Krajcik,Dakota,Accept
Jaydon.Zboncak,Eulalia,Accept
Dallas_Grady,Weston.Shields,Reject
Dylan_Waelchi,Kacie.Kozey,Request
Felicia_Mraz,Nayeli_Lubowitz,Reject
Annamae.Russel,Mireya,Reject
Jerad.Koch,Stephany_Bednar,Request
Elbert_Brown,Bette_Thiel,Request
Bella_Green,Deven_Jacobson,Request
Myra.Pagac,Chanel,Reject
Enrique_Langworth,Laurie,Accept
Furman_West,Fabiola.Wilkinson,Reject
Jazmyn_Mosciski,Norberto.Schowalter,Reject
Selmer.Blick,Trycia,Request
Sibyl_Rogahn,Gerda,Reject
Keely_Gleichner,Grace,Accept
Elinor.Halvorson,Lawrence_Rau,Accept
Dangelo_Wisozk,Kyleigh_Grimes,Request
Schuyler.Mann,Ofelia,Reject
Rebekah_Kling,Emily,Accept
Abner_Weimann,Carey.Zieme,Accept
Kirstin.Kunde,Merlin,Reject
Bill.Jones,Myles,Accept
June.Little,Roberto_Kautzer,Accept
Leonard_Lowe,Rachelle.Ziemann,Reject
Pauline.Jacobs,Maia_Baumbach,Reject
Elisa.Volkman,Kavon.Breitenberg,Request
Mossie.Terry,Clemmie,Request
Karen.Boehm,Erick,Request
Margret.Kuphal,Veronica.Schneider,Reject
Kariane_Ferry,Eulalia,Reject
Joel.Windler,Taryn,Accept
Jermain_Rippin,Modesta.Von,Accept
Isabelle_Kerluke,Julio_Kunde,Reject
Sofia_Gerlach,Burdette.Leuschke,Reject
Lesly.Hahn,Jany,Accept
Eugene.Fritsch,Jamil_Flatley,Accept
Florian_Cole,Ethelyn_Gulgowski,Reject
Keven.O'Connell,Shaina.Kovacek,Reject
Hanna.Gibson,Donna,Request
Ressie.Ziemann,Cora_Tillman,Reject
Kasey.Pagac,Thomas,Reject
Berniece_Ruecker,Annamae,Request
Jacques_Padberg,Brooklyn_Schinner,Reject
Leonel_Koepp,Monique.Schamberger,Request
Elmer.Howe,Humberto_Sanford,Reject
Reid_Morissette,Alana_Kuvalis,Request
Claud.Renner,Pietro,Request
Braden_Parisian,Stuart_Bruen,Accept
Rupert_Bogisich,Emery,Request
Josue_Lehner,Brennan_Beier,Reject
Emmalee.Kuvalis,Lincoln,Request
Natasha.McLaughlin,Palma_Bradtke,Accept
Giovanna.Langosh,Joany,Accept
Angie.Donnelly,Jaron.Muller,Accept
Asa.Reynolds,Leopold,Reject
Antonietta.Stark,Shanie.Sporer,Reject
Gregoria.King,Brianne.Bradtke,Request
Jerad_Gaylord,Lue,Accept
Wellington_Rowe,Jules,Accept
Katelynn.Pacocha,Julie_O'Conner,Accept
Maxie_Zulauf,Neva_Carter,Request
Maribel.Stehr,Tatum,Accept
Adelia.Funk,Ceasar.Schuster,Request
Nya.Price,Kyleigh.Beier,Request
Gussie_Kling,Tessie,Accept
Rachel_Harris,Lyla,Accept
Dayana.Kerluke,Katlyn_Abshire,Request
Chasity_Predovic,Magali.Reilly,Accept
Else.Thiel,Sonny,Accept
Breanna_Gorczany,Nikko_Dooley,Request
Johnson,Micaela,Accept
Jadon_Lueilwitz,Salvatore_Langosh,Request
Horace_Stiedemann,Shakira,Reject
Reymundo.Klein,Duncan_Turner,Accept
Gretchen.Lang,Judson_Schulist,Reject
Lorenz_Roob,Antwon,Reject
Yvette.Kassulke,Cathrine.Adams,Reject
Alejandrin.Eichmann,Lon,Request
Gwendolyn_Thompson,Kendrick.Von,Request
Melyssa.Emard,Vince_Homenick,Accept
Ethan.Walter,Ernesto,Accept
Theodora_Terry,Samara.Schroeder,Accept
Enola.Connelly,Hayden_Johnston,Accept
Herbert_Guªann,Kaylee.Schuster,Reject
German,Jackeline_Harris,Request
Deshaun.Ritchie,Tracey.Macejkovic,Request
Royal_Brakus,Randall.Kshlerin,Request
Green.Stoltenberg,Morgan_Moen,Reject
Pearline_Osinski,Patricia_Barton,Accept
Myrna.Turcotte,Edgar.Kuphal,Request
Phyllis.Lueilwitz,Harmony,Reject
Austen,Janie,Request
Brown_Feil,Hadley,Reject
Ova_Buckridge,Brad,Reject
Angie_Stanton,Rosalind,Accept
Marcelo.Ankunding,Noe.Fisher,Request
Rosalyn.Hodkiewicz,Lysanne,Accept
Elissa_Rosenbaum,Malinda_Koss,Accept
Hudson.O'Connell,Israel,Request
Lilly.Langosh,Orland,Request
Harmony_Schultz,Guido.Boyer,Accept
Brad_Stracke,Sanford.Macejkovic,Request
Ericka.Jast,Alan.Pollich,Accept
Amaya_O'Keefe,Johann.Cremin,Accept
Delbert_Terry,Esperanza,Request
Pietro_Tremblay,Molly,Accept
Zane.Ernser,Aliza,Reject
Florencio.Goodwin,Reece_Brakus,Request
Lulu.McCullough,Renee_Renner,Request
Lorenz.Hermann,Seth,Request
Elliott.Armstrong,Kaylee,Request
Leo_Luettgen,Cullen.Block,Accept
Macy.Mann,Hassie,Reject
Bradford,Eli,Accept
Antonina.Beahan,Alexa,Request
Clinton_Mohr,Crystel.Runte,Request
Julian.Hand,Laurie,Request
Katrina_Hessel,Justina.Torphy,Request
Brenna.Gerlach,Amely.Hyatt,Request
Desiree.King,Dianna_Armstrong,Reject
Erling.Reichert,Frieda,Reject
Benton_Medhurst,Gerard,Reject
Wellington_Schamberger,Kieran.Harvey,Accept
Leanne.Rempel,Nedra.Eichmann,Request
Mose.Wiza,Raven,Accept
Blaise_Hammes,Krista.Runte,Request
Sidney_Cremin,Walker_Funk,Accept
Vince_Berge,Keanu,Request
Simone.Maggio,Katrina,Reject
Erika_Reichert,Daron,Accept
Thora.Prosacco,Kaela.Schuppe,Reject
Ernest.Grant,Cheyanne,Reject
Nikita,Victoria_Paucek,Request
Alisha.Skiles,Ole,Request
Juanita_Wehner,Muriel.Hegmann,Reject
Xavier_Grant,Jedidiah,Reject
Montana.Weissnat,Jasper.Bednar,Reject
Tianna_Crist,Rocky,Reject
Maggie_Hilll,Maia,Reject
Pauline.McClure,Micheal.Keeling,Reject
Maynard_Koch,Darrel.Bartell,Accept
Giovani_Schuster,Kim,Reject
Victor_Ankunding,Sabina,Reject
Aniya_Huel,Camryn,Request
Brennon.Lesch,Katelyn,Request
Marilyne_Carter,Mortimer_Wolff,Accept
Izaiah_Rau,Ellie,Request
Barbara.Bechtelar,Cassie.Schoen,Request
Marjory_Fahey,Tyrese,Reject
Greg.Corkery,Nicholaus_Ullrich,Reject
Bernard_Orn,Nick,Accept
Tyree.McGlynn,Enid,Reject
Philip.Schuster,Nikki,Reject
Wava_Farrell,Hayley.Farrell,Request
Lucio_Runolfsdottir,Cleta,Reject
Ramon.McLaughlin,Benjamin.Mills,Reject
Randi_Turner,Gus,Request
Candida,Demarco_Kerluke,Accept
Diana_Homenick,Erin.Orn,Accept
Harmon,Shemar.Funk,Accept
Christ_Bernier,Vicente,Request
Coy.Schaden,Reed_Cruickshank,Reject
Jo.Farrell,Mike,Request
Paige.Waelchi,Edwina.Goodwin,Accept
Jonathon_Anderson,Zelma.Kemmer,Request
Eliezer.Schoen,Leopold,Reject
Luis.Hills,Iliana_Ruecker,Reject
Tabitha.Bahringer,Rollin,Accept
Edna_Boyer,Dexter.Kuphal,Accept
Trinity_Legros,Odell_Nolan,Request
Khalid_Franecki,Lisa,Request
Tyra,Esmeralda_Bednar,Request
Enrique.Hane,Shaniya_Shields,Reject
Jerod_Legros,Tia,Request
Norberto_Murazik,Tess.Walter,Accept
Reese.Walsh,Roel.Runolfsdottir,Accept
Destini.Kassulke,Ericka,Accept
Amos.O'Kon,Clemmie,Accept
Antonetta_Price,Makayla.Sanford,Request
Margaret.Kihn,Cortez.Hilll,Reject
Lottie_Klocko,Erwin.Wilderman,Reject
Antone.Runte,Adrianna,Reject
Raegan_Nader,Ophelia,Request
Davin.Bahringer,Sydni,Accept
Mortimer_Walsh,Javonte_Feeney,Request
Calista.Parisian,Myles,Accept
Angelita.Littel,Rico_Lindgren,Accept
Benjamin_Hills,Clifton.Robel,Request
Genesis_Tillman,Arjun,Accept
Carson.Goyette,Dylan,Reject
Chase.Keebler,Phyllis,Accept
Annabel.Runte,Rosie,Accept
Theodore.Murphy,Kaylie,Request
Wilfred.Schuppe,Martine,Reject
Cloyd_Kautzer,Gianni_Labadie,Reject
Luisa,Matilda_Labadie,Request
Alexanne_Hamill,Mauricio,Request
Edmund.Jenkins,Stacey,Reject
Alberta.Littel,Loyce_Purdy,Request
Rosa_Zboncak,Geovany_Leuschke,Request
Rebekah.Lowe,Hallie.Schaden,Accept
Florencio.Miller,Arturo,Request
Krystina_Zboncak,Annie,Accept
Keenan.Mann,Tyrell,Accept
Tony_Reynolds,Torey.Weissnat,Accept
Lourdes_Kemmer,Louie.Miller,Reject
Katlyn.Dickinson,Verda,Accept
Ellsworth_Ondricka,Milford,Accept
Zoey.Lind,Kiera_GuÂªann,Request
Milan_Bradtke,Annabel_Schimmel,Reject
Clifton.Robel,Opal,Reject
Sabina.Schmitt,Guy.Kris,Request
Kristofer_Schmidt,Kristofer,Reject
Malinda_Koch,Blaze,Reject
Deangelo_Dare,Hal.Deckow,Accept
Jannie_Wiegand,Johnpaul_Yost,Request
Kennith.Kuphal,Deontae.Weber,Accept
Kiana_Schulist,Holden,Request
Aletha.Reinger,Calista,Reject
Madeline,Juanita_Tillman,Accept
Anahi_Nader,Maegan_Purdy,Accept
Reginald_Lowe,Adrienne,Reject
Okey_Crist,Raphael_Aufderhar,Request
Roslyn_Gutkowski,Payton,Request
Sister.Goodwin,Keanu,Request
Wilson.Hane,Vita.Beer,Accept
Gilberto.Mueller,Ressie.Schaden,Accept
Ludie_Stark,Carolyn.Hilpert,Request
Alberta_Ritchie,Meaghan,Reject
Leonardo_Von,Aron,Reject
Torrey.McLaughlin,Desiree.Farrell,Reject
Savanah_Ebert,Conor.Kihn,Request
Jillian.Roberts,Elvis,Accept
Albertha_Hansen,Kristofer,Request
Cara.Stracke,Lemuel.Schowalter,Reject
Lisa_Witting,Savanna_Boyle,Accept
Elisabeth_Schumm,Rosendo.Graham,Reject
Caleb_McLaughlin,Cyrus.Reilly,Request
Chasity.Ferry,Iliana_Ruecker,Accept
Kavon_Jewess,Myrl.Armstrong,Reject
Carol_Breitenberg,Richard.Auer,Accept
Freddy_O'Kon,Kelley.Lakin,Request
Leone_Kreiger,Carlee_Farrell,Reject
Gabrielle_Rath,Virgie_Heller,Reject
Jeremy.Koss,Ryleigh,Accept
Lenora.Schiller,Carley,Request
Amy.Schmeler,Keira.Jenkins,Reject
Yasmeen.Tromp,Rickey_Lehner,Accept
Josh_Collier,Amaya_O'Keefe,Accept
Willa.Reilly,Mac,Request
Keeley.Pfeffer,Liza,Accept
Braulio_Casper,Newton.Hettinger,Reject
Adriel_Hane,Addie,Reject
Coty.Bashirian,Sophia,Request
Evans.Bernhard,Dasia,Request
Margret.Jones,Marc,Reject
Cordell.Schaefer,Deonte,Accept
Bert.Schowalter,Kyler.Rodriguez,Request
Jaydon_Flatley,Letha,Reject
Kelsi_Rippin,Alphonso,Accept
Ubaldo.Abbott,Lloyd.Schmidt,Reject
Junius.Russel,Estella,Accept
Sam_Aufderhar,Elroy,Request
Wilson_Hand,Marco.Bernier,Reject
Gina.Luettgen,Nona,Reject
Wilburn_Schneider,Columbus,Reject
Elvera_Moore,Foster_Kovacek,Reject
Roselyn_Adams,Yazmin_Waelchi,Request
Leora.Lindgren,Kendra,Accept
Astrid.Conn,Soledad.Mante,Reject
Blanca_Wolf,Mariah,Accept
Elyssa.Bahringer,Cortez_Wuckert,Request
Adolphus_Jacobi,Maynard_Koch,Reject
Augustus_Buckridge,Jerod_Emard,Request
George.Jenkins,Billie,Reject
Rossie.Collins,Madie,Reject
Robyn.Hilpert,Golden,Request
Talia.Kris,Hayley_Hills,Reject
Carroll.Grimes,Jody,Accept
Leonora_Cassin,Dixie,Request
Esperanza_Powlowski,Alex,Request
Sigrid.Okuneva,Norris.Veum,Request
Giovanny.Harvey,Norene,Reject
Sylvia_Ullrich,Russell_Franecki,Reject
Freeman.Stoltenberg,Corbin,Accept
Brandon.O'Keefe,Domenic,Accept
Hallie.Schaden,Rickey,Reject
Shawn,Marilyne.Roob,Accept
Opal_Swift,Adrain,Accept
Emilio.Kirlin,Meghan_Mraz,Accept
Emile.Becker,Karl,Request
Nakia_McClure,Elza_Blick,Request
Claudie_Kub,Adriana,Reject
Elenor_Erdman,Peggie.Jacobi,Request
Virginia.Krajcik,Novella,Request
Kelvin.Jaskolski,Daniela_Gerlach,Request
Adolf_Pfannerstill,Chester_Weber,Reject
Ariel_Howell,Steve.Rohan,Accept
Josephine,Elyse,Accept
Cheyanne.Heller,Christa.Miller,Request
Mariano.Thompson,Josefina_Kunze,Request
Nick_Mann,Mellie_Wolf,Accept
Jefferey.Beer,Lexie.Schmitt,Accept
Ivory_Kozey,Cydney,Reject
Heath_Bergstrom,Howard.Kiehn,Accept
Mafalda_Parker,Dandre,Accept
Harley.Bins,Jairo,Reject
Minnie.Flatley,Jayden.Wuckert,Accept
Orlando.Stracke,Oscar,Reject
Jay_Reynolds,Catherine_Bailey,Reject
Elnora_Balistreri,Frances,Request
Jermain_Hilpert,Lexi,Accept
Lou_Mante,Chelsea_Howell,Accept
Jabari_Gulgowski,Cali_Hoppe,Accept
Brennan_Rempel,Araceli_Zulauf,Reject
Antwon_Medhurst,Jana_Bradtke,Request
Marcella_Kertzmann,Helen,Accept
Grady_Schneider,Adelia_Bogan,Request
Major.Robel,Beaulah.Kutch,Accept
Ayden.Waters,Arne_Hauck,Accept
Noe.Kessler,Brandon,Accept
Mavis_Mills,Adalberto.Farrell,Reject
Garret.Huels,Mina,Request
Judd.Schneider,Hortense.Olson,Accept
Hester.Langworth,Norbert,Reject
Carleton,Isadore,Reject
Verona.Keebler,Berneice_Johnson,Request
Aliza_Robel,Deshawn,Accept
Ludie.Wyman,Imani,Accept
Eldon.Quitzon,Julio_Kunde,Request
Kenny.Conroy,Rhianna,Accept
Marisol_Abshire,Vernice_Weimann,Reject
Gretchen_Carter,Zachary_Kemmer,Request
Catherine_Orn,Monserrat,Accept
Winona_Tromp,Cynthia,Accept
Josefina.Berge,Phoebe_Kemmer,Request
Ariane_Treutel,Kathlyn,Reject
Marta.Botsford,Gianni.Prosacco,Accept
Tiffany.Rempel,Lelah,Reject
Godfrey.Schroeder,Juanita,Reject
Shanelle_Hoeger,Lafayette_Ebert,Request
Jeff.Kilback,Elenor.Walker,Reject
Alivia_Leuschke,Rey,Request
Lazaro_Mills,Consuelo.Marvin,Request
Janelle.Nikolaus,Georgiana,Accept
Gilberto_Von,Kristoffer.Koelpin,Request
Muriel.Rath,Otho_O'Keefe,Request
Katharina.Padberg,Bertha_Nienow,Accept
Elizabeth_Upton,Monserrate_Cummerata,Request
Yadira.Waelchi,Jaylan_Bogisich,Reject
Rex_Adams,Adan.Daniel,Request
Adolphus_Nolan,Cydney,Reject
Aron_Fritsch,Edmund,Accept
Robbie_Mitchell,Jeramie,Reject
Delpha,Clarissa_Farrell,Accept
Stanford,Simone.Lehner,Accept
Nikolas.Witting,Ellsworth,Reject
Antonietta_Lehner,Burnice,Request
Jakayla_Bode,Elroy,Request
Florida.Ryan,Jamaal_Sanford,Reject
Myriam.Mraz,Wayne,Request
Vivian.Wyman,Ayden,Request
Sharon.Jenkins,Karen.Boehm,Accept
Jerad.Feeney,Urban,Request
Geovanni.Wyman,Rhiannon,Request
Idella.Bauch,Graciela_Wisoky,Reject
Macey.Mayer,Israel,Request
Demarcus.McKenzie,Armando,Reject
Noelia.Okuneva,Brenna.Witting,Reject
Willow.Daniel,Jody,Request
Ramon,Roscoe,Reject
Cyril_Turner,Amaya.Boyer,Accept
Mittie.Cronin,Alexane.Walsh,Accept
Barrett.Bechtelar,Retta,Request
Keeley.Douglas,Rodrick.Reichel,Accept
Selina_Eichmann,Darron,Accept
Germaine_Harris,Margarett,Accept
Wilhelmine.Rath,Mertie,Request
Jace_Gorczany,Werner,Reject
Cecile_Legros,Mohamed_Ledner,Accept
Ciara_Davis,Vada,Request
Maynard.Wolff,Madison.Hansen,Accept
Jennyfer.Mante,Marie_Sipes,Request
Caleb_Daugherty,Clementina,Accept
Cyril_Spinka,Jamey,Accept
Maribel.Wisozk,Aric.Mayert,Accept
Drew,Barrett,Request
Clotilde.Hintz,Anjali,Reject
Alexandrine_Runte,Kim,Request
Logan,Mariah,Reject
Theo_Bartell,Amos.O'Kon,Accept
Palma.Swift,Merlin_Moore,Accept
Andre.Howell,Lura_Shields,Request
Lera_Haley,August,Reject
Ruby_Herzog,Neoma.Lehner,Request
Emile_Johns,Burdette,Request
Raphael.Kub,Octavia_Parisian,Accept
Zetta,Aron,Accept
Glen_Koss,Trevion,Accept
Tyrel.Larson,Horacio.Crooks,Reject
Broderick.Muller,Benton.Sawayn,Reject
Dashawn.Swaniawski,Will_Ullrich,Request
Jonas_Adams,Martine,Accept
Deven_Kuhlman,Alexandro,Reject
Victoria_Franecki,Kayli.Cartwright,Request
Destini_Hirthe,Mellie,Request
Lilly.Boyer,Eloisa,Reject
Nicholaus_Rohan,Edison,Request
Krista_Mueller,Alexa,Accept
Rhianna_Huel,Roberta.Keeling,Request
Robbie.Huel,Frieda,Reject
Ole_Kautzer,Myrtle,Request
Anissa.Murazik,Verona.Rolfson,Request
Nichole_Hoeger,Alba,Accept
Kenyatta.Kihn,Lilliana,Accept
River.Kohler,Elwin,Request
Angelica.Wiegand,Zena,Accept
Trudie.Monahan,Jovan_Roberts,Accept
Stacey.Ratke,Chester.Collier,Reject
Caden.Pfeffer,Milo,Request
Buster.Spencer,King_Larkin,Request
Raphael.Fritsch,Bettie_Boyer,Accept
Bertram.Osinski,Zakary,Request
Eleazar_Bayer,Roderick,Request
Bartholome.Hoppe,Rodrick,Request
Alva.Turcotte,Weston_Kshlerin,Reject
Jamir_Glover,Emerson,Request
Kathlyn_McClure,Aliya,Accept
Ezra.Willms,Guido_Quigley,Reject
Lavonne.Schneider,Dina,Request
Nathanael.Schoen,Nestor,Accept
Ivah_Little,Cullen.Block,Request
Luisa.Hyatt,Cielo_Hackett,Reject
Kamren.Dooley,Cruz.Stoltenberg,Request
Mellie_Raynor,Elenora,Request
Aleen_Dickens,Jevon.Windler,Accept
Adrain_Leuschke,Juvenal.Schinner,Accept
Eleanore_Reichel,Hayley,Request
Steve,Cydney,Accept
Newton_Connelly,Thelma,Accept
Eleanora_Hodkiewicz,Joany.Hodkiewicz,Reject
Emilie_Ledner,Santiago,Accept
Trinity.Feest,Laura,Request
Ivah.Daniel,Davon_Schulist,Reject
Maggie_Boehm,Kobe,Request
Laney.Metz,Verna,Reject
Mavis_Streich,Tessie,Request
Daisy_Bednar,Rodger_Reynolds,Accept
Nico.Stark,Alvis_Schimmel,Reject
Samir_Fay,Sage,Accept
Pascale_Konopelski,Noble,Request
Omari.Collins,Aurelia.Jacobson,Accept
Dorthy.Nitzsche,Erika,Accept
Onie_Sipes,Helena,Accept
Ottilie.Romaguera,Thomas_Rosenbaum,Reject
Mya_Kessler,Enos,Accept
Josefa.Witting,Matilde,Accept
Amparo.Murazik,Genoveva,Reject
Dennis_Cummerata,Rocky,Accept
Bernie.Kerluke,Coby,Accept
Tremayne_Jewess,Nigel_Mann,Accept
Rodrigo_Koelpin,Corene,Reject
Scot_Quigley,Delfina_Smitham,Accept
Jorge_Marquardt,Deshaun.Brown,Reject
Terrence_Lehner,Casey_Streich,Accept
Roderick_Kautzer,Andy_Corkery,Request
Patricia_Barton,Maymie.Goldner,Accept
Whitney_Ebert,Lafayette,Reject
Norris.Waelchi,Angelita,Request
Tevin.O'Conner,Weldon,Reject
Citlalli_Bednar,Quincy.Ortiz,Reject
Miracle_Shields,Newell,Reject
Niko_Beier,Nyah,Reject
Maybell_Streich,Quincy,Accept
Golda.Mosciski,Johnny,Accept
Garfield_Marks,Timmothy_Dickens,Reject
Mohamed.Kilback,Mavis.Barton,Accept
Lucie.Jacobson,Cydney,Accept
Theo.Sporer,Caleigh,Request
Linnea.Pouros,Reggie,Reject
Ottis.Reinger,Vincent_Monahan,Accept
Emilio_Treutel,Tristian.Aufderhar,Accept
Darrick_Dickinson,Lukas,Request
Autumn_Lynch,Shea_Pouros,Accept
Friedrich.Gaylord,Jamar_Gleason,Reject
Arne_Hauck,Norma.Adams,Reject
Buford_Mills,Wendell,Accept
Kaylie.Kub,Ezequiel,Request
Dariana.Langosh,Daisha,Reject
Wilfredo.King,Estelle.Oberbrunner,Request
Presley.Hills,Ines,Request
Odessa.Kling,Kayley_Koepp,Accept
Kasandra.Christiansen,Parker_O'Connell,Accept
Fermin.Runte,Robert,Reject
Mylene_Welch,Vernon,Reject
Brisa.Kirlin,Marcia_Brakus,Request
Carole.Hirthe,Valentin,Request
Sammy_Hayes,Gregoria,Request
Chadrick_Rosenbaum,Adelia,Accept
Eldridge.Murazik,Florida_Von,Reject
Daniela_Ankunding,Harvey.Cruickshank,Request
Jessyca_Feest,Elliott,Request
Abigail_Herzog,Trent.Hamill,Accept
Abigail.Koss,Reta_Monahan,Reject
Meredith.Hyatt,Mitchell,Request
Dennis_Nikolaus,Emilie,Reject
Dylan_Ankunding,Estefania.Pollich,Request
Karlie.Nicolas,Lila.Beatty,Reject
Nyasia,Brayan,Reject
Cierra.Kulas,Tobin,Reject
Allene.Rice,Faustino,Request
Edwardo,Xander_Kshlerin,Accept
Thad_Sawayn,Keven,Accept
Zion.Sawayn,Willie_Gleichner,Reject
Joseph.Borer,Domingo,Reject
Hosea_Boyer,Paxton,Accept
Cristian.Strosin,Jerel.Cummerata,Request
Michale.Kassulke,Jaydon.Hermann,Accept
Dusty_Schneider,Gabriel.Leuschke,Reject
Sylvester_Leffler,Pablo_Bechtelar,Request
Destini.Farrell,Ashton,Accept
Suzanne_Bogan,Margaret,Request
Angela,Edna.Considine,Reject
Elisa_Wiza,Easton_Osinski,Request
Johnathon.Ebert,Nola,Reject
David_McCullough,Nona_Balistreri,Reject
Sarah.Hintz,Delmer,Reject
Freeman.Brakus,Shannon,Reject
Heath_Runte,Samara.Wilderman,Request
Destiny.Cartwright,Precious,Request
Josephine.Block,Brent_O'Keefe,Request
Brennon_Sipes,Geovany_Leuschke,Reject
Tyson.King,Conor,Reject
Maximillian.Greenfelder,Keyshawn_Marvin,Reject
Henry.Fay,Jessika,Reject
Shaina_VonRueden,Destin,Reject
Jessica_Marquardt,Archibald,Accept
Melany.Runolfsson,Shanie.Langosh,Reject
Pansy_Schuster,Jaqueline,Request
Madelynn.Roob,Edgar,Request
Francis_Reinger,Reba_HarÂªann,Reject
Lue.Yost,Celine,Accept
Milton_Greenfelder,Kelsi_Rippin,Request
Nikolas_Prohaska,Ettie,Request
Einar.Gibson,Elissa,Accept
Michaela_Gislason,Irma,Accept
Sigurd.Anderson,Corbin_McClure,Request
Brittany_Erdman,Lucio.Grimes,Accept
Addison.West,Maymie,Reject
Freida.Reichert,Destinee_Hodkiewicz,Accept
Gabriel.Keebler,Osbaldo_Gerlach,Reject
Peter,Anais.Bauch,Accept
Maya_Murray,Taryn,Accept
Myah.Rau,Laurence.Rath,Accept
Jaunita.Gleichner,Verner,Request
Amelia_Breitenberg,Lottie_Klocko,Request
Hermina_Johnston,Nyah,Request
Marta.Brakus,Destany,Reject
Vinnie.Douglas,Araceli.Buckridge,Accept
Garrick_Lind,Susie.Hegmann,Accept
Louie_Keebler,Lorenza,Request
Beulah_Blick,Freeman.Kuhic,Request
Litzy,Dangelo,Accept
Reta_Thiel,Matt,Request
Willa_Klein,Magnolia,Accept
Dorthy.Schinner,Emiliano.Schulist,Accept
Kole_Ruecker,Enid,Accept
Retta.Harªann,Hilbert.Kirlin,Reject
Gladys_O'Conner,Ezequiel,Request
Lew.Miller,Jovanny,Request
Hobart_Batz,Carmel,Accept
Ivy.Hansen,Norris.Willms,Reject
Destini_Dare,Marisol_Mueller,Request
Rowland_Greenfelder,Desiree.Abernathy,Accept
Marcelo.Grimes,Zakary.Schuster,Accept
Chadd_Pouros,Krystina_Zboncak,Request
Darron.Schroeder,Guido.Boyer,Request
Duncan_Lowe,Ofelia,Request
Jasper_Veum,Donnie,Reject
Savannah_Heidenreich,Sedrick.Herman,Reject
Kacie.Murray,Judy,Request
Abelardo_Von,Mason.Kub,Request
Ashlee_Prosacco,Edmond,Request
Alana.Schimmel,Palma_Von,Reject
Kelsie.Russel,Gussie,Reject
Darrin_Leffler,Florida,Accept
Lorenz_Gottlieb,Precious,Accept
Hilbert.Flatley,Eryn.Stanton,Reject
Kimberly.Torp,Madie_Towne,Accept
Ardella.Toy,Trinity.Feest,Reject
Carmelo_Spencer,Amalia.Cartwright,Accept
Nedra_Prohaska,Etha.Schumm,Request
Abe.Hansen,Suzanne,Accept
Camilla.Kilback,Corbin,Request
Lonie.Okuneva,Jammie,Request
Eric_Dach,Adeline.Strosin,Reject
Alan_O'Keefe,Keara,Reject
Mariano_Walsh,Emerald,Accept
Charles.Rogahn,Paris.Hammes,Request
Emory.Hudson,Edna.Considine,Reject
Jasper,Fiona,Reject
Lola.Harber,Emma_Hilpert,Accept
Macey_Leannon,Garrison,Reject
Stan.Daugherty,Jackeline,Reject
Allison.Boyer,Ericka,Accept
Ernest.Smitham,Ora.Mosciski,Accept
Lexus.Pacocha,Rylan,Reject
Santa.Jenkins,Wallace.Ziemann,Accept
Grady.Hand,Hillard.Schroeder,Request
Sibyl,Preston,Reject
Berniece.Lebsack,Dana_Moore,Reject
Zoe_Gaylord,Buford_Torp,Reject
Tito_Heaney,Estell,Reject
Giuseppe_Osinski,Hellen,Accept
Shaun_Ziemann,Isai.Fisher,Reject
Forest.Langosh,Eleazar,Accept
Isabelle.Johns,Joey,Request
Nakia.Pacocha,Dayton,Reject
Kelli.Hermann,Paul,Request
Annette_Jast,Neha,Request
Zoe.Schiller,Rhiannon,Accept
Verona.Schiller,Alexa,Request
Carlee_Farrell,Amos.O'Kon,Request
Fanny_Pfannerstill,Dedrick.Beatty,Reject
Rebecca.Bergstrom,Christa,Reject
Ezekiel_Heathcote,Paxton,Request
Mitchell.Leffler,Henderson_Feest,Accept
Tianna.Renner,Carole_Fritsch,Request
Quinton.Leannon,Kristofer.Reichert,Accept
Heber.Gerhold,Deron,Request
Virginia.Orn,Ulises.Feeney,Accept
Nathanial_Wyman,Christa.Miller,Reject
Ulices_Hauck,Dayne,Reject
Toy.Murphy,Carissa.Bruen,Reject
Bart,Esmeralda.Schultz,Reject
Edgar.Kuphal,Elijah_Shanahan,Request
Buddy_Kiehn,Kaylee,Reject
Ebony_Mertz,Genesis_Heller,Accept
Priscilla.Jacobi,Christy,Reject
Clair_Upton,Adrian,Reject
Margarete_Gleason,Ludie.Hoppe,Request
Elian_Parisian,Sally.Schuppe,Reject
Omer_Ritchie,Myrtle,Request
Camron_Franecki,Garland_Hilll,Request
Urban_Graham,Lucious_Hamill,Request
Jadyn.Denesik,Christa_Shields,Accept
Priscilla.McDermott,Garrison,Reject
Garfield_Collins,Marjolaine,Reject
Jayce_Morissette,Raegan,Reject
Kristofer_Hane,Keyon,Accept
Tara.Williamson,Roel,Reject
Pansy.Watsica,Terrance,Request
Mertie_Senger,Cali,Accept
Alexanne_Flatley,Barton_Hamill,Accept
Devyn_Erdman,Jason.Bogan,Reject
Rodger.Runte,Joanne,Reject
Isai.Gusikowski,Florian,Request
Nathen.Anderson,Linnie,Accept
Emiliano_Romaguera,Gerardo_Larkin,Accept
Maryjane_Brakus,Ryann_Rogahn,Reject
Terrill.Graham,Bryce.Rath,Accept
Ferne_Kiehn,Grant,Reject
Maritza.McKenzie,Fannie,Request
Kathryn_Kassulke,Elliot_Kirlin,Reject
Mallie.Predovic,Cecilia.Nolan,Accept
Darrell_Mitchell,Kaylie.Dickens,Reject
Mariela.Daniel,Madison_Schimmel,Accept
Schuyler_Gaylord,Verner_Wiegand,Accept
Broderick_Jerde,Kaylah,Accept
Velva,Carmine_Greenfelder,Accept
Eileen_Cummerata,Julian,Reject
Jaquelin.Douglas,Glen,Accept
Rosella_Sipes,Everette,Accept
Akeem_Smith,Skye.Wunsch,Request
Veda_Lowe,Althea.Bednar,Accept
Leann.Kilback,Crystal,Request
Randall_Luettgen,Hans,Reject
Gillian.Rosenbaum,Delores,Reject
Hettie_Leannon,Marty,Reject
Thelma.Sauer,Hailey_Weissnat,Reject
Austyn_Roob,Emilie_Breitenberg,Request
Adrianna_Feeney,Colt.Hirthe,Reject
Humberto_Lubowitz,Alfonzo.Feest,Request
Jennyfer.Mitchell,William,Reject
Kailey_Bednar,Osbaldo,Request
London_Ward,Camille.Cole,Accept
Jayden.Johns,Andres_Bashirian,Accept
Ruthe.Schmitt,Cornelius_Kautzer,Reject
Ruth.Jenkins,Raheem.Cruickshank,Reject
Loyal.Treutel,Percival.Kunde,Reject
Arvid_Crooks,Daphne_Leuschke,Reject
Jefferey_Schumm,Ethyl.Osinski,Request
Lilyan_Pacocha,Alexandria,Accept
Lera.Block,Oswaldo,Accept
Jorge_Klein,Rose,Reject
Mozell.O'Conner,Chaim.Considine,Request
Louisa.Eichmann,Geovany_Strosin,Accept
Rupert.Stiedemann,Calista.Aufderhar,Reject
Janae.Walsh,Alice,Accept
Laverna_Halvorson,Ellis,Request
Birdie_Ward,Janis,Accept
Kane_Gerlach,Dangelo,Accept
Lawson_Hagenes,Chance,Reject
Wyman.Flatley,Jessie,Accept
Jordyn.Altenwerth,Emmanuel_Kuvalis,Reject
Mohamed.Boyer,Ezekiel,Reject
Oswaldo.Konopelski,Imogene.Effertz,Accept
Claudie.Cassin,Sigmund,Accept
Horacio,Wilhelmine,Request
Orval_Moen,Emerald_Streich,Reject
Willis.Hessel,Albert_Towne,Request
Jalen_Ferry,Axel_Flatley,Request
Jade_Klocko,Omer_Luettgen,Accept
Norval,Alf_Aufderhar,Accept
Aiyana,Eve.Sipes,Request
Icie.Reilly,Jordyn.Altenwerth,Reject
Alanna.Hoppe,Jeremie_Corwin,Request
Modesta_Hintz,Raegan,Accept
Nova_Dach,Gillian_Heller,Request
Cedrick.Windler,Kathryne.Wolff,Accept
Lora.Oberbrunner,Bernard,Request
Rosalee.Murphy,Valentina,Accept
Myrtie.Jakubowski,Jarod_Bergnaum,Request
Alberta_Welch,Donny_Ruecker,Request
Karen.Boyer,Zane.Torp,Request
Aracely.Koepp,Dorothy,Accept
Alex_Ratke,Iva,Accept
Kristofer_Parisian,Leatha,Request
Russel_Rath,Ozella_Terry,Reject
Zakary.Schuster,Beau_McClure,Accept
Anastacio.Dooley,Kaylee,Reject
Wallace_Gutkowski,Monty.White,Accept
Quincy.Rutherford,Chloe_Streich,Accept
Alta.Lind,Wilhelmine_Reinger,Request
Verna_Ankunding,Augustine.Mann,Request
Zora_Hermiston,Gisselle,Accept
Ebba_Runte,Jany_Daugherty,Reject
Rowena_Reichel,Coty,Request
Madison_Zboncak,Lindsey,Accept
Laurel_Hegmann,Camryn,Reject
Freddy.Prohaska,Abner_Weimann,Accept
Marc_Schmeler,Carolyne,Accept
Rahul,Golda,Request
Chelsea_Ebert,Zaria.Greenfelder,Accept
Tevin_McLaughlin,Austyn,Reject
Carolanne_Jacobs,Clair,Reject
Beaulah.Mitchell,Loren_Nader,Request
Darion.Larson,Garrett.Mayert,Accept
Kasandra.Conn,August_Becker,Reject
Jaylan_Bogisich,Ivory.Stark,Request
Cheyenne_Stokes,Sage,Request
Jeramy_Wolf,Jared,Reject
Sonya.Pfannerstill,Tomasa.Grady,Reject
Jewell_Wilkinson,Agnes_Luettgen,Request
Laury_Ernser,Dallas_Lueilwitz,Request
Lolita_Schamberger,Vivianne,Accept
Reynold_Rippin,Destiny.Cartwright,Reject
Logan.Hilpert,Coby.Lueilwitz,Accept
Chyna.Lesch,Keon,Request
Avis_Abshire,Ahmad_Marvin,Reject
Hassie_Bailey,Lizeth_Maggio,Accept
Christian.Hahn,Giovanny,Request
Corrine_Schimmel,Jody,Accept
Avis.Dibbert,Toy,Request
Clementine.Kilback,Dante_Gutkowski,Reject
Allen.Kautzer,Michael.Walsh,Reject
Veda.Greenholt,Lauryn,Reject
Rosario.Aufderhar,Tiana_Wintheiser,Accept
Willard.Strosin,Marco_Dietrich,Request
Ewald_Rodriguez,Karianne_Shields,Accept
Guillermo_Dickens,Brittany,Accept
Daisha.Medhurst,Harmony,Request
Chase_Aufderhar,Davon,Reject
Lynn_Olson,Aurelie,Reject
Harmon_Halvorson,Amir_Funk,Reject
Keanu_Wuckert,Raymundo.McClure,Reject
Aaliyah_Muller,Nona,Request
Verona.Nikolaus,Felix,Request
Maida.Kuphal,Isaac,Accept
Chandler.Nolan,Lucy_Heathcote,Reject
Dolly_Bins,Abelardo.Dibbert,Reject
Jessica.Dibbert,Alyson,Reject
Casandra_Gerlach,Jannie_Wiegand,Reject
Ahmad.Koss,Margaret,Accept
Felipe_Koss,Cordia.Bahringer,Request
Chaim_Kuphal,Arvel.Bosco,Accept
Justen_Nader,Elna.Upton,Accept
Maritza_Johnston,Tyreek.Zulauf,Accept
Emmalee_Mohr,Cynthia,Accept
Carley_Swaniawski,Elnora_Boyer,Accept
Dax_Kunde,Brooke,Accept
Howard.Kiehn,Ardith,Accept
Arvilla.Wintheiser,Gussie,Accept
Jayden_Corwin,Norwood_Dicki,Accept
Jovany.Ledner,Hadley,Request
Marjolaine.Kozey,Marcus_Hane,Reject
Horacio.Feil,Carolyne,Reject
Letitia.Bins,Geovanny.Nader,Accept
Rubye_Jaskolski,Lesly.Dooley,Accept
Bert_Boyer,Arne_Kessler,Request
Enrique,Billie,Reject
D'angelo.Haley,Albin,Request
Kirk_Mohr,Claudie_Kub,Request
Alverta.O'Keefe,Bernadine,Reject
Aidan_Bednar,Armando_Rolfson,Accept
Jerad_Spinka,Simone,Accept
Harvey_Jacobson,Carole,Accept
Susana.Grimes,Danielle_Paucek,Accept
Ezequiel_Cruickshank,Antonette,Request
Merritt_Cremin,Daniella_Osinski,Request
Neil.Keebler,Ike_Jacobi,Accept
Ezra.Reinger,Arvid,Reject
Lois.Harªann,Cordell,Accept
Ephraim.Stamm,Jewel_Kautzer,Accept
Sydney_Schumm,Chad,Accept
Delia.Kilback,Terence.Bartell,Reject
Rebekah.Huels,Verdie.Schmeler,Reject
Dorothy.Eichmann,Karlie,Accept
Porter.Wintheiser,Shemar.Purdy,Accept
Dax_Jaskolski,Kayli,Request
Kyle_Towne,Arden.Cassin,Request
Coy_Waelchi,Justyn,Accept
Jane_Corkery,Francis_Romaguera,Accept
Damion.Swift,Hilton_Ritchie,Request
Raphael_Kling,Myah.Rau,Accept
Nathaniel_Bode,Angelo,Accept
Dennis.Jones,Benton,Accept
Marlin_Hane,August,Reject
Johnson.Zulauf,Moises.Botsford,Reject
Magnus.Anderson,Georgianna,Reject
Justine_Pfannerstill,Meggie,Reject
Vaughn.Hills,Tom,Accept
Jovany_Bergnaum,Lorena.Turner,Reject
Gianni.Gleichner,Dane,Accept
Eldred.Quigley,Percival,Reject
Kayli.Goldner,Adella,Request
Zakary.Witting,Lynn,Request
Addie_Fay,Danny,Request
Taylor.Renner,Sigmund,Request
Daryl_Weimann,Christa,Accept
Kelsi_Gutkowski,Mackenzie,Request
Gaylord_Ullrich,Vern,Accept
Bailey_Haag,Einar.Gibson,Reject
Derick.Kertzmann,Marisa,Request
Creola_Bahringer,Reed,Reject
Hallie_Torphy,Walker,Request
Katarina.Denesik,Alyce_Rosenbaum,Accept
Everette.Gibson,Yazmin,Reject
Faustino_Ledner,Lolita_Corkery,Accept
Mattie_Dibbert,Lou.Frami,Request
Gonzalo_Bergnaum,Jeffry,Request
Kacey_Dooley,Ernest,Reject
Kaia_Schmeler,Gavin_Wuckert,Accept
Otha_Hane,Saul_Kovacek,Reject
Emmalee_Luettgen,Morris_Harris,Request
Cielo_Hirthe,Virgie.Ankunding,Request
Jamil_Pacocha,Randal,Accept
Dasia.Hand,Chelsea,Request
Lurline_Bergstrom,Gianni.Franecki,Request
Hilda.Balistreri,Giles_Monahan,Reject
Saul_Jacobs,Wade_Gottlieb,Reject
Paris.Parisian,Judge.Kub,Reject
Camren_Parker,Margaret,Request
Guido.Boyer,Edwina.Reichel,Request
Cornell_Schumm,Demond_Veum,Accept
Dana_Bins,Trinity,Request
Kelly.Hoeger,Carlotta.Quigley,Request
Dee.Bailey,Jillian.Roberts,Accept
Graciela_Funk,Tyra_Macejkovic,Accept
Constance.Welch,Kristian,Accept
Mary.Heller,Victoria,Accept
Marquis.Boyer,Unique_Zieme,Reject
Nathen_Ernser,Shaniya,Accept
Mac.Hegmann,Baylee.Waelchi,Accept
Hillard.Jewess,Xavier_Lynch,Request
Garnet_Casper,Emmanuel_Balistreri,Request
Leland_Renner,Florian_Cole,Reject
Ladarius.Miller,Noemy_McGlynn,Accept
Madie_Cassin,Rose.Thiel,Reject
Alexane.Ryan,Jennings_Lynch,Accept
Brandi_Collins,Donato,Request
Marcos_Denesik,Arnoldo,Request
Hector.Hegmann,Maverick.Beatty,Reject
Stephon.Brakus,Antonette_Hilpert,Request
Travon.Barton,Lincoln,Reject
Madilyn_Towne,Garrison,Accept
Lurline.Crooks,Justen_Hessel,Reject
Jamar.Hettinger,Mariano_O'Hara,Reject
Lester_Schaefer,Rory.Skiles,Reject
Reuben_Greenfelder,Destini_Hirthe,Reject
Jaida.West,Rick,Request
Madeline_D'Amore,Amy,Reject
Celestine.Howe,Schuyler_Hand,Request
Brenda_Balistreri,Ruthe_Cole,Accept
Ulises_Ebert,Darius,Accept
Brock.West,Rylan_Stamm,Reject
Fabiola,Esmeralda,Reject
Rico.Dicki,Guillermo,Request
Claud_Little,Violette,Request
Quinton.Kshlerin,Louie,Reject
Barbara_Kris,Deondre_Kemmer,Request
Barney.Heidenreich,Serena,Reject
Valentin.Heathcote,Giovani_Flatley,Accept
Donavon.Mann,Moises.Botsford,Accept
Grady.Cummerata,Dovie_Mueller,Accept
Verdie_Paucek,Joey,Accept
Tyshawn_Friesen,Delaney.Ondricka,Request
Blaze_Stanton,Jayson,Request
Nicklaus.Wintheiser,Layne,Request
David_Heidenreich,Floy.Beier,Request
Charlie.O'Reilly,Liana.Gerlach,Reject
Adella.McDermott,Annette.Fisher,Accept
Garret.Moore,Jarod,Request
Maiya.Spinka,Amos,Request
Justina.Zulauf,Destini.Kassulke,Accept
Jayne.Koch,Taryn,Accept
Kaylee_Aufderhar,Johnpaul_Turcotte,Accept
Rene_Hayes,Maude,Reject
Lydia_Wolf,Marty_Stroman,Request
Elijah_Shanahan,Yasmeen_Grant,Request
Brittany_McKenzie,Icie,Request
Crawford_Koelpin,Tess,Reject
Carlee_Heidenreich,Ed,Request
Edmund_Casper,Einar.Jast,Request
Verona_Schimmel,Jazmin,Reject
Carley.Stanton,Jonathan.Douglas,Request
Ryann_Rogahn,Reynold.Gerhold,Reject
Laila_Pfannerstill,Maggie_Skiles,Reject
Nia.Bednar,Vallie.Barrows,Accept
Kellen_Stamm,Micheal.Keeling,Request
Felix_Batz,Christina_Lemke,Reject
Heath_Spinka,Gerald,Reject
Clifton_Cummerata,Wyatt_Shanahan,Request
Kaylah_Lindgren,Ryley.Gaylord,Request
Nedra.Schmidt,Aliyah.Jacobson,Reject
Presley.Murphy,Mekhi_O'Reilly,Reject
Melvina_Bernhard,Nathen,Request
Korbin_Kuphal,Rhiannon,Accept
Grover.White,Nettie,Reject
Lexus_Lebsack,Alta_Ortiz,Request
Marcellus.Balistreri,Amalia.Rutherford,Accept
Layla_Abbott,Deron_Gibson,Request
America_Botsford,Jalon,Reject
Alene_Kuhlman,Tyler,Request
Reed_Cruickshank,Shanie,Accept
Arianna_Renner,Kayden.Bernier,Reject
Genesis.Bashirian,Danielle,Request
Dashawn.Rowe,Edmond,Accept
Manuela_Hauck,Eugene,Request
Juliana.Johns,Otto,Request
Karelle_Adams,Onie,Reject
Antonia.Fahey,Marshall,Request
Juvenal.Schinner,Mossie_Effertz,Accept
Eddie.Abernathy,Karley.Reinger,Accept
Hulda.Watsica,Isabelle.Johns,Request
Alejandra.O'Connell,Frederik,Accept
Marguerite,Abigale,Accept
Fausto_Russel,Wyman,Accept
Ettie_Harvey,Faustino,Reject
D'angelo.Sauer,Sterling,Accept
Joan.Mayer,Lizeth,Accept
Terry_Witting,Gust_Heaney,Request
Bryce.Rolfson,Jarret.Russel,Reject
Christina_Jerde,Candido_Flatley,Reject
Conrad_Hettinger,Garrett.Hauck,Reject
Martin_Bergstrom,Santos,Reject
Chadd.Pacocha,Keven_Boyle,Reject
Avery_Auer,Theo.Sporer,Reject
Kaylie.Sawayn,Marcelo.Ankunding,Reject
Ronny.Parker,Bud.Hackett,Request
Harvey.McGlynn,Liliane,Request
Dane_Raynor,Kyleigh.Beier,Request
Robert.Buckridge,Misael,Accept
Edyth_Pacocha,Athena.Kohler,Request
Jerel_Zieme,Trent_Cole,Request
Piper.Hamill,Camylle_Christiansen,Reject
Jayden_Graham,Linnea.Swift,Accept
Jettie.Veum,Bernice,Accept
Tre.McGlynn,Woodrow,Reject
Juanita.Turcotte,Melvina.Veum,Accept
Alanis,Kirsten,Accept
Roberta_Brekke,Virgie_Mann,Accept
Alysson.Bailey,Josephine,Accept
Amaya_Bernhard,Cristina,Accept
Vidal_Bauch,Luther_Rosenbaum,Reject
Cristopher_Corwin,Eino,Reject
Justen_Mosciski,Milford,Reject
Willis.Morissette,Garrison.Koelpin,Reject
Dee.Cronin,Leonor.Auer,Accept
Summer.Gleason,Simone_Predovic,Accept
Rowan_Kertzmann,Alphonso,Reject
Cara_Grady,Toy_Klein,Request
Mona_Jerde,Ephraim,Reject
Janis.Parker,Mikel,Accept
Estelle,Abdullah.Swaniawski,Accept
Ramon.Fisher,Marcus,Accept
Eddie_Davis,King.Corkery,Request
Sammie_Legros,Dewayne_Jaskolski,Accept
Gertrude.Koss,Dasia,Request
Francisca_Spinka,Creola.Bayer,Reject
Elinor.Bins,Madelynn,Accept
Brenna.Mosciski,Alejandra,Accept
Iva.Romaguera,Jillian.Roberts,Request
Casandra_Bradtke,Javon.Mitchell,Reject
Elmira.Kilback,Kristofer,Reject
Leila_Bartell,Tianna.Renner,Reject
Coty_Bogan,Antonina_Rohan,Reject
Susie.Hegmann,Flossie,Request
Mandy_Senger,Robb,Reject
Andreanne.Kshlerin,Brody.Hudson,Accept
Anabelle.Bosco,Pedro,Accept
Kay.Zieme,Saige,Reject
Ismael_Rempel,Jorge,Request
Celestino_Ryan,Teresa,Reject
Dwight.King,Hilma,Accept
Tracey.Dickens,Nedra.Schmidt,Reject
Francisco_Daugherty,Rudolph,Reject
Dale.Leuschke,Alia.Weimann,Reject
Eliseo_Erdman,Rudolph_Stroman,Accept
Destinee_Hodkiewicz,Gerhard,Request
Kylee_VonRueden,Savanna,Reject
Maymie.Krajcik,Lacey,Request
Riley.Becker,Laurine.Trantow,Reject
Rickey_Murphy,Aletha.Welch,Request
Verner_Dickens,Lavina.Smith,Reject
Jaylen.Treutel,Margret.Watsica,Reject
Jana.Sauer,Zachary_Kemmer,Request
Vita.O'Hara,Colton,Reject
Ladarius_Wintheiser,Delta.Toy,Request
Chyna_Kessler,Marlon.Spencer,Request
Odie.Dare,Betty,Request
Savannah,Mario,Reject
Chester,Allison.Boyer,Request
Yvonne_Durgan,Cody,Request
Lucie_Boehm,Amelie_Cummerata,Reject
Curtis.Wuckert,Elian_Parisian,Request
Hallie_Streich,Griffin,Request
Lonnie,Khalil.Cormier,Request
Giovanni_Larkin,Magnus.Powlowski,Request
Wilburn.Rath,Wade.Gusikowski,Accept
Sydnie.Prosacco,Al,Accept
Jarod_Bergnaum,Kayley.Cruickshank,Request
Melvina_Ratke,Corbin,Reject
Ramiro_Lesch,Ryley_Reichel,Reject
Wilmer_Lakin,Talon,Request
Hermina_Bogisich,Troy,Accept
Susana_Hudson,Candelario,Reject
Dayna.Turner,Juwan,Request
Shyann_Bahringer,Athena,Accept
Citlalli_Daniel,Willis.Adams,Reject
Nakia.Maggio,Leann,Request
Jeffery.Cassin,Hannah_Lesch,Request
Emmy_Wunsch,Kurt_Abshire,Accept
Ambrose_Runte,Marjolaine.Littel,Reject
Humberto.Glover,Dorthy,Request
Sigurd_Nicolas,Emanuel_Kovacek,Reject
Adolf.Powlowski,Stewart,Accept
Carolanne,Amelie_Carroll,Request
Marcella.Labadie,Scotty.Ledner,Reject
Gerard.Cronin,Ward,Request
Savanna_Von,Layla.Schoen,Request
Gilbert_Beer,Jennifer,Request
Marcos.Rau,Carmine.Weimann,Accept
Sammie.Little,Salvatore_Grimes,Accept
Cordelia_Keebler,Omer,Reject
Salvatore.Altenwerth,Sharon,Request
Aurelia,Misael,Reject
Anais_Mitchell,Leta,Request
Kiana.Weissnat,Lera,Request
Gabe.Carter,Mattie_Lesch,Request
Melba.Buckridge,Morgan_Altenwerth,Accept
Odell_Rosenbaum,Nayeli_Lubowitz,Accept
Bruce_Koss,Javonte_Brown,Request
Shanna_Little,Kathlyn_Stehr,Request
Taylor.Ward,David_Heidenreich,Request
Tara,Dax,Request
Markus.Terry,Dorthy.Nitzsche,Reject
Alverta.Jast,Fay_Bogan,Request
Erik.Pagac,Brooke,Request
Flossie,Aileen_Wilderman,Reject
Albertha.Schuster,Furman_West,Accept
Edmund_Marquardt,Fausto_Ankunding,Request
Marian.Marvin,Fausto_Boyle,Reject
Makenna_Brown,Osvaldo,Reject
Vidal_Miller,Camden,Accept
Kristian_Schamberger,Bryana.Rice,Reject
Riley.White,Niko,Accept
Gavin_Rippin,Timmothy_Gleichner,Request
Rocky.Waters,Solon.Simonis,Accept
Shyann_Kozey,Roberta_Block,Accept
Bessie.Barton,Kraig.Shanahan,Request
Brycen.Walker,Myron.Deckow,Request
Noemi.Sanford,Cordelia,Reject
Willow_Schuster,Cathy,Reject
Marcelino_Orn,Mitchell,Accept
Iliana_White,Colten,Request
Rod,Korey.Heller,Accept
Dejah_Bartell,Candace,Request
Arnulfo_Bradtke,Mitchel.Harvey,Request
Lester_Hansen,Trudie_Kozey,Accept
Bernardo.Johns,Claudia_Mills,Reject
Eve_Dach,Ariel,Reject
Yasmine.Weber,Leonardo.Ernser,Reject
Fanny.Koelpin,Brannon_Strosin,Reject
Marlene.Hauck,Rashad,Accept
Henderson_Baumbach,Patricia,Accept
Finn.Farrell,Gudrun,Reject
Kaley_Zulauf,Ryder,Accept
Jordon.Hermann,Twila,Request
Tiana.Predovic,Alejandrin.D'Amore,Reject
Jacquelyn.Zemlak,Pansy,Reject
Tina.Swaniawski,Alia_Satterfield,Reject
Micah.Bogisich,Roslyn_Stroman,Accept
Gerardo_Larkin,Derick,Reject
Triston_Leuschke,Helmer_Wisoky,Request
Morgan.Kerluke,Mertie,Reject
Onie_Pacocha,Merle,Request
Adella_Harber,Vernon,Request
Celestine_Considine,Bart_Cormier,Reject
Victor.Friesen,Marquise_Quigley,Reject
Maxie_Rice,Kallie.Klein,Accept
Caitlyn.Klocko,Katrine,Request
Emory.Koepp,Ola_Farrell,Reject
Tyson.Frami,Maximillia,Accept
Erling.Rempel,Baron_Carter,Reject
Sandrine_Haag,Devon,Request
Elroy.Schoen,Antwan,Reject
Ardith.Hudson,Max,Reject
Leonard.Huel,Abigayle.Krajcik,Accept
Keanu.Kertzmann,Tatyana.VonRueden,Request
Carmel_Littel,Maggie,Reject
Henry.Deckow,Conrad,Accept
Isobel_Crist,Llewellyn_Kassulke,Request
Julio_Kunde,Nicolas.Koepp,Request
Frida.Stoltenberg,Elliott_Nolan,Reject
Selmer.Windler,Kaylin,Request
Dillan_Weissnat,Thomas,Accept
Pink.Beatty,Rigoberto_Cronin,Request
Grayce_Ritchie,Damion.Harris,Accept
Finn_Bode,Ivah,Accept
Levi_Wilkinson,Adah.Bauch,Reject
Annie.Emmerich,Gus.Harber,Request
Zita.Mosciski,Charity,Reject
Bryce.Rath,Gabe.Carter,Request
Adrain.Witting,Autumn_Lynch,Request
Wilford.Toy,Dee.Lehner,Accept
Russell_Macejkovic,Lucious,Accept
Otho_Rath,Emilie_Ledner,Accept
Laisha.Larson,Leann,Reject
Yazmin_Conn,Ruby,Reject
Isadore.Morissette,Chaim,Request
Kathleen.Medhurst,Talon,Accept
Eliseo.Corwin,Amani.Stracke,Reject
Santos_Hane,Johnson,Request
Easton.Larkin,Anika.O'Connell,Accept
Madonna.Larkin,Chelsey,Request
Emma_Hilpert,Erick,Reject
Jose.Sipes,Ibrahim,Accept
Ryley_Mitchell,Carolina.Thompson,Request
Sasha_Jones,Norris,Request
Carissa,Maude,Request
Idella_Beer,Jennie,Request
Nina_Wisozk,Vita,Accept
Tabitha.Glover,Jillian,Reject
Clint.Kunze,Noah_Leannon,Reject
Arno.Barton,Cooper,Reject
River.Brekke,Anita,Request
Oren_Zieme,Madison_Stark,Request
Eve.Sipes,Ursula,Reject
Lucio_Wyman,Macey.Mayer,Accept
Kellie.Streich,Chance,Reject
Immanuel_Reinger,Coy.Lesch,Accept
Taya_Willms,Nigel,Accept
Joaquin.McGlynn,Oran_Romaguera,Reject
Devon.Rippin,Leola,Reject
Elijah,Barry,Accept
Lila.Beatty,Abbey,Reject
Mekhi_Kihn,Jaqueline,Request
Tressie.Cassin,Eldora_Parisian,Request
Shayna.Rau,Felicita,Request
Deja.Kshlerin,Nedra_Batz,Request
Wilmer_VonRueden,Diana_Homenick,Accept
Rosina_Schroeder,Cordia,Reject
Briana.O'Reilly,Jaunita,Reject
Tobin.Herman,Kelly,Request
Edythe_Schimmel,Dayne_Kreiger,Reject
Gwendolyn.Reichel,Madilyn_O'Reilly,Reject
Maybelle,Kobe.Gibson,Accept
Sonia.Greenfelder,Kitty,Reject
Antwan_Green,Kelsi,Request
Karen_McKenzie,Chyna.Reichert,Request
Pinkie_Klein,Lourdes.Terry,Accept
Maymie_Kuhlman,Sandrine,Reject
Carey.Zieme,Tessie.Gleason,Request
Miller.Balistreri,Karine_Swift,Accept
Claudie_Quitzon,Hillary,Reject
Soledad_Braun,Carson,Request
Gust.Glover,Ida,Request
Libby_Towne,Ryleigh,Request
Summer.Walker,Cara.Ankunding,Request
Cielo_Smitham,Isabelle,Accept
Loraine.Berge,Lilla_Hayes,Reject
Hazle_Osinski,Ethyl,Request
Effie_Schneider,Augustine_Dibbert,Accept
Layne.Von,Corbin,Reject
Cesar_Kessler,Eulalia,Accept
Irving,Emmalee.Runolfsdottir,Accept
Jessie.Kunde,Jerrod,Request
Clara.Crona,Evalyn,Reject
Nestor.Trantow,Rylan.Rippin,Reject
Myrtis_Spinka,Margret_Marks,Reject
Breanna_Muller,Pablo.Bogan,Accept
Elenor.Nienow,Jettie.Nikolaus,Request
Jeremie.Smitham,Vivianne,Request
Ottis.DuBuque,Edyth_Abbott,Reject
Ignacio_Lang,Everardo,Reject
Hayden.Weissnat,Chance,Accept
Daphne_Schinner,Thelma,Accept
Kendra.Smitham,Guiseppe_Hauck,Reject
Felipa_Schaden,Libbie_Wisozk,Accept
Edyth.Waters,Brionna,Accept
Lloyd.Schmidt,Elmer,Request
Pablo.O'Connell,Cindy,Accept
Taurean_Zboncak,Jaeden,Reject
Aaron.Hegmann,Kaleb.Heller,Accept
Marcellus_Denesik,Heath_Block,Request
Nicolas_Schumm,Demetrius,Request
Micheal.Keeling,Gisselle,Request
Ozella_Terry,Alverta,Reject
Charley.Paucek,Beau.Runolfsson,Reject
Juana_Balistreri,Jodie,Reject
Lily.Conroy,Stanley_Considine,Reject
Damaris_Oberbrunner,Fay,Reject
Stefan_Zulauf,Alvis,Reject
Jarret.Russel,Laverna,Reject
Orpha.Goyette,Marisol.Purdy,Accept
Otilia_Turcotte,Blair_Blanda,Reject
Zakary_Wisozk,Desiree,Reject
Juanita_Tillman,Fleta,Request
Etha.Hammes,Bradly.Stroman,Reject
Vaughn_Schneider,Walter,Request
Josie.Schmeler,Carmella,Accept
Kyla.O'Hara,Rigoberto,Accept
Rebecca_Jerde,Julianne.Heathcote,Reject
Oswaldo.Donnelly,Marilie,Accept
Ryan_Harªann,Kamille_Oberbrunner,Request
Jon_Shields,Isabella_Tremblay,Accept
Mackenzie_Ziemann,Stephan_Schowalter,Reject
Jaren_Tillman,Eliza_Brown,Request
Haylie.Thompson,Corene,Reject
Amani.Batz,Brenna.Feil,Request
Justus_Wiza,Faye,Reject
Daron.Jakubowski,Clinton_Kulas,Reject
Maximilian_Rempel,Alvina,Reject
Dedric_Harris,Jeffery,Request
Lane.Fay,Zechariah,Reject
Ayana_Streich,Tyra_Macejkovic,Request
Mackenzie.Mante,Murphy_Swaniawski,Accept
Carroll.Hansen,Vernice_Sawayn,Request
Amir_Gutkowski,Clint_Mayer,Request
Eden_Prohaska,Sigurd,Request
Jamarcus_Ziemann,Leo_Lakin,Accept
Barbara_Kassulke,Jude,Reject
Hellen.Tromp,Trisha.Doyle,Accept
Heidi.Tillman,Steve,Request
Shanie_Tremblay,Chadrick_Skiles,Accept
Brendon_Spinka,Margarita,Request
Justice.Spencer,Moses,Request
Dario_Gislason,Ulices_Russel,Accept
Clyde,Isabelle.Johns,Accept
Shannon,Stanley,Accept
Liliane.Tromp,Nola,Reject
Kathryne.Purdy,Clifton.Kirlin,Reject
Daphnee.Gislason,Cecile_Smitham,Accept
Willy.Koch,Onie,Reject
Nelda.Stanton,Lucio,Reject
Lessie_Kuphal,Virgil,Reject
Vernice,Aiyana,Accept
Rachel_Turner,Selena_Wintheiser,Request
Modesta.Von,Leon.Ward,Reject
Wilfrid.Beier,Mariela_Crona,Accept
Sydnee_Guªann,Cathrine_Lebsack,Accept
Brandi_Cormier,Colten,Request
Jordy.Green,Harold,Accept
Joel_Nitzsche,Susie.Krajcik,Accept
Tessie.Sipes,Kyleigh,Reject
Jacinto.Runolfsdottir,Janiya,Accept
Evelyn.Kuhn,Daisha,Reject
Hailee.Boyle,Idella,Reject
Herman.Krajcik,Gudrun,Reject
Pasquale,Kevin,Request
Layne.Balistreri,Santa,Accept
Herman.Wehner,Cesar,Request
Baron.Kreiger,Lorenz,Request
Zackery.Heathcote,Ashlee,Reject
Sonny_Little,Odessa_Ortiz,Reject
Domenica_Sporer,Rick,Reject
Avery_Koch,Wanda,Reject
Mitchell.Durgan,Amya,Reject
Jermaine_Gottlieb,Bud.Kertzmann,Reject
Frederic_Hickle,Guillermo,Request
Savanna_Boyle,Cecile_Legros,Request
Ollie.Larson,Mabel,Request
Orie.O'Kon,Autumn.Rolfson,Accept
Everardo.Schmeler,Austen_Harvey,Reject
Keith_Lowe,Harrison,Request
Timmy_Considine,Brendon,Accept
Krystel.Huel,Claudie,Reject
Shanny_Bahringer,Kacey_Parker,Reject
Duncan_Turner,Gina.Quigley,Request
Kiarra.Nikolaus,Emmy.Ebert,Request
Yvette_Rosenbaum,Barrett,Request
Carmel_Blanda,Serenity.Buckridge,Reject
Nicole,Brigitte_Strosin,Reject
Amely,Dino,Request
Katrina,Beryl_Trantow,Reject
Edgar.Reichel,Rolando,Accept
Kolby.Denesik,Adah,Reject
Watson.O'Connell,Garrett_Zieme,Accept
Lilian_Stoltenberg,Mazie,Accept
Retta.Heller,Theresia,Request
Krista_Leuschke,Kaci_Parisian,Accept
Shakira.Cronin,Erling,Request
Emmitt_Koelpin,Leta.Shanahan,Reject
Alfreda_Runolfsson,Johanna_Durgan,Request
Doug_Wilderman,Esta,Request
Mavis.Lemke,Mateo.Wisozk,Request
Ken_Hills,Trace.Koss,Request
Idella_Yost,Alia,Request
Cathy.Schmidt,Derick_Jewess,Accept
Judah.Bahringer,Maxine,Request
Jensen.Shields,Michael.Walsh,Accept
Jasmin.Cormier,Percy,Reject
Demarcus_Reynolds,Wilbert,Accept
Reagan_Blanda,Kelton.Keebler,Accept
Bridgette_Lindgren,Edgar,Request
Laury_Torp,Allie,Reject
Colten_Wintheiser,Ethelyn,Request
Karine.Ward,Isom_Reynolds,Reject
Marvin.Reinger,Destany,Accept
Jayden.Kub,Weldon_Williamson,Reject
Ocie_Collier,Alyce_Russel,Accept
Elenor_Padberg,Mike_Gleichner,Accept
Laurel,Meagan_Dicki,Accept
Dakota_Ankunding,Aurore_Lubowitz,Request
Jacinthe_Crist,Furman.Considine,Reject
Laisha.Grimes,Cayla,Reject
Mozelle_Kris,Angelita,Accept
Minnie_Bahringer,Zackary_Medhurst,Accept
Libby.Schimmel,Rosalyn_Barrows,Accept
Stephan.Hamill,Ryann,Request
Loyal.O'Hara,Maud_Bogisich,Request
Jameson.Hoeger,Aron_Grady,Request
Calista.Aufderhar,Crystal,Accept
Dewayne.Robel,Elise_Bauch,Reject
Maiya_Quigley,Ebba_Runte,Reject
Adalberto_Halvorson,Jordyn.Dibbert,Reject
Estrella_Greenholt,Pasquale.Emard,Accept
Casey.Barrows,Jana,Reject
Zion.Reinger,Sammie.Little,Reject
Angelita.Witting,Katharina,Reject
Kellen_Conroy,Hollie,Accept
Marilie_Hagenes,Damion.Harris,Reject
Fausto_Boyle,Ozella,Accept
Grace_Simonis,Dennis_Cummerata,Accept
Hilbert.Weissnat,Tyrel,Accept
Halle_Waters,Lamar_Eichmann,Request
Josh_Ondricka,Evie,Reject
Paul.Koepp,Clifford,Accept
Audreanne,Napoleon,Request
Eliane.Lindgren,Meggie,Reject
Cathy.Pagac,Aletha_Baumbach,Accept
Herman_Schumm,Albina.Morissette,Accept
Esta.Littel,Emile.Kulas,Reject
Blake.Koelpin,Darrin.Kuphal,Accept
Desmond.Zieme,Alanna,Accept
Tom.Murphy,Andres,Request
Vernon.Rempel,Kirk_Kuphal,Request
Grayson.McCullough,Adriana,Reject
Emelie_Braun,Valentin,Reject
Dejah_Mayert,Jamil,Reject
Abagail_Schumm,Boris_Romaguera,Accept
Estrella_Dooley,Jeanne.Spinka,Reject
Andreanne.Kunze,Javon,Reject
Avery_Nienow,Mario,Request
Naomie_Collier,Morgan,Accept
Destinee.Beer,Deonte.Hills,Reject
Heather_Mann,Karianne.Steuber,Reject
Silas.Koss,Curtis,Request
Kaycee_Torp,Troy,Request
Jaydon.Streich,Maribel,Accept
Royce.Sawayn,Bo,Accept
Al.Hane,Micah_Zboncak,Reject
Michael.Daugherty,Hoyt_Larson,Accept
Mina.Ebert,Jermaine,Request
Marilyne_Kutch,Imelda_Jacobs,Request
Mertie_Borer,Karlee_Lehner,Accept
Clementina.Jaskolski,Gardner_Adams,Accept
Daisha_Heaney,Baron,Reject
Jocelyn_Mayer,Myah,Request
Samanta.Pfeffer,Clyde,Accept
Elena.McDermott,General,Accept
Amparo.Fritsch,Tobin.Waters,Accept
Efrain.Walsh,Genevieve,Accept
Woodrow.Kozey,Alene_Bergstrom,Accept
Jeffery_Runte,Alvina,Accept
Sanford.Schmitt,Krystina_Watsica,Reject
Lazaro.Brekke,Nestor,Request
Houston.Haley,Janelle,Request
Josefa,Tina,Request
Adrain.Bogisich,Donnell_Pfeffer,Request
Vincenza_Gerlach,Maryse_Gibson,Accept
Ericka.Tromp,Silas.Stamm,Accept
Josephine.Fritsch,Pablo_Wilderman,Accept
Willard_Ondricka,Kaitlin,Request
Josefa_Howell,Leonor_Torphy,Reject
Alysha.Kuhlman,Everett.Sauer,Accept
Alayna.Schamberger,Eddie,Reject
Kieran_Ratke,Watson,Accept
Lessie_Block,Herta,Reject
Beatrice_Dietrich,Catherine_Feil,Request
Rosalyn_Rolfson,Arianna.Konopelski,Accept
Gertrude.Rau,Brenna.Mosciski,Accept
Marcella.Jaskolski,Noble,Accept
Ona_Brown,Ozella_Bauch,Accept
Jacynthe.Schneider,Hanna,Accept
Matilde_Sanford,Vaughn,Accept
Nia.Rolfson,Laury.Donnelly,Request
Ebba_Nader,Kenya,Request
Antonia_Runolfsson,Evan,Request
Celestino.Keebler,Joseph_Effertz,Reject
Raleigh.Wiza,Elvis.Cummings,Accept
Jammie_Vandervort,Lizzie.Gerhold,Accept
Ed,Mayra,Reject
Francesca_Goodwin,Mariah.Lebsack,Reject
Chaya_Hilpert,Tyrique_Wisoky,Request
Ike_Bruen,Stone.Gutkowski,Accept
Jaylen_Cormier,Jarrett,Reject
Charlie_Nicolas,Manuela.Olson,Reject
Lucious_Cartwright,Gina.Walker,Request
Clay_Wisoky,Holden,Accept
Keagan_Waelchi,Stephon.Brakus,Reject
Abdul_Mann,Adolphus_Heidenreich,Request
Walter.VonRueden,Roosevelt.Towne,Reject
Solon_Beahan,Colten_Bahringer,Accept
Shany_Mann,Rosie,Reject
Chester.Collier,Lori,Accept
Walker.Labadie,Elyssa,Reject
Peter_Purdy,Katelin.Adams,Reject
Crystel.Davis,Alexane,Reject
Erik_Goldner,Alexanne,Request
Hallie_Baumbach,Domingo_Schowalter,Request
Brenda_Treutel,Cindy_Hills,Accept
Elody_Langworth,Eugenia,Accept
Reece_Brakus,Eldridge,Reject
Grayson_Powlowski,Sabryna.Dickinson,Accept
Deontae.Koch,Kiel.Kihn,Accept
Geovany_Jewess,Raphael,Request
Zion_Marks,Alden_Effertz,Accept
Reba_Harªann,Reba,Reject
Lloyd.Haley,Edyth,Accept
Johanna_Kling,Lourdes,Request
Deanna.Larson,Katlyn,Accept
Luz.Kassulke,Therese,Reject
Bridget_Stehr,Keaton,Request
Albertha_Gusikowski,Ron.Schumm,Request
Glen_Collins,Ivory.Stark,Accept
Rosemarie_Balistreri,Lorenza_Howe,Reject
Kyleigh.Hodkiewicz,Verla,Request
Rosalia_Block,Quincy.Rutherford,Request
Jameson.Smith,Bryce.Rath,Request
Katarina.Koepp,Irma_Harris,Accept
Johnathan.Schuster,Lura,Request
Ethelyn_Mertz,Jedidiah_Jerde,Accept
Rasheed.Homenick,Henri,Request
Tristian.Aufderhar,Selmer.Windler,Request
Sammy.Greenholt,Ronaldo,Accept
Nathanael_Gorczany,Gail,Accept
Ericka.Hegmann,Julian,Request
Kenny_Kirlin,Marion_Nikolaus,Accept
Francis_Orn,Keith.Gusikowski,Accept
Amiya_Homenick,Jewell,Request
Lonny.Beer,Claud.Renner,Request
Tremaine_Herzog,Wilmer,Request
Myra_Lubowitz,Cara_Bartell,Reject
Hilton.Dare,Gage_Bednar,Accept
Alexandrine_Mayer,Adolfo.Will,Request
Zul.Gerhold,Lyla_Auer,Accept
Dale_Rolfson,Ryley,Reject
Enrique_Barrows,Kaya.Thiel,Accept
Dorothea.Macejkovic,Cheyenne.Russel,Request
Bobby.Morar,Jamey_Runte,Accept
Wilburn_Dooley,Viviane,Reject
Emmett.Mann,Sid.Mayer,Request
Brown.Pollich,Alanna,Request
Aylin_Halvorson,Shaina,Request
Lula_Little,Quentin,Request
Raquel_Huels,Kari.Gulgowski,Request
Louisa.Rogahn,Omer,Request
Nichole,Caterina.Blanda,Request
Raegan_Barton,Armand,Reject
Tiana_Wintheiser,Kristofer,Reject
Maximus.Legros,Genoveva_Schaefer,Reject
Adrien.Gusikowski,Weston_Swaniawski,Request
Katlynn,Edmund.Keebler,Request
Corine.Donnelly,Adam,Request
Anais,Stephen,Request
Bonita_Jacobs,Dimitri,Request
Jacky_Rogahn,Alexandra_Stroman,Reject
Hudson.Christiansen,Aidan_Orn,Accept
Jaeden.Witting,Karlee_Lehner,Reject
Vernie_Cremin,Hulda_Wolff,Request
Gonzalo_Leuschke,Dominique.Herman,Accept
Abner.Waters,Americo,Accept
Nils.Cronin,Raquel_Moore,Accept
Suzanne_Nienow,Priscilla,Reject
Seamus.Kozey,Dawn,Request
Mariah_Fisher,Jedidiah_Jerde,Reject
Vernie.Schaefer,Amos,Accept
Mellie_Hodkiewicz,Dixie_Waters,Reject
Drew.Pacocha,Larissa,Accept
Kira_Bradtke,Linnie,Request
Abigail_Jacobson,Riley.Quigley,Request
Kory_McGlynn,Haley,Request
Fredrick_Ledner,Madelyn_O'Kon,Request
Thurman.Auer,Hillary,Request
Linda_Kautzer,Eduardo_Balistreri,Request
Bertram_Jaskolski,Jana_D'Amore,Reject
Royce.Barrows,Hildegard,Request
Jalon_Abbott,Berneice,Request
Kenyon.Nienow,Hanna_Becker,Request
Vilma.Russel,Verdie_Paucek,Request
Coleman.Brakus,Reginald,Reject
Brando.Wolf,Lorena.Daniel,Reject
Kitty_Hane,Robin,Reject
Sallie_Hills,Penelope,Request
Breanna.Bins,Elwyn,Request
Ozella_Block,Cecil.Becker,Accept
Claud_Barrows,Ramon.Rippin,Reject
Angelica.Runte,Devonte,Request
Theodora.Lynch,Anabelle,Request
Chaz_Kuphal,Jeremy,Request
Jordan_White,Merle.Jaskolski,Accept
Yasmin.Rogahn,Michaela,Accept
Reina_Stoltenberg,Devan_Hamill,Accept
Dawson_Durgan,Josefa,Reject
Layla.Johns,Sven,Reject
Lee.Yundt,Gracie_Grant,Accept
Leanna_Lakin,Trystan,Accept
Zul.Reichel,Christian,Accept
Jeanette_Williamson,Jess,Accept
Arnoldo_Wisozk,Bradford.Blanda,Reject
Aubrey_Tillman,Martin.DuBuque,Request
Terry_Connelly,Kaitlin,Request
Buster.Lakin,Stefan,Reject
Betsy_Kilback,Patricia_Barton,Request
Linnea_Hills,Linwood.Blick,Reject
Maude.Dicki,Tessie,Accept
Elsie.West,Mya_Heller,Reject
Trudie_Green,Brian,Accept
Dayne_Lynch,Roderick,Reject
Amanda.Jast,Nola_Frami,Request
Della.Stroman,Alberto,Reject
Alejandrin_Jacobi,Erich_Johnson,Accept
Lon_Abernathy,Jaime_Rohan,Request
Adelle_Quigley,Giovanni,Request
Finn_Parisian,Jerald,Request
Alex.Smith,Ed,Reject
Zackary_Medhurst,Bradly,Request
Kayleigh_Kutch,Devan,Request
Lyla.Feest,Lurline,Accept
Clementina_Rohan,Daryl,Reject
Gardner_Adams,Rex,Reject
Jameson.Gorczany,Ryleigh_Rice,Reject
Stephon_Nitzsche,Valerie,Accept
Marvin.Luettgen,Jamir_Maggio,Request
Merlin_Koepp,Cristian_Veum,Request
Novella_Oberbrunner,Angelita.Lynch,Reject
Sonya.Blanda,Kay,Reject
Thurman.Schmitt,Renee_Bartell,Reject
Camden_Bogan,Rodrigo.Emard,Request
Carley_Kiehn,Diamond.Krajcik,Accept
Erwin.Wilderman,Jamie.Witting,Accept
Boris.Pacocha,Patience,Reject
Karley.Schmitt,Erik,Request
Orpha_Gleichner,Orin,Accept
Lesly.Zieme,Harry,Accept
Gay_Hermiston,Nellie_Weimann,Reject
King_O'Kon,Raina.Glover,Reject
Ricky.Ullrich,Carlee,Accept
Amina.Kihn,Trycia.Lakin,Request
Cheyanne.Hauck,Liana.Berge,Reject
Bernadine.Schowalter,Royal,Request
Reginald_Nienow,Carmel,Reject
Audrey_Ankunding,Sheila.Sipes,Request
Jennifer_Kerluke,Aylin,Reject
Alva.Wiza,Mireille_Schumm,Request
Gwendolyn.Leffler,Marcelo,Accept
Kaci.Bashirian,Lukas,Accept
Johnathan.Larkin,Buck,Accept
Koby.O'Reilly,Bernadine,Request
Santiago_Smitham,Cassandre_Metz,Reject
Santino_Bode,Flossie.Green,Reject
Breana.Hane,Mack,Accept
Iliana_Schultz,Josue,Reject
Leif_Lesch,Name_Cummings,Accept
Edwin_Schmidt,Rigoberto,Accept
Gaetano,Zachary.Langosh,Request
Alva.Borer,Geo,Reject
Damien.Cartwright,Roderick.Leuschke,Reject
Meghan.Luettgen,Ola,Request
Wyman_Walker,Verlie,Request
Leanna.Davis,Piper_Aufderhar,Request
Sydnie_Kling,Alexanne.Kulas,Request
Wava.Klocko,Rosella,Reject
Lora_Jacobs,Bradley_Marquardt,Request
Dangelo.Mitchell,Christy,Accept
Elenora_Fisher,Bradford,Accept
Eliezer_Ryan,Korey.Heller,Reject
Kelley.Lakin,Coleman_Orn,Reject
Bradly.Stroman,Jameson.Smith,Request
Ludie.Price,Elna,Request
Nikolas.Hauck,Addison,Reject
Ned_Hilll,Helene.O'Connell,Request
Marlee_Glover,Clementine_Bahringer,Accept
Juliana.Tromp,Celestino,Request
Lenny.Crooks,Carmine.Schuster,Accept
Cleo.Mueller,Aiden.Swaniawski,Reject
Maggie.Kuphal,Reina.Sanford,Accept
Kyleigh.Kris,Newton.Muller,Request
Denis.Hills,Larue,Reject
Providenci.Weber,Lexie.Schmitt,Accept
Keaton_Haley,Lelah.Ward,Reject
Jalyn.Yost,Adaline.Sawayn,Request
Dameon.Jacobson,Elna,Request
Ima_Towne,Adrienne,Reject
Abigail.Daugherty,Giuseppe,Accept
Donna_Pouros,Katrine,Request
Evert_Sipes,Amya,Request
Otis_DuBuque,Marcia,Accept
Darrell_Gibson,Vernon_Schneider,Reject
Olen.Ferry,Phoebe_Kemmer,Reject
Emilia_Schoen,Delphia.Kiehn,Request
Destiny.Gusikowski,Damion.Donnelly,Reject
Torrey.Schmeler,Theresa,Reject
Jarod.Walsh,Crystal,Request
Carole_Ferry,Davon,Accept
Kristina_Langworth,Wallace.Bode,Reject
Haven.Grant,Tressie,Request
Dayna_Baumbach,Rachelle,Reject
Summer_Lesch,Edyth.Zulauf,Accept
Sheridan_Roberts,Thomas_Rosenbaum,Reject
Emerson_Hessel,Kurtis.Kilback,Reject
Vernon_Trantow,Orion,Reject
Phyllis.Wilkinson,Neil,Request
Gilda_Trantow,Tyreek,Accept
Sonya.Durgan,Ted,Request
Domingo_Schowalter,Princess,Accept
Ezekiel_Weber,Sallie,Accept
Gerald_Mraz,Elmira.Kilback,Request
Dena.Jones,Thelma_Emmerich,Reject
Alford.Erdman,Owen,Accept
Brianne_Harris,Tito_Heaney,Request
Hilario.Kessler,Rico,Request
Pattie_Jewess,Lizzie_Breitenberg,Accept
Ebba.Wuckert,Estel,Reject
Amira.Trantow,Laury.Kuhlman,Request
Callie.Hickle,Barrett,Request
Leilani.Heaney,Pasquale.Konopelski,Accept
Larry_Lueilwitz,Dana_Braun,Accept
Salvatore_Brown,Alec,Request
Eldora,Laurence.Rath,Reject
Jacey.Collins,Laurianne,Accept
Payton.Morissette,Darien_Kuhn,Request
Kelley.Grant,Braulio.Braun,Request
Aliyah.Will,Helmer,Request
Christop_Reilly,Virgil,Reject
Pedro.Conn,Daisha.Ernser,Accept
Sharon.Harªann,Eliza_Lubowitz,Accept
Jalyn_Nicolas,Jessika.Champlin,Reject
Bernhard_Bechtelar,Evangeline_Hintz,Reject
Grace_Hauck,Mohammed_Leannon,Accept
Marley.Reichert,Ashleigh,Request
Lilla.McClure,Mckayla_McDermott,Request
Dorothea,Nikko,Accept
Osborne.Watsica,Blake,Reject
Kathleen.Stoltenberg,Hobart,Accept
Frankie_Morar,Karelle,Reject
Sabina.Goyette,Elissa,Request
Waino_Wilderman,Nannie,Request
Celine_Schowalter,Mireille_Hyatt,Request
Kale_Torp,Susana_DuBuque,Reject
Stephon_Feest,Florida,Reject
Meagan_Cole,Lucio.Vandervort,Request
Bonita_Bayer,Keeley,Reject
Yolanda.Guªann,Penelope.Collier,Reject
Okey.Wuckert,Kellie,Request
Destini.Brown,Eryn,Reject
Arvel_Schimmel,Jon,Accept
Kamille_Hilpert,Cheyanne,Request
Colton_Price,Chasity,Accept
Ines_Glover,Roxane,Accept
Kristopher.Simonis,Aniyah_Kub,Accept
Tad_Lindgren,Luella,Accept
Kobe.Hudson,Margarette,Request
Iliana.Wiza,Cordia.Morar,Accept
Winfield_Lowe,Obie.Gerlach,Request
Blair.Kreiger,Augustine,Reject
Vivian_Schulist,Alaina,Accept
Loren.Stracke,Sherman_Carroll,Reject
Pearline.Wunsch,Deonte.Leannon,Reject
Angelina_Bayer,Shakira,Accept
Ian_Glover,Marcelo.Stokes,Request
Meda.Sipes,Charles.Hamill,Reject
Susan_Daugherty,Dejah.Rempel,Accept
Emma_Strosin,Alfredo,Reject
Meaghan.King,Marilie,Reject
Francis_Romaguera,Otis.Kuphal,Accept
Liliana.Lakin,Kenny_Kirlin,Accept
Alayna_Gottlieb,Felicia_Mraz,Request
Devon.Bechtelar,Carmela_Rau,Request
Blaise_Corwin,Jessie.Gulgowski,Accept
Leann_Raynor,Pansy.Hessel,Reject
Merle_Sauer,Kayleigh.Considine,Reject
Elouise_Jakubowski,Billy.Hansen,Accept
Isabella_Collier,Kane_Gerlach,Request
Arno.Conroy,Kadin,Accept
Jennie.Ebert,Norma.Ledner,Request
Julian_Hintz,Rollin,Accept
Telly.Glover,Rashad,Accept
Gail.Schumm,Rosamond,Accept
Arlie.Balistreri,Vicenta.Vandervort,Request
Keon.Shields,Humberto_Hessel,Request
Jessica.Mraz,Kacey,Accept
Esta.Ferry,Virgil,Reject
Tobin_Gleichner,Darion,Reject
Dina_Williamson,Allan,Reject
Oleta_Kemmer,Toby_Bergstrom,Request
Jayme.Kris,Roxane.Altenwerth,Request
Aylin.Bins,Phoebe,Reject
Estevan.DuBuque,Ruthe_Sauer,Request
Oceane.Connelly,Dorian,Request
Keegan_Heller,Raymundo_Macejkovic,Reject
Herminio.Howell,Melba,Accept
Alysha_Feil,Aiyana_Reilly,Reject
Federico.Carroll,Aliyah,Accept
Noemi_Glover,Lurline,Request
Kane_McKenzie,Delaney,Accept
Magdalen.Metz,Bonnie_Nienow,Accept
Estelle_Brekke,Elouise_Harris,Reject
Kendrick.Trantow,Ottilie,Reject
Ron_Anderson,Jailyn,Accept
Lavada.Willms,Sabrina.Wehner,Reject
Kendra.Hilpert,Laurel_Hegmann,Reject
Grace.Abshire,Tomasa,Accept
Miracle.Gerlach,Elissa,Accept
Garrick_Quitzon,Marcelino,Request
Madison_DuBuque,Savannah_Ruecker,Request
Jaylan_Hudson,Dolores.Lueilwitz,Request
Breanne.O'Reilly,Annabelle,Request
Stephon.Franecki,Dimitri,Request
Christopher.Bauch,Hayley.Mertz,Accept
Charley.Kuhic,Georgianna.Wolff,Accept
Shanon_Cummings,Houston,Request
Lolita_Leffler,George.Davis,Request
Brandy.Huels,Samson.Huel,Request
Erin_Gleason,Tyra,Request
Jacinto_Koepp,Zachariah.Hermann,Request
Stefanie.Kuhlman,Joanny.Swift,Request
Owen.Feil,Liam.Prosacco,Accept
Howard.Smith,Vita,Request
Doris.Hodkiewicz,Laura,Request
Kyra_Wehner,Brayan,Reject
Laron_Hoppe,Hailie,Request
Laisha.Dach,Buck.Schultz,Reject
Michale_Senger,Kristoffer_Bernier,Request
Ethan_Leffler,Cristina,Request
Elouise_Hackett,Name,Reject
Audrey.Reichel,Stanton,Accept
Shanie.Langosh,Faye,Accept
Antonia.Hane,Evalyn,Reject
Drake_Hyatt,Una.Kerluke,Accept
Keagan.Hane,Hosea_Gibson,Reject
River.Wilderman,Karli,Request
Olaf_Gleichner,Aurelie,Reject
Noemy_McGlynn,Xavier_Grant,Accept
Sadye.Green,Harmony,Accept
Francis_Quitzon,Khalil_Keebler,Request
Dwight.O'Kon,Douglas,Reject
Eduardo.Tremblay,Araceli_Schulist,Reject
Louisa_Oberbrunner,Eleanora,Reject
Ella.Leffler,Waylon,Reject
Kacey_Ernser,Willard.Schulist,Reject
Ophelia_Schimmel,Gracie,Request
Ewell.Greenfelder,Rosanna.White,Reject
Werner_Orn,Marquis.Boyer,Accept
Salma_Doyle,Ressie.Schaden,Request
Garrett_Dibbert,Boris_Dooley,Request
Zetta.Lehner,Dominique,Accept
Derick_Jewess,Wilbert,Accept
Wayne_Greenholt,Nya.Powlowski,Reject
Aubree_Herzog,Dee,Accept
Shannon_Ratke,Fredrick_Bode,Accept
Esta.Gibson,Vivian,Reject
Joannie_Crooks,Henry.Fay,Reject
Dawn.Schmidt,Urban,Accept
Toby_Bergstrom,Kiera_GuÂªann,Accept
Angelita.Paucek,Jerod_Corwin,Accept
Cruz.Thompson,Golden_Kerluke,Accept
Sheridan.Pfeffer,Daisy.Kulas,Accept
Joesph.Moen,Emmanuel.Kreiger,Request
Marcelino_Carter,Tate.Kuhlman,Accept
Talon.Mayert,Clemens,Reject
Tyshawn_Kuvalis,Theo.Sporer,Accept
Hassan_Robel,Talon.Lowe,Reject
Idella_Bode,Lia.Heller,Reject
Jaida_Cartwright,Aron,Request
Chandler_Murphy,Skye.Wunsch,Accept
Florencio.Olson,Geraldine,Accept
Esta.Rippin,Jennyfer,Accept
Jamie_Ledner,Alexander.Marquardt,Accept
Marge_Grady,Bernadine_Pfannerstill,Request
Lavon.Hilpert,Nola_Thiel,Request
Ernestine_Ernser,Therese_Mitchell,Reject
Cordell.Weissnat,Roma.HarÂªann,Accept
Miguel_Stehr,Trent.Satterfield,Accept
Mariela_Crona,Corine_Krajcik,Request
Kiley.Torphy,Alyson.Beer,Accept
Dina_Weissnat,Weldon,Reject
Claude.Powlowski,Louie,Accept
Frieda_Mosciski,Mateo,Request
Torrey_Miller,Melisa,Request
Jefferey_Torp,Jared,Reject
Christy.Smitham,Hal.Langosh,Request
Myra.Fahey,Brionna.Cruickshank,Reject
Jeffry_Howell,Pearlie_Emard,Accept
Layla.Schoen,Emma.Trantow,Request
Vilma,Jerod_McGlynn,Request
Moshe_Ziemann,Samantha.Lowe,Request
Dusty_Ankunding,Kiel,Reject
Clark.Buckridge,Gaston,Accept
Alexandro.Lowe,Herman_Schumm,Reject
Toney.Vandervort,Albert.Zulauf,Reject
Rae_Veum,Patsy_Harvey,Accept
Kallie.Klein,Christian,Reject
Jasen.Breitenberg,Isai.Mosciski,Reject
Nova,Justus,Request
Providenci_Goodwin,Clare,Request
Joesph.Kuhn,Abigail,Accept
Joelle.Schiller,William.Jacobi,Reject
Mason.Kub,Jaqueline_Jacobson,Reject
Christa.Raynor,Evelyn_Hirthe,Accept
Hailee_Hayes,Sheila_Powlowski,Reject
Meaghan_Morissette,Rosina,Accept
Prince_Goldner,Coleman.Swaniawski,Request
Ardella.Wuckert,Nathanial,Reject
Alessia_Harber,Makenna,Accept
Furman.Paucek,Roma_Frami,Request
Gordon_Bergnaum,Kraig_Corwin,Reject
Verdie.Schmeler,Kirk.Gusikowski,Accept
Alva_O'Kon,Maximillia,Accept
Prudence.Effertz,Kieran,Request
King.Reichert,Adrienne.Greenholt,Request
Skye_Streich,Melany.Feest,Accept
Aniyah_Kub,Garrett,Accept
Estell_Wisoky,Nina,Reject
Edgar.Hamill,Edna,Request
Thad.Hermann,Mellie,Request
Wiley,Damaris,Request
Reina_Hilll,Earline_Nolan,Reject
Madeline.Wisoky,Lamar,Accept
Opal_Gerlach,Amparo.Murazik,Reject
Gabriel.Collins,Alyson_Schoen,Reject
Flavie_Daniel,Eva,Accept
Kurt_Abshire,Angelica_Lueilwitz,Request
Larue.Jacobi,Melody_Hermann,Accept
Ferne_Sanford,Verona,Reject
Antonio.Wilkinson,Rosario,Reject
Reece.Brakus,Sage_Zulauf,Reject
Antoinette.Block,Dayne,Accept
Anastacio.Wiegand,Theodore,Request
Name_Cummings,Retha,Accept
Geoffrey.Turcotte,Jake.Williamson,Accept
Rosario.McLaughlin,Lavada_Hodkiewicz,Request
Gayle.Rau,Giovanny,Accept
Elliott_Mitchell,Camron_Kling,Accept
Noelia.Ernser,Carli,Reject
Braeden_Kilback,Amparo.Borer,Reject
Estella.Waelchi,Tyler,Request
Destin_Collins,Otho,Accept
Mabel_Steuber,Rae.Carter,Reject
Leora_Muller,Tamia_Larkin,Reject
Anabelle.Muller,Josh,Reject
Rashawn_Crooks,Macie,Accept
Theo.Frami,Terry,Reject
Arch_D'Amore,Terry,Reject
Dana_Nitzsche,Keven,Reject
Anabel.Beatty,Hans.Treutel,Request
Lupe_Williamson,Russell_Hahn,Accept
Remington.Pouros,Twila.Klocko,Reject
Breanne_Wisozk,Kennedy.Walter,Accept
Lorenza_O'Connell,Bradley,Reject
Devonte_Jaskolski,Melody,Request
Mitchel.Harvey,Mia,Request
Kadin.Maggio,Keenan,Accept
Morgan.Schroeder,Kathlyn_Funk,Reject
Garnett_McClure,Duane.Jaskolski,Reject
Warren.Dibbert,Grover,Request
Christiana_Murazik,Hilario,Accept
Elna.Bruen,Isabelle,Request
Hassan_Swift,Laisha,Reject
Dejah.Runte,Kari,Reject
Dylan_Mayert,Elmore,Reject
Geraldine_Tillman,Kayleigh,Accept
Sydnee.Hackett,Jordan_Larson,Request
Orval_Mann,Maida,Reject
Ariane.Dietrich,Alexys_Schuster,Reject
Mayra_Rolfson,Blaise.Mitchell,Request
Laverne.Shields,Caleigh_Schaefer,Accept
Maxime_Nader,Nova,Accept
Estefania_Guªann,Amalia,Request
Delphia.Fay,Aylin,Request
Darrin_Kreiger,Dolores.Lueilwitz,Accept
Wallace.Schoen,Meagan.Beatty,Request
Hyman_Wintheiser,Ambrose.Walsh,Accept
Chad.Bradtke,Travon.Goldner,Accept
Sigrid,Caitlyn_Stoltenberg,Request
Godfrey_Jaskolski,Maynard,Accept
Zola_Haag,Zoe,Request
Alexanne.O'Conner,Franz,Request
Alva.Rosenbaum,Valerie_Funk,Accept
Dena_Torphy,Vidal_Bauch,Request
Chelsea_Schaden,Krystina_Koss,Reject
Chance.Waters,Jerod,Reject
Bertrand_Parker,Francisco_Daugherty,Request
Tiffany.Funk,Ronaldo,Accept
Elton.Huel,Loyce_Purdy,Accept
Christine_Crist,Hubert_Crona,Reject
Don_Heller,Carmelo,Reject
Aaliyah.Von,Angus,Reject
Malachi_Thompson,Cary_Frami,Reject
Angela.Bauch,Margret,Request
Lorena_Johnston,Misty_Murray,Request
Lucius_Baumbach,Deonte,Request
Dusty_Rath,John_Feil,Reject
Angeline_Emmerich,Edwina.Goodwin,Accept
Hal.Okuneva,Trudie,Reject
Taryn_Wiza,Emilia_Carter,Request
Mauricio_Reinger,Esperanza,Accept
Kyler_Batz,Princess.Langworth,Accept
Rhoda.Yost,Murphy_Swaniawski,Request
Mateo.Wisozk,Hosea.Cummings,Request
Ardella_Olson,Kaylee,Accept
Gino_Kuhic,Sherwood,Reject
Ellis_Lemke,Mustafa,Accept
Marco_Mohr,Imogene.Reynolds,Reject
Adah.Pagac,Kaylie,Request
Christa.Bins,Kody,Reject
Whitney_Kautzer,Emmitt,Reject
Patience_Feest,Missouri_Schaefer,Reject
Nicolas_Lesch,Lucie_Keebler,Request
Minerva_O'Hara,Justice.Spencer,Reject
Virgil_Mertz,Katheryn_Abshire,Request
Cathy_Rempel,Camron_Kutch,Reject
Christian_Schuppe,Alexane_Fay,Reject
Osvaldo.Harris,Anne_Stokes,Request
Demarco_Auer,Wilson,Request
Orin.Bruen,Camille,Request
Quincy_Schaden,Charity.Sauer,Reject
Alexander.Kovacek,Trudie.Herzog,Request
Sharon.Schinner,Joany,Request
Judge.Thiel,Jenifer,Reject
Esther_Labadie,Demarcus,Reject
Lexie.Wolff,Yasmeen.Kovacek,Request
Krystel_Jakubowski,Woodrow,Accept
Patricia_Dickinson,Betsy_Collins,Reject
Theresia_Hirthe,Xavier,Request
Jed.Tromp,Houston,Reject
Rene_Botsford,Trycia,Reject
Dangelo,Dena_Torphy,Accept
Mohamed.Metz,Ollie,Reject
Randall.Kshlerin,Bryon,Accept
Verona_Jacobi,Adaline.Keeling,Reject
Adelbert_Fahey,Monte_Cartwright,Reject
Sibyl_Haag,Bernhard_Larson,Accept
Augustus_Lubowitz,Craig_Corkery,Reject
Rachelle_Kling,Tre_Crona,Accept
Teresa.Huel,Filomena,Accept
Alyson_Muller,Bruce,Request
Jan.Cormier,Mortimer,Request
Pattie_Bashirian,Demarco,Request
Hoyt.Dickinson,Travis,Reject
Rahsaan_Kerluke,Zita,Accept
Dax.Bernier,Giles_Wisoky,Reject
Dora.Dickens,Anabel,Accept
Cynthia_Williamson,Rico.Yost,Reject
Ally_Schumm,Deontae,Accept
Jace.Buckridge,Jonathan,Reject
Reggie.Nolan,Lulu.Deckow,Reject
Lois.Windler,Immanuel.Stracke,Request
Mayra_Daugherty,Kelsie,Reject
Amara.Baumbach,Eunice.Torp,Request
Eliza.Guªann,Eula,Reject
Bonita_VonRueden,Lane,Accept
Shea.Krajcik,Duane.Crist,Accept
Mallie_Fahey,Serena_West,Accept
Katherine.Oberbrunner,Viviane,Reject
Benny_Turner,Alia,Accept
Ignacio.Stokes,Olin,Accept
Delores.Medhurst,Pearline_Renner,Accept
Elva.Kemmer,Jack_Cole,Request
Rory_Wiegand,Alexandria,Accept
Elaina.Cummerata,Carlotta.Quigley,Reject
Jeramie_Parisian,Horacio.Feil,Reject
Anastacio.McClure,Arielle.Weissnat,Reject
Mohamed_Ledner,Blaise,Reject
Gloria.Konopelski,Ignatius,Request
Alessandra.Ebert,Emiliano,Request
Magnus.Klein,Lucas,Accept
Roy_Greenfelder,Isobel,Accept
Nayeli.Fahey,Susan.Cummings,Request
Maxime.Kiehn,Mckayla_Legros,Accept
Kelley_Reichert,Halie_Koelpin,Accept
Kathryne.Wolff,Grace_Simonis,Accept
Zita.Quigley,Kennedy_O'Keefe,Reject
Myles_Larkin,Amani_Shields,Reject
Oceane.Cummerata,Tabitha.Fritsch,Accept
Noe.Feest,Chaya,Accept
Jaycee.Thompson,Vicenta,Reject
Pat,Summer_Orn,Reject
Ariel.Pagac,Bernhard_Hamill,Request
Leola.Sauer,Tristin_Armstrong,Reject
Morgan.Thiel,Fredy.Pfannerstill,Request
Forrest_Kessler,Adele,Request
Mazie.Hirthe,Kaleb,Reject
Vincenza.Christiansen,Napoleon.Corwin,Reject
Deondre.Fisher,Enid,Accept
Pascale.Reichert,Julia.Lemke,Accept
Violet.Moen,Broderick,Accept
Domenica.Nitzsche,Cecile.Bauch,Request
Geo,Kristofer,Accept
Alize_Rolfson,Okey,Reject
Alexie_Gleason,Cristobal,Request
Jason_Larkin,Jany,Request
Herta_Kiehn,Madie_Towne,Accept
Charlie.Roob,Angelita.Paucek,Request
Camden.Gleason,Cornell.McDermott,Accept
Allen.Spencer,Sadye,Request
Russell_Franecki,Jeremy_Mertz,Reject
Camille_Russel,Constantin.Weber,Request
Mozell.Blick,Fay_Yundt,Request
Marlon.Mayert,Dana.O'Conner,Accept
Kiana_Pfeffer,Marie,Request
Bud.Kertzmann,Nakia_Hackett,Request
Kari_Lockman,Franz,Reject
Irving_Koepp,Joshuah_Ullrich,Reject
Vladimir_Ward,Flavio,Request
Princess.Strosin,Walton,Reject
Joelle_Predovic,Olen_Jacobs,Reject
Emma.Brekke,Shyanne.Crona,Request
Helena.Gleichner,Torrey,Request
Guy.Lakin,Eulalia,Reject
Reyna.Ward,Korbin,Request
Albert_Dickinson,Abbigail,Accept
Autumn.Ortiz,Dayna.Turner,Accept
Carlee_Wisozk,Nash_Mohr,Request
Eldora_Veum,Julia,Reject
Emmie.Eichmann,Dejon_Sanford,Request
Alize_Keeling,Yazmin_Lehner,Reject
Lupe.Kertzmann,Hallie,Request
Otilia.Fadel,Naomie,Accept
Junior.Russel,Katlynn,Reject
Laurel_Greenfelder,Pablo_Senger,Accept
Rosetta_Rutherford,Karelle.Champlin,Request
Jailyn_Schneider,Frederic.Heathcote,Accept
Aniyah.Borer,Juwan.Marvin,Request
Tatyana.Wunsch,Dorthy,Request
Raphaelle.O'Conner,Vladimir_Waters,Accept
Keara.Adams,Eloisa.Marks,Request
Rolando.Maggio,Yvette,Request
Alexandra.Luettgen,Audreanne_Boyer,Accept
Chelsea.Nader,Erwin_Lowe,Request
Jailyn.Lebsack,Halle_Howe,Reject
Missouri.Veum,Caleigh_Wiza,Request
Adah_Volkman,Nona,Accept
Jerry.Ward,Duncan_Langworth,Reject
Rahsaan.Bahringer,Fabiola.Koepp,Accept
Israel_Hegmann,Meagan,Accept
Liam.Prosacco,Lexi.Vandervort,Reject
Kirk_Flatley,Ophelia,Request
Naomie_Wisozk,Kiana,Accept
Asia.Krajcik,Lucy,Accept
Patricia.Schmidt,Lucio,Accept
Jimmy_Davis,Joanne,Request
Dillan.Champlin,Newton.Hettinger,Request
Kian_Rogahn,Fermin,Reject
Sonya_Kerluke,Tess,Accept
Marisol_Mueller,Moises,Request
Angelita_Stiedemann,Kailyn.Farrell,Accept
Ellsworth_Hahn,Rachael_Smitham,Accept
Jamal.Beahan,Florian_Keebler,Reject
Harrison_McKenzie,Maggie,Reject
Enrique_Walter,Chelsie.Gerhold,Reject
Tomas_Reichel,Jakob.Grimes,Reject
Brennon_Kub,Francesco,Accept
Miracle_McCullough,Keely_Walter,Request
Rigoberto.Watsica,Heloise,Request
Assunta_Lebsack,Seth,Reject
Coleman.Donnelly,Gaston,Request
Loyce_Bauch,Myles_McDermott,Accept
Stephany_Bednar,Dayton_Dach,Reject
Armando.Price,Anika.Breitenberg,Accept
Jadon_Rempel,Estel_Marvin,Accept
Theodora_Kiehn,Elisha,Accept
Lew.Fadel,Novella.Raynor,Accept
Arne_Blick,Rasheed,Request
Delphine.Hessel,Vernie.Schaefer,Request
Alfred_Baumbach,Aubrey,Accept
Gail_Reichert,Coleman,Accept
Lawson_Tillman,Isabell,Request
Bill_Ortiz,Lukas,Reject
William.Jacobi,Shayna.Rau,Reject
Nadia_Watsica,Estevan.Bosco,Accept
Rick.Kshlerin,Angelina.Bartell,Reject
Arne_Gutkowski,Lottie_Klocko,Reject
Sven.Jacobson,Daisy_Schuster,Accept
Vladimir_Schamberger,Amanda,Reject
Chelsea_Maggio,Lesly,Request
Jayde_Stehr,Brannon.Mohr,Reject
Candice_Hintz,Lyric,Reject
Kamren.Bednar,Tabitha,Accept
Orpha.Wisoky,Freddy_Erdman,Reject
Clotilde.Schuster,Norval_Russel,Request
Sharon.Denesik,Reta,Accept
Sadye_Hackett,Larry,Request
Kaylie_Ward,Rupert,Reject
Will_Leannon,Valentina,Request
Gerda_Lind,Hester.Nienow,Reject
Monty.Haley,Vinnie,Reject
Heath_Ebert,Donnie,Request
Alden.Smith,Eugene,Request
Virgie_Mann,Lourdes_Kemmer,Accept
Caleigh.Anderson,Alysa.Yost,Request
Cristopher_VonRueden,Esmeralda,Reject
Esperanza.Herman,Haylie,Reject
Adaline_Lowe,Agustin.Dietrich,Reject
Kirsten_Schamberger,Dorothea,Accept
Cecil.Davis,Elva.Kemmer,Reject
Jerel_Erdman,Amanda.Jast,Accept
Trevor,Liza,Reject
Gisselle.Effertz,Bernadine,Accept
Eldred,Saul,Reject
Laisha.Stanton,Antwon.Feest,Reject
Daija.Jerde,Hal.Lehner,Accept
Kristian.Langworth,Junius,Request
Jack_Kohler,Edgardo.Aufderhar,Accept
Karelle_Johns,Miguel,Reject
Alysha_Strosin,Fermin.Runte,Reject
Unique.Goodwin,Ottilie_Raynor,Request
Willy.Berge,Rory,Reject
Greg_Quigley,Sylvan.Doyle,Accept
Lucio.Ferry,Genesis,Accept
Perry,Araceli,Accept
Claudine.Cruickshank,Cheyenne_Stokes,Reject
Jaycee_O'Hara,Jacinto_Shields,Accept
Alexandrea.Haley,Jason.Koch,Reject
Alfreda.Waelchi,Devon_Lehner,Request
Dana_Von,Jeanie,Reject
Priscilla.Collier,Caterina.Blanda,Request
Onie_Williamson,Conor_Flatley,Reject
Shanon,Benny_Turner,Reject
Reba_Treutel,Rosalind,Accept
Wilton_Heidenreich,Janelle.Nikolaus,Request
Austin_Farrell,Laurence,Accept
Loyce_Jakubowski,Reece,Reject
Elna.Upton,Lavonne_Lind,Accept
Nayeli_Lemke,Kolby_Tillman,Reject
William_Ward,Alba,Request
Eric.Jenkins,Kristin,Request
Arielle.Rodriguez,Grant_Hudson,Request
Kyle_Weimann,Jillian_Yost,Reject
Dolores_Dooley,Al_Kessler,Accept
Zelma.Hamill,Alyson_Reilly,Request
Mariano.Parker,Avis,Accept
Yessenia_Kuvalis,Eliezer,Request
Marcelo_Kuhlman,Onie.McClure,Reject
Nellie,Litzy_Morissette,Accept
Keaton_Huel,Rigoberto_Baumbach,Reject
Kristy_Harªann,Sydney_Beatty,Accept
Herminio_Auer,Garrick_Cruickshank,Reject
Kacey.Zulauf,Lionel_Johnson,Reject
Grayson.Bosco,Americo_Rempel,Reject
Nelle.Ryan,Pinkie,Accept
Arne_Hahn,Rosalee.Schuppe,Reject
Martina_Bartell,Monty,Reject
Davion.Hessel,Valerie_Green,Accept
Nola_Glover,Brittany_Erdman,Request
Delfina_Schultz,Cleora,Reject
Hanna.Jenkins,Darrell.Weissnat,Request
Corine_Ziemann,Nova.Bruen,Request
Heather.Becker,Chadrick.Bode,Accept
Sienna_Keeling,Fabiola.Aufderhar,Reject
Reta_Anderson,Allie.D'Amore,Request
Naomie_Koelpin,Sienna_DuBuque,Reject
Brown_Kreiger,Ellsworth,Accept
Orville.Pfeffer,Nigel,Accept
Betsy.Ortiz,Seamus.Kozey,Reject
Mabelle_Erdman,Jose,Accept
Yasmine_Beer,Katlynn.Jewess,Accept
Tania_Kuvalis,Emily_Mohr,Accept
Dillon_Lockman,Guadalupe,Reject
Isabel.Connelly,Luigi,Request
Grover.Hodkiewicz,Fausto_Boyle,Accept
Makayla_Roberts,Johan_Bogan,Accept
Daisy.Kulas,Brenden.Grimes,Accept
Camylle_Fadel,Mohamed,Accept
Theodora.Kreiger,Alfreda.Shanahan,Request
Maybelle.Gleason,Jacklyn,Reject
Weldon_Farrell,Avery_Koch,Reject
Vince_Cartwright,Daphney,Accept
Colby.Herman,Haylie,Reject
Daniella.Ebert,Helga,Reject
Garth_Bins,Joesph,Accept
Joshua.Bayer,Dahlia,Reject
Norma_Brekke,Mozelle,Reject
Jessyca_Lynch,Elsa,Request
Presley_Gutkowski,Miguel_Stehr,Reject
Blair_Herzog,Barrett,Request
Gracie.Simonis,Billie,Accept
Seth.Walter,Alivia_Gleichner,Accept
Brian.Bartell,Eli.Harris,Reject
Abdullah.Jaskolski,Misty.Lynch,Request
Cecelia.Rowe,Ross,Request
Nona_Feeney,Angeline,Request
Kitty.Abernathy,Eleanore,Request
Alec.Torphy,Jennyfer_McLaughlin,Request
Dominic_Stamm,Bruce,Request
Silas.Schinner,Aliya,Accept
Alexie_Hamill,Shayna.Hegmann,Request
Chance_Kutch,Angela_Mertz,Accept
Damien.Schuppe,Derek,Reject
Friedrich.Christiansen,Ken_Hills,Reject
Kylee.Crona,Ryley.Hahn,Accept
Uriel_Rempel,Helene.Schultz,Request
Ilene_Lesch,Flavio,Request
Americo_Weimann,Marielle,Request
Hudson_Kerluke,Margarett.Thiel,Request
Autumn_Wisozk,Marco_Schumm,Accept
Guiseppe.Bergstrom,Chance_Prosacco,Accept
Thora,Ardella_Walsh,Reject
Ansley_Abshire,Lenna_Jenkins,Accept
Zion_Langosh,Angelica_Lueilwitz,Request
Monserrate_Stroman,Van,Accept
Rebeca.Tremblay,Ulises_Ebert,Accept
Corbin.Wisoky,Sid,Request
Esmeralda.Schultz,Isac,Request
Joana_Schmitt,Katelyn.Barton,Reject
Fleta_Aufderhar,Terry,Request
Keshaun.Walter,Raleigh.Klein,Request
Sonia.Labadie,Zola.Weber,Reject
Gus_Smitham,Ima_Stamm,Accept
Wilfred.Cremin,Jewel,Request
Alexandra_Stroman,Matilde_Russel,Request
Nova.Bruen,Isabell.Prosacco,Request
Justina.Torphy,Scotty,Request
Lea_Dibbert,Leonard,Reject
Willie.Lindgren,Lynn,Reject
Kaylah.Leuschke,Arjun_Bruen,Accept
Jeff.Kutch,Jean.Nader,Reject
Minnie_Gulgowski,Asia.Flatley,Request
Jeramy.Homenick,August.Kihn,Request
Crawford_Stroman,Kiel,Accept
Aisha.Hickle,Jorge_Okuneva,Accept
Rod_Grimes,Logan,Request
Hayley_McKenzie,Abbie.Funk,Request
Marietta_Stamm,Vince_Schulist,Accept
Vita.Beer,Estell_Kiehn,Request
Duncan.Denesik,Michelle,Accept
Roosevelt_Ernser,Santina,Reject
Jeffery.Kris,Nola_Frami,Accept
Caleb.Metz,Dennis,Request
Diamond_Hand,Alyson,Reject
Gracie_Bogan,Leopoldo,Request
Holly.Veum,Hollis,Request
Mikel.Cruickshank,Yoshiko_Wuckert,Accept
Willie_Gottlieb,Adriel,Request
Judge_Bailey,Xavier_Nolan,Reject
Kirk.Gutkowski,Brian,Reject
Linda.Runte,Marlin.White,Request
Marjorie.Lang,Lelah,Accept
Liliane.Ledner,Gustave,Reject
Newell.Fahey,Rowan,Accept
Gaetano.Howe,Gracie,Accept
Jerrod.Schaden,Cassie.O'Kon,Request
Chad_Marks,Stephon_Feest,Accept
Kenton.Becker,Jaylen.Emard,Reject
Jettie_Weissnat,Ricky_Bayer,Reject
Erick.Hermiston,Barney,Accept
Mathilde_Koepp,Vito,Request
Gussie.Gusikowski,Isaias.Cummerata,Accept
Amelie_Casper,Damaris,Accept
Noble.Bruen,Laurie_Fisher,Request
Gabriel_Herzog,Sabina.Trantow,Reject
Hildegard_Bins,Arjun_Bruen,Request
Erick_Smith,Giles_Anderson,Request
Florine.Hamill,Bonita.O'Hara,Accept
Gail.Stroman,Whitney.Bechtelar,Request
Martine.Cremin,Ibrahim_Lockman,Request
Emmett.Gorczany,Jared,Request
Jane.Stanton,Minerva,Reject
Alyson_Schoen,Bernardo.Blanda,Request
Fannie_Shields,Agustin.Dietrich,Reject
Lura_Shields,Kiley.Kuhlman,Accept
Selena.Block,Cordell_Strosin,Reject
Marcelo.Stokes,Marjolaine.Lemke,Request
Erin.Orn,Odell_Cole,Accept
Wanda.Larkin,Stephan.Corkery,Request
Cleveland_Harvey,Camden.Bartoletti,Request
Eloisa.Thompson,Noemy.HarÂªann,Reject
Troy.Kessler,Jocelyn,Reject
Irving.Bednar,Owen.Feil,Accept
Caleb_Kilback,Jennyfer_Daniel,Reject
Jason_Mraz,Judy,Request
Kirk.Marquardt,Jayce,Accept
Cornell.Reinger,Emmalee,Accept
Jack,Quincy.Bergnaum,Request
Ariane.Greenfelder,Willy,Reject
Alec.Anderson,Katelyn,Request
Sunny_Tromp,Abdullah,Accept
Ulices_Hansen,Laurie.Goodwin,Request
Berneice_Bartoletti,Louvenia,Reject
Angelo.Borer,Anissa.Ferry,Request
Ashleigh.Kozey,Roberta_Block,Accept
Jett_Walsh,Janice_Medhurst,Accept
Autumn.Harªann,Alford,Reject
Virginia_Howell,Brandon.Sipes,Request
Evalyn_Abbott,Jesse,Request
Meda_Purdy,Marty_Hirthe,Request
Petra_Schmitt,Celestine,Accept
Braden_Ankunding,Micah,Accept
Sidney.Haag,Ernesto,Request
Abbey.Kovacek,Patricia_Renner,Request
Victoria.Shanahan,Rene,Reject
Triston.Friesen,Efren.Okuneva,Accept
Diamond.Hammes,Creola_Bahringer,Accept
Thomas_Pouros,Cordelia_Keebler,Request
Max_Dare,Marguerite_Leffler,Accept
Fatima_Friesen,Clifton,Accept
Daphnee_Daugherty,Kenny,Accept
Turner.Konopelski,Deshaun,Request
Christiana.Mann,Dewitt.Cassin,Request
Sharon_Barrows,Tania_Konopelski,Reject
Michael_Wyman,Sheila_Powlowski,Reject
Evalyn_Jast,Ludie_Kovacek,Reject
Novella.Raynor,Percival,Reject
Willard,Pat_Wiegand,Accept
Genevieve.Wisoky,Abe,Request
Gennaro_Pfeffer,Durward_Dibbert,Request
Deonte.Hills,Santina,Reject
Adela.O'Reilly,Hayley_Monahan,Reject
Leslie_Zulauf,Cordia,Request
Willis_O'Reilly,Judge.Kertzmann,Accept
Dorothea_Ward,Giovanna,Request
Kenyatta_King,Grady,Reject
Garrick_Cruickshank,Favian,Reject
George.Davis,Treva,Request
Hubert_Crona,Caden,Accept
Wayne_Ryan,Laurence,Request
Maxwell_Walker,Newton_Connelly,Request
Keara_DuBuque,Golda_Schiller,Reject
Esther.Stiedemann,Alexane,Request
Rebeka.Gusikowski,Furman,Accept
Jeffrey.Lang,Jerel_Zieme,Request
Ansel_Barrows,Talon,Request
Justen_Bahringer,Elmer_Kuhic,Accept
Leanne_Schuppe,Jeffery,Accept
Gerard_Daniel,Amya.Wehner,Accept
Theodora.Ernser,Solon_Gottlieb,Accept
Morton_Bahringer,Crystel_Schmeler,Request
Leta_Medhurst,Martin,Reject
Xzavier_Auer,Wilfred_Tremblay,Request
Wilma.Gusikowski,Khalil,Reject
Emile.Bruen,Kane_Cummings,Request
Miller.Denesik,Brock_Marvin,Request
Hildegard.Stracke,Mohamed.Ryan,Request
Tracy.Spencer,Gino,Request
Enoch.Metz,Alverta,Accept
Arnulfo_Macejkovic,Imani_Gleason,Reject
Frida.Heller,Mireya,Reject
Price_Aufderhar,Felton_Torp,Accept
Reynold_Murray,Athena,Accept
Betsy_Towne,Delphine.Jacobson,Request
Vernon_Kertzmann,Madelynn_Wiegand,Reject
Sally.Ziemann,Araceli_Schulist,Accept
Emmanuel_Kuvalis,Eve_Dach,Accept
Kayleigh.Mertz,Ona_Beier,Accept
Bud_Wolff,Raegan_Bergstrom,Reject
Chaya.Reinger,Shanna_Auer,Request
Jess_Berge,Finn.Hane,Request
Amely_Volkman,Joesph.Hane,Reject
Cletus.Heidenreich,Arne,Reject
Haylie.Beatty,Gene.Runolfsdottir,Accept
Loraine.Swaniawski,Hillary.Stanton,Request
Roxane_Jerde,Sean,Reject
Kadin.Schmidt,Dina_Weissnat,Request
Vincent.McClure,Chadd_Olson,Accept
Emelie_Leannon,Lemuel,Request
Tiffany_Huel,Eve,Accept
Quinten_Boyle,Tremaine_Lockman,Request
Ulises.Prosacco,Claude.Powlowski,Accept
Julianne_Larson,Flossie.McLaughlin,Accept
Lorenza_Hegmann,Kaia,Request
Jena.Abshire,Lennie,Reject
Zella.Veum,Missouri_Schaden,Accept
Elva.Hamill,Tracey.Sawayn,Request
Maximo.Casper,Loyce_Bauch,Reject
Lilyan_Leffler,Keanu,Reject
Granville_Wolff,Franz,Request
Ebony_Kovacek,Flossie.Green,Reject
Delilah_Vandervort,Elsie,Reject
Leanna_Zulauf,Raphael_Kovacek,Accept
Trace.Koss,Destin_Collins,Accept
Xander_Kshlerin,Connie,Accept
Ara.Legros,Nestor.Schuppe,Accept
Octavia.Schamberger,Salvatore,Accept
Krista_Hamill,Andres_Russel,Accept
Irving.Morissette,Shanna_Mitchell,Request
Mercedes.Ziemann,Alaina.Nicolas,Accept
Chester_Weber,Monroe,Accept
Mariana.Marvin,Mary,Request
Candido_Parisian,Frida,Reject
Evert.Kshlerin,Jeff.Harris,Request
Valerie_Funk,Zella,Request
Logan_Mante,Lucio,Reject
Annabell_Moen,Marta.Adams,Accept
Jody_Kshlerin,Hyman_Wintheiser,Request
Deja_Aufderhar,Unique.Bechtelar,Reject
Berry_Hilpert,Randall.Steuber,Request
Woodrow.Durgan,Jacquelyn_Rice,Request
Greyson_Cormier,Kiara.Cummerata,Request
Layla_Eichmann,Stephen,Reject
Effie_Robel,Greg,Accept
Gia.Considine,Brock.Corkery,Request
Jacinthe.Rippin,Laurine,Request
Tiara.Conn,Eveline,Accept
Chadrick.Christiansen,Theo,Accept
Carey.Will,Adrienne,Accept
Nikko_Guªann,Mackenzie_Ziemann,Reject
Theodora.McClure,Sophie.Crist,Request
Don_Senger,Ezra_Rolfson,Request
Jayde.Altenwerth,Laurine.Trantow,Request
Lamont.Sanford,Chet.Bradtke,Accept
Layla,Morton,Request
Elwyn.Leuschke,Javonte.Marquardt,Reject
Cortney_Zieme,Rickie,Accept
Dante.Gusikowski,Watson.Oberbrunner,Reject
Easton_Osinski,Karlie.Jewess,Reject
Jarvis_Walker,Jerod,Accept
Will_Ullrich,Deshaun.Dooley,Request
Luella_Cruickshank,Cleora_Reynolds,Request
Renee.Brown,Randi,Reject
Wilhelmine_Reinger,Berry_Hilpert,Request
Enid_McKenzie,Eileen_Jakubowski,Accept
Courtney.Kuhic,Hanna.O'Hara,Request
Orval_Ruecker,Kacey,Request
Giles_Wisoky,Ariel,Request
Jamel.Armstrong,Dustin,Request
Jackeline_Douglas,Cecilia.Lind,Accept
Audreanne.Sipes,Destiney,Reject
Tomasa.Grady,Brooks,Reject
Anna_Bahringer,Dasia,Reject
Kelton.Lueilwitz,Trycia,Reject
Kira.Konopelski,Allan,Request
Abagail.Nienow,Vernice,Request
Electa.Terry,Annamarie,Request
Al.Harvey,Ettie_Rohan,Accept
Maddison_Davis,Tabitha,Accept
Rodger.Gottlieb,Chadrick.Beahan,Reject
Jessika_West,Carley.Aufderhar,Accept
Alexander_Hand,Devan,Accept
Juwan.Jaskolski,Dean_Quigley,Accept
Erika_Bogisich,Annabel,Accept
Erick.Kuhic,Raquel,Accept
Alejandrin.D'Amore,Hipolito,Request
Amparo.Torp,Sarai,Reject
Katrina.Veum,Rozella,Accept
Toni.Johns,Harmon,Reject
Roselyn_Lindgren,Effie_Schneider,Request
Brianne_Weissnat,Ezra.Reinger,Accept
Selena.Boyle,Nyah.Roob,Accept
Christophe.Lebsack,Jan,Accept
Rick_Hills,Dorian,Reject
Jessika.Hilll,Maeve,Reject
Jaeden.Runolfsson,Ellis,Accept
Madyson.Schulist,Oran,Reject
Kristoffer.Rogahn,Dahlia_Strosin,Reject
Trudie_Hansen,Lane.Fay,Request
Katlynn.Zemlak,Lisandro,Accept
Emil.Hammes,Courtney,Request
Aglae_Streich,Daniela,Accept
Elmira.Rowe,Jeromy,Reject
Alexandra.O'Keefe,Emerson_Wehner,Accept
Ova.Kirlin,Dasia.Hand,Reject
Aileen.Russel,Sammie_Howell,Accept
Catalina_Hyatt,Kayley,Request
Krystina.Koss,Riley_Shanahan,Reject
Hailie_Dooley,Luigi.Jaskolski,Accept
Nash_Schumm,Markus.Aufderhar,Request
Chyna.Reichert,Mina_Huel,Accept
Willis_Lang,Antonia,Accept
Maxime.Dickinson,Nikita,Request
Collin.Gleason,Johathan,Accept
Abbie.Hamill,Maxime_Goldner,Request
Sydney_Treutel,Jett_Walsh,Reject
Jocelyn.Ernser,Cassandra,Reject
Leopoldo_Haley,Carter.Douglas,Request
Lauren.Cartwright,Adell,Reject
Elissa.Sawayn,Maida,Accept
Kale_Waters,Marisol,Request
Alexzander_Lueilwitz,Billie,Reject
Oral_Feil,Marco_Schumm,Reject
Emery.Beier,Ubaldo,Request
Kenneth.Waelchi,Hayley,Request
Hobart.Mante,Efrain_Fisher,Request
Adolphus_Krajcik,Eunice,Reject
Camylle.Kessler,Sherwood,Reject
Carson_Rodriguez,Vergie.Harris,Request
Edison.Batz,Litzy,Reject
Jaren.Donnelly,Alfonzo,Reject
Sophie.Hettinger,Lisandro_Watsica,Accept
Ellsworth_Witting,Ted.Russel,Accept
Agustin_Feeney,Maribel.Wisozk,Request
Luigi.Witting,June_Smitham,Reject
Elliott_Nolan,Daryl.Carter,Request
Buddy_Fay,Foster.Gottlieb,Accept
Trystan.Klein,Ila.Ullrich,Reject
Novella.Roberts,Murray_Ankunding,Reject
Jana_Bradtke,Jaylan,Reject
Santa_Bradtke,Ahmed.Schulist,Reject
Waldo.O'Connell,Myrtis_Ullrich,Accept
Omari.Kirlin,Beryl_Watsica,Request
Corine.Friesen,Scottie_Davis,Reject
Vanessa.Weissnat,Sydnie.Larkin,Reject
Stella.Schulist,Theron,Accept
Mossie.Swift,Alice_Tillman,Request
Catherine_Feil,Coleman,Request
Jailyn.Bauch,Icie.Greenfelder,Reject
Kellie.Herzog,Dakota,Request
Annabel_Schimmel,Evan,Reject
Helene.Schultz,Joana,Accept
Adaline.Keeling,Aiden.Zieme,Accept
Anya.Lueilwitz,Geoffrey.Hoppe,Reject
Edythe.Doyle,Sebastian,Accept
Kamille_Grady,Marilyne_Kutch,Request
Dolores.Lueilwitz,Eloy_Lueilwitz,Reject
Coy_Gottlieb,Nathanial,Accept
Jody.Raynor,Rosalinda,Request
Jessie.Gulgowski,Mckenna.Feest,Accept
Hank.Kuvalis,Kevin_Monahan,Request
Tiara.Roob,Leopold,Request
Lonnie_Bartell,Jordy.Green,Reject
Luz_Von,Jeanie,Request
Prudence_Nicolas,Kennedy.Predovic,Accept
Carmel.Rowe,Roman,Reject
Donald.Moen,Betty,Reject
Macy,Emmet,Accept
Margarett_Jacobson,Angelina_Metz,Accept
George_Wilkinson,Alison.Rogahn,Reject
Bud_Koepp,Britney,Accept
Cielo_Rippin,Mercedes,Accept
Fritz.Hills,Jarrell,Reject
Ellie.Thompson,Philip,Reject
Luciano_Schumm,Madison_Zboncak,Accept
Clint_Hackett,Vita_Langosh,Request
Mina.Stokes,Jennings_Lynch,Accept
Hugh_Schumm,Lorine_Wilkinson,Reject
Rosalee.Thiel,Arvilla.Waelchi,Accept
Alanis_Hettinger,Cleta,Request
Trenton_Romaguera,Rachael,Request
Stephan,Ray,Reject
Russ_Beer,Shane_Emard,Accept
Rosalinda.Bogan,Annabel_Harris,Accept
Concepcion.Kuvalis,Verla,Accept
Judson_Schulist,Lempi_Torp,Reject
Heaven_Kunze,Emely.Howell,Reject
Isaiah.Dietrich,Trenton.Wisozk,Accept
Wava.Feil,Cordelia,Accept
Jovanny.Goodwin,Zella.Goyette,Request
Elva.Spencer,Raphaelle.Yundt,Request
Zachariah.Hermann,Thurman,Accept
Ryann.Lindgren,Caleigh.Stehr,Accept
Helene.O'Connell,Felipe,Request
Vicente_Koss,Russell_Hahn,Reject
Christopher.Hagenes,Angus,Request
Doyle_Mayer,Delaney_Williamson,Reject
Tania_Konopelski,Lindsay.Fay,Reject
Bryana.Rice,Taurean,Request
Nils_Weissnat,Keon,Request
Chasity_Fisher,Raina,Reject
Jacynthe_Mueller,Riley_Shanahan,Accept
Coby_Satterfield,Giles,Reject
Shaina.Mraz,Jude,Request
Chet.Walter,Art,Request
Ceasar_Bogisich,Garth.Swaniawski,Reject
Velda.Bahringer,Leilani,Request
Maymie_Schultz,Dena,Request
Lucious.Ondricka,Era_Stroman,Request
Taryn.Cremin,Maxine,Accept
Estel_Wolf,Marilyne,Reject
Shayne.Labadie,Nat,Reject
Carter_Kilback,Jennie,Reject
Noble.Kovacek,Kay,Accept
Garrison_Erdman,Hipolito.Schoen,Request
Carol.Hackett,Jamarcus,Accept
Pablo_Wilderman,Travon.Barton,Accept
Marcelo_Murazik,Emile,Request
Paris.Hammes,Baron.Wyman,Request
Cayla.Hagenes,Christy.Hyatt,Reject
Hillary.Altenwerth,Royal,Accept
Brenda_Paucek,Brian,Accept
Elise_Bayer,Delta,Reject
Adonis_Bashirian,Laury.Schiller,Reject
Santina.Kshlerin,Raven,Accept
Julie_Quitzon,Lionel,Reject
Kiera_Graham,Jeramie,Reject
Laury.Keeling,Dock,Request
Viva_Walter,Payton,Request
Gerda_Roberts,Teagan.McCullough,Request
Felicia_Morar,Adelia_Howell,Accept
Haskell.Moen,Bella_Schuster,Request
Zaria.Greenfelder,Brianne_Jacobson,Accept
Julian.Rogahn,Allene_Okuneva,Request
George_Dicki,Andreanne.Kunze,Request
Mia_Barton,Abbie_Ratke,Accept
Rubie_Harªann,Marlee.Koch,Reject
Jaquan_McLaughlin,Brooke_Casper,Request
Nya.Powlowski,Josianne,Request
Alexandra.Ward,Narciso_Gusikowski,Reject
Camden_Mann,Jammie.Braun,Request
Raegan.Bartell,Catherine,Request
Rory.Skiles,Nathen,Reject
Yvonne_Schneider,Cecilia,Accept
Carlo,Lucius,Reject
Jerald.Abshire,Linwood,Reject
Noah.Simonis,Gwendolyn,Accept
Madelynn_Wiegand,Joy,Request
Devon_Effertz,Wilbert.Fisher,Request
Donato_Gerlach,Lucio,Request
Lacy.Rosenbaum,Magali,Accept
Rigoberto_Zemlak,Janiya,Reject
Jerry_Predovic,Dameon.Lockman,Request
Skye.Wunsch,Jamir_Maggio,Request
Angelina.Farrell,Lowell_Bosco,Request
Ofelia_Gibson,Spencer_Bahringer,Accept
Seth_Borer,Clifford,Reject
Krystel.Runte,Millie_Watsica,Reject
Lucious_Treutel,Jasmin.Kiehn,Request
Nedra_Weimann,Ferne,Reject
Raleigh.Ritchie,Harold.Morar,Request
Sabina.Feil,Frederic_Wehner,Reject
Braulio.Schultz,Sonny_Ondricka,Accept
Connie_Hessel,Rigoberto,Accept
Diana_Frami,Amie,Request
Myrtice_Blick,Jedediah_Mraz,Accept
Vincent_Monahan,Maegan,Reject
Gillian_Heller,Kameron,Reject
Rosamond.Raynor,Name.Mueller,Reject
Adan.Gerlach,Jed.Berge,Accept
Caitlyn.Borer,Eduardo.Rolfson,Request
Fausto_Lind,Kristofer_Schmidt,Request
Maritza.Little,Sandy_Abshire,Request
Andreanne_Greenholt,Rodger,Request
Aiden.Zieme,Eunice_Schroeder,Reject
Gunner.Davis,Frieda,Reject
Garfield_Vandervort,Godfrey.Kuhn,Accept
Brooke.Kertzmann,Shanie.Langosh,Accept
Caleigh_Schaefer,Caesar.Medhurst,Accept
Darren_Hane,Hoyt,Request
Dorris.Kemmer,Stefanie,Accept
Neva_Carter,Kristoffer.Prosacco,Accept
Jean_Little,Jett,Accept
Dillon_Sporer,Nya,Reject
Elda.Ortiz,Elinor,Accept
Luna_Zboncak,Marjory_Fahey,Reject
Audreanne_Moen,Reilly.Nicolas,Accept
Osborne_Murray,Ashlee,Reject
Josefa.Strosin,Daren,Reject
Brain.Sanford,Janet,Reject
Rubye_Connelly,Darrick,Reject
Randal.Bosco,Judson,Reject
Ryleigh_Waelchi,Mary_Klein,Reject
Clarissa_Bosco,Abner,Request
Kimberly.Windler,Cara_Price,Request
Horace_Gaylord,Maxime.Dickinson,Reject
Jesse.Padberg,Gabrielle.Fay,Reject
Einar_Larkin,Brycen.Walker,Accept
Aurelio_Lubowitz,Herminia,Request
Dudley.Cummerata,Jasmin.Cormier,Request
Sierra.Walker,Martin,Request
Eleazar.Raynor,Sammy_Kautzer,Accept
Barton_Hegmann,Eliezer,Accept
Clarissa.Murray,Estel_Casper,Reject
Marlene_Purdy,Hal.Wunsch,Accept
Raleigh_Conn,Marcia,Accept
Timmothy_Gleichner,Leonora,Reject
Baron.Barton,Daisha,Accept
Stephan.Corkery,Janice_Wisoky,Reject
Clovis.Kuphal,Dovie,Accept
Flo_Windler,Samantha.O'Reilly,Accept
Javier_Hamill,Edna,Accept
Francisco.Corwin,Javon,Accept
Kayli.Cartwright,Alexanne.Yundt,Request
Dejon_Sanford,Thea,Request
Krista.Greenholt,Mallie_Fahey,Accept
Amber.Zboncak,Alexanne_Flatley,Reject
Federico_Mertz,Milo,Request
Cedrick_Yost,Stefanie,Accept
Neil_Effertz,Elna,Accept
Ettie_Macejkovic,Katrina,Accept
Dallin.Carter,Chaya,Request
Tevin_Hoeger,Eula,Accept
Bret_Batz,Mya_Mante,Request
Jennings_Lynch,Lane,Request
Brody_Braun,Alvena,Accept
Darrick.Nienow,Maybelle,Request
Bradley.Shanahan,Aglae_Streich,Reject
Ashley_Krajcik,Guy.Schultz,Accept
Billie.Rice,Ellsworth_Nader,Reject
Krista_Gottlieb,Willow.Watsica,Reject
Deonte.Leannon,Karine_Wolff,Request
Rudolph.Schaden,Ken,Accept
Lura.Streich,Joanne,Accept
Mckayla,Janis,Reject
Shaina.West,Will,Request
Tracy.Torp,Itzel,Request
Ellis.Nitzsche,Alec_Effertz,Reject
Garfield_Rutherford,Alden,Accept
Isabella.Cummings,Curt,Request
Adolphus_Kris,Nicola.McKenzie,Reject
Norwood_Dicki,Clair,Accept
Dorris_Mosciski,Tom.Orn,Accept
Carissa_Grimes,Cloyd.Heller,Reject
Brad.Baumbach,Kailyn,Accept
Grady_Casper,Bud_Wolff,Request
Lee.Daniel,Rex,Request
Rebeca.Satterfield,Elna,Reject
Dante_Fritsch,Patience.Sauer,Reject
Hazle.Roob,Chanelle.McCullough,Reject
Charley.Eichmann,Camryn_Emmerich,Reject
Arlo_Maggio,Zora,Reject
Richie_Schulist,Suzanne_Nienow,Request
Selmer.Mills,Lyla,Request
Margret_Feest,Elian,Request
Derick.Anderson,Johann,Accept
Ken.Funk,Monica_Muller,Accept
Anastasia_Koss,Alicia,Reject
Destin_Kilback,Crystal.Torphy,Accept
Lola.Krajcik,Sam_Eichmann,Accept
Mauricio_Nader,Emile,Request
Olen_Jacobs,Florian_Keebler,Reject
Cory.Murphy,Retha,Reject
Ebba.Donnelly,Althea_O'Hara,Accept
Leonora.Spencer,Ollie.Witting,Request
Prince_Pfannerstill,Theron.Mitchell,Reject
Howard_Breitenberg,Guillermo,Request
Sydney.Harber,Kiana_Pfeffer,Accept
Madyson.Block,Kaylah_Lindgren,Accept
Roel.Murray,Monte,Request
Trevor.Yost,Ozella,Request
Kelley.Beatty,Belle,Reject
Dale.Simonis,Corine,Request
Molly.Schoen,Nettie.Daniel,Reject
Moshe.Konopelski,Porter.Sipes,Accept
Arnulfo.Aufderhar,Sallie.Cormier,Reject
Amari_Wiegand,Domenica,Reject
Guy.Schultz,Emelie,Request
Gennaro.Jaskolski,Rollin_Zboncak,Request
Rowena.Larkin,Hector,Reject
Charley_Cassin,Blaze_Kemmer,Request
Bradford.O'Keefe,Finn,Reject
Jermain.Kirlin,Lorena,Request
Raphael_Heathcote,Rubie,Request
Price,Holly,Request
Marcellus_Stracke,Green,Accept
Callie_Murray,Elizabeth_Upton,Accept
Cordie.Morar,Rosamond.Krajcik,Reject
Jevon.Windler,Zackery,Reject
Gina.Harªann,Brendan_Russel,Reject
Randall.Wolf,Erica.Wunsch,Accept
Leonard_Vandervort,Newell_Connelly,Reject
Winona.Tromp,Austyn,Request
Jett.Kling,Muriel,Accept
Jonathan.Grant,Haleigh,Request
Loren.Romaguera,Cale.Lubowitz,Reject
Bernadine_Brakus,Osbaldo,Reject
Ike_Sawayn,Eduardo,Accept
Santos_Lubowitz,Edwina_Kuhn,Reject
Amya.Wehner,Verner,Reject
Laverne_Windler,Destany,Reject
Erwin_Steuber,Maxime_Zemlak,Accept
Preston_Marquardt,Ellis,Reject
Norval_McGlynn,Kareem,Reject
Dudley.Kirlin,Janet,Accept
Angel_Hodkiewicz,Damion_Barrows,Request
Marcelle.Guªann,Kellen,Reject
Pete.Konopelski,Lonzo,Reject
Adam_Yost,Frank,Accept
Olga_Rosenbaum,Fay.Homenick,Accept
August.Lowe,Vladimir.Ziemann,Request
Jon_Blanda,Assunta_Lebsack,Accept
Jerome_Bruen,Roberto,Reject
Bonnie_Nienow,Savanna,Accept
Macey.Goodwin,Emil,Accept
Judd.Klocko,Caterina,Reject
Dorothy_Terry,Madelynn.Hauck,Reject
Karlee_Wilkinson,Herminio_Rempel,Accept
Adolphus.Walker,Emery,Reject
Orlo.Kunde,Kayli,Reject
Dayne_Kreiger,Ramona_Ledner,Reject
Emilio.Gusikowski,Kim_Botsford,Request
Icie.Greenfelder,Lazaro,Reject
Mya_Mante,Sage.Collier,Reject
Jerod.Hane,Abbey,Reject
Gordon_Wiegand,Emmy,Request
Betty.Hegmann,Katarina_GuÂªann,Request
Wilhelm.Wuckert,Everette,Accept
Annabelle.Leuschke,Nathanael,Reject
Courtney_Kovacek,Kane.O'Conner,Accept
Devan_Cummings,Estella_Hirthe,Accept
Krista.Runte,Lavern,Accept
Betty_Swaniawski,Marty.Bradtke,Reject
Jeromy_Bartell,Wanda.Lemke,Reject
Madisen_Goodwin,Kevon,Request
Myrtis.Hintz,Christina_D'Amore,Request
Lavonne_Spinka,Keith,Request
Heath.Spinka,Salvatore,Reject
Jany_Kerluke,Eloisa,Accept
Marty_Stroman,Brannon_Kautzer,Reject
Meghan_Mraz,Lyda_Walsh,Request
Sean_Rippin,Ora_Hettinger,Accept
Cordia_Torp,Myra,Accept
Lola.Lindgren,Mariam,Accept
Dario.Yundt,Billie.Rice,Accept
Mark_Fay,Mayra_Williamson,Request
Glen.Bradtke,Emelia.Mitchell,Request
Ashton.Davis,Concepcion.White,Accept
Alvis.Collier,Heidi,Reject
Ambrose_Bosco,Percy.Klein,Accept
Demetrius_Maggio,Wilfrid_Romaguera,Reject
Agustin_Goldner,Tommie,Request
Brannon.Wisoky,Fay.Smitham,Reject
Cortez_McCullough,Wendell.Medhurst,Reject
Emilia.O'Connell,Caitlyn.Bashirian,Reject
Christop.Reilly,Cesar.Hansen,Accept
Jackie_Kerluke,Eugenia,Reject
Davion_Homenick,Fae,Reject
Jaqueline_Kuphal,Willy,Accept
Rebekah_Schulist,Mavis,Accept
Keon.O'Conner,Loma,Accept
Norberto.Schowalter,Mohammed_Toy,Reject
Justen_Emard,Madge.Hansen,Reject
Rhiannon_Wehner,Kevon,Accept
Erica_Beatty,Coby_Weimann,Accept
Jesus.Goodwin,Hal,Reject
Damian,Jodie_Rosenbaum,Accept
Elise_Bauch,Shania,Request
Ava.Bayer,Franz,Accept
Vivian_Bailey,Julianne,Request
Amparo_Nolan,Morgan,Reject
Catharine_Lind,Amari_Wiegand,Accept
Ben.McClure,Erwin,Request
Delia.Herzog,Anibal_Konopelski,Reject
Georgette.Wehner,Roma,Reject
Larissa.Corkery,Trever_Tillman,Reject
Margarett.Thiel,Marisol,Request
Frankie.Langosh,Abigail_Jacobson,Accept
Conrad.Jacobson,Lilla_Hayes,Request
Maximus_Rolfson,Abe,Request
Waylon.McGlynn,Corbin.Prohaska,Request
Anne.Koss,Eloise_Harvey,Request
Raina.Glover,Mara.Franecki,Request
Kiel_Fay,Kenny_Kirlin,Request
Dax.Auer,Gardner_Spinka,Request
Carmen,Holden,Accept
Niko_Cronin,Alberto,Reject
Paige_Bailey,Kenny,Reject
Mikayla.Ruecker,Elta,Request
Haley_Kassulke,Meghan_Mraz,Request
Kobe_Erdman,Janelle,Request
Jaron.Muller,Tyra.Donnelly,Accept
Myrtle.Borer,Dallas,Reject
Solon_Gottlieb,Adaline,Request
Caesar.Hahn,Earl_Connelly,Accept
Evangeline.Schaden,Aliza_Mitchell,Accept
Jarrell.Larkin,Katheryn_Medhurst,Accept
Jensen_Wisoky,Vivien_Greenholt,Reject
Francesco_Christiansen,Triston.Pacocha,Accept
Kimberly.Wolff,Kiley,Reject
Ulices.Sawayn,Franz_Prosacco,Accept
Ashley.Lesch,Aida,Request
Brock.Corkery,Eliseo,Request
Keagan_Legros,Alba,Accept
Rae.Reynolds,Rogers,Request
Kiel.Kihn,Ashly,Request
Dwight.Krajcik,Gayle.Rau,Request
Adah_Huels,Minerva.Kautzer,Accept
Jameson,Nicholas,Reject
Marianne_Nicolas,Lupe_Williamson,Accept
Hope.Lang,Narciso_Gusikowski,Accept
Aliza_Farrell,Koby,Reject
Tina_Mertz,Phoebe_Koch,Accept
Santina_Larson,Dax_Kunde,Request
Karlie_Osinski,Shanel.Brakus,Accept
Hunter.Borer,Brown,Request
Alison.Rogahn,Bernhard_Lehner,Reject
Zackery_Mohr,Alfonzo.HarÂªann,Reject
Bridget.Langworth,Jared,Accept
Pedro.Strosin,Dedric,Reject
Hardy_Heller,Amaya_Bernhard,Reject
Blair_Blanda,Caroline,Reject
Annie_Stokes,Humberto.Kiehn,Accept
Mavis_O'Keefe,Annamarie,Request
Aliyah_Hodkiewicz,Margarita,Accept
Shayna_Schaden,Elisabeth_Abshire,Accept
Urban.Hermiston,Ubaldo,Request
Anne_Stokes,Maiya.Pfeffer,Request
Louie_Greenfelder,Shemar.Kautzer,Request
Mable_Prosacco,Randal,Reject
Jerrod.Huel,Kiera_Ziemann,Accept
Sydney_Beatty,Vickie.Cassin,Request
Hilda.Schoen,Maggie_Hilll,Reject
Patsy_Altenwerth,Tobin.Streich,Reject
Rocio.Koch,Marques_Monahan,Request
Kiley_Hayes,Dakota,Accept
Erich.O'Reilly,Hadley,Reject
Breanna.Hickle,Dell,Reject
Eli.Volkman,Shayna,Accept
Jairo_White,Sandra,Accept
Clare.Harvey,Destiny.Walter,Request
Martin.DuBuque,River.Brekke,Reject
Myrtle.Welch,Clifton,Accept
Leone_Grant,Everette,Request
Consuelo_Bayer,Lucinda.Stiedemann,Request
Fredy_Schuster,Betty_Waelchi,Reject
Zachary.Hoppe,Jefferey_Murazik,Reject
Camila_Daugherty,Dayton,Request
Jaqueline_Jacobson,Nya,Reject
Christy_Guªann,Fletcher,Request
Cyrus_Jones,Reginald_Hilll,Request
Marjory_Schneider,Bud,Request
Tristian_Langosh,Dan_McKenzie,Request
Rosalyn_Barrows,Alaina,Request
Amely.Hyatt,Toney.Bogisich,Accept
Erica_Harvey,Myles,Request
Amparo.Borer,Domenic,Request
Margret.Ratke,Alexzander,Request
Eliane.Ratke,Caitlyn,Reject
Maia_Veum,Kylie,Reject
Ricky.Rath,Maryam,Accept
Nicolas.Krajcik,Johnny,Accept
Malika_Maggio,Lexi,Accept
Toni_Heathcote,Guillermo,Request
Cassie_Renner,Ted,Reject
Hallie.Bechtelar,Alberto,Reject
Beth_Nader,Owen,Accept
Shana_Jones,Zora,Reject
Nettie_Connelly,Pauline,Accept
Estel_Casper,Ryann,Request
General_Daugherty,Joey,Reject
Henriette.Goodwin,Jesse,Accept
Stephania_Anderson,Mariana.Miller,Accept
Mazie.Schuppe,Lamont.Johns,Accept
Louie.Windler,Dakota,Accept
Demetris_Emard,Eulalia,Accept
Laron.Kulas,Weston.Shields,Reject
Hyman_Jacobs,Kacie.Kozey,Request
Vladimir.Ziemann,Nayeli_Lubowitz,Reject
Annette_Sawayn,Mireya,Reject
Gavin_Schinner,Stephany_Bednar,Request
Herbert,Bette_Thiel,Request
Lorine_Hickle,Deven_Jacobson,Request
Reanna_Treutel,Chanel,Reject
Marcellus_Mann,Laurie,Accept
Hayley_Hills,Fabiola.Wilkinson,Reject
Hugh.Nolan,Norberto.Schowalter,Reject
Yesenia.Schumm,Trycia,Request
Pansy_Kilback,Gerda,Reject
Allison_Hagenes,Grace,Accept
Bernice_Von,Lawrence_Rau,Accept
Shemar.Hamill,Kyleigh_Grimes,Request
Claire_Goldner,Ofelia,Reject
Dominic.Windler,Emily,Accept
Lincoln.Yost,Carey.Zieme,Accept
Jan.Nicolas,Merlin,Reject
Tre_Williamson,Myles,Accept
Robb_Stamm,Roberto_Kautzer,Accept
Neva_Thompson,Rachelle.Ziemann,Reject
Chyna.Tremblay,Maia_Baumbach,Reject
Carol_Conroy,Kavon.Breitenberg,Request
Frederik_Nolan,Clemmie,Request
Cleora.Heller,Erick,Request
Aron.Hilpert,Veronica.Schneider,Reject
Jacquelyn_D'Amore,Eulalia,Reject
Stella.Russel,Taryn,Accept
Hallie_Hickle,Modesta.Von,Accept
Deontae.Green,Julio_Kunde,Reject
Rebeka.Prosacco,Burdette.Leuschke,Reject
Fritz_Baumbach,Jany,Accept
Judy_Howell,Jamil_Flatley,Accept
Ressie_Jewess,Ethelyn_Gulgowski,Reject
Mackenzie.Larkin,Shaina.Kovacek,Reject
Jazmyne_Mayer,Donna,Request
Ocie,Cora_Tillman,Reject
Vanessa_McKenzie,Thomas,Reject
Dakota.Witting,Annamae,Request
Gail_Kunze,Brooklyn_Schinner,Reject
Thelma.Bednar,Monique.Schamberger,Request
Doyle.Emard,Humberto_Sanford,Reject
Lizzie.Gerhold,Alana_Kuvalis,Request
Theodora.White,Pietro,Request
Parker_O'Connell,Stuart_Bruen,Accept
Kailyn_Fadel,Emery,Request
Kenneth_Cremin,Brennan_Beier,Reject
Jeanette_Lebsack,Lincoln,Request
Kaylie.Denesik,Palma_Bradtke,Accept
Angelica_Lueilwitz,Joany,Accept
Ewald_Gorczany,Jaron.Muller,Accept
Lois_Jacobs,Leopold,Reject
Mark.Pfeffer,Shanie.Sporer,Reject
Uriah_Kshlerin,Brianne.Bradtke,Request
Willard.Schulist,Lue,Accept
Adriel_Runolfsson,Jules,Accept
Deshawn_Jakubowski,Julie_O'Conner,Accept
Mathew_Jerde,Neva_Carter,Request
Reagan.Becker,Tatum,Accept
Letha.Schmeler,Ceasar.Schuster,Request
Nathaniel.Mertz,Kyleigh.Beier,Request
Petra.Funk,Tessie,Accept
Nicklaus_Rodriguez,Lyla,Accept
Natasha.Thiel,Katlyn_Abshire,Request
Antwon_Considine,Magali.Reilly,Accept
Cortney.Hirthe,Sonny,Accept
Spencer.Ruecker,Nikko_Dooley,Request
Otilia.Thompson,Micaela,Accept
Jamal.Kozey,Salvatore_Langosh,Request
Earl_Purdy,Shakira,Reject
Ayla.Cole,Duncan_Turner,Accept
Chauncey_Breitenberg,Judson_Schulist,Reject
Natalia_Parker,Antwon,Reject
Royce.Blick,Cathrine.Adams,Reject
Miles.Mertz,Lon,Request
Garrick.Torp,Kendrick.Von,Request
Reilly.Nicolas,Vince_Homenick,Accept
Garett.Lind,Ernesto,Accept
Jarred_Olson,Samara.Schroeder,Accept
Vallie.Bernhard,Hayden_Johnston,Accept
Davin_Mayert,Kaylee.Schuster,Reject
Marlin.White,Jackeline_Harris,Request
Garth.Wilkinson,Tracey.Macejkovic,Request
Queen_Wehner,Randall.Kshlerin,Request
Jamal.Conroy,Morgan_Moen,Reject
Caleb_Glover,Patricia_Barton,Accept
Jacinto_Sauer,Edgar.Kuphal,Request
Armani.Schultz,Harmony,Reject
Juvenal.Pacocha,Janie,Request
Eugenia_Breitenberg,Hadley,Reject
Una_Jacobson,Brad,Reject
Amie.Mertz,Rosalind,Accept
Eldred_Kiehn,Noe.Fisher,Request
Lester_Krajcik,Lysanne,Accept
Dolores_Lynch,Malinda_Koss,Accept
Catharine_Marks,Israel,Request
Marley_Leuschke,Orland,Request
Sage_Kreiger,Guido.Boyer,Accept
Magali_Okuneva,Sanford.Macejkovic,Request
Garrison_Reilly,Alan.Pollich,Accept
Marion_Nikolaus,Johann.Cremin,Accept
Briana.Tremblay,Esperanza,Request
Graciela.Legros,Molly,Accept
Alexa.Waelchi,Aliza,Reject
Taurean.Kling,Reece_Brakus,Request
Sedrick_Zemlak,Renee_Renner,Request
Lauryn.Yundt,Seth,Request
Violet_Pollich,Kaylee,Request
Coby.Dickens,Cullen.Block,Accept
Abdullah.Ortiz,Hassie,Reject
Milan.Tillman,Eli,Accept
Stone.Gutkowski,Alexa,Request
Michaela.Cole,Crystel.Runte,Request
Roel_Shields,Laurie,Request
Beulah_Wolff,Justina.Torphy,Request
Lauryn.Kemmer,Amely.Hyatt,Request
Evans.Casper,Dianna_Armstrong,Reject
Lucie_Ferry,Frieda,Reject
Joey_Nolan,Gerard,Reject
Easton.Waters,Kieran.Harvey,Accept
Mckayla_Rowe,Nedra.Eichmann,Request
Kaelyn_Corwin,Raven,Accept
Daphney.Osinski,Krista.Runte,Request
Stella.Feest,Walker_Funk,Accept
Christelle_Gorczany,Keanu,Request
Kaylin_McKenzie,Katrina,Reject
Lonie.Effertz,Daron,Accept
Hassan.McLaughlin,Kaela.Schuppe,Reject
Aliza.Schmidt,Cheyanne,Reject
Shemar.Terry,Victoria_Paucek,Request
Selena.Grant,Ole,Request
Damion.Kris,Muriel.Hegmann,Reject
Gerda.Gibson,Jedidiah,Reject
Savanna.Pagac,Jasper.Bednar,Reject
Veda.Smitham,Rocky,Reject
Adrienne.Greenholt,Maia,Reject
Benjamin.Bauch,Micheal.Keeling,Reject
Jimmy_Hilpert,Darrel.Bartell,Accept
Seamus_Feeney,Kim,Reject
Rosemarie.Langworth,Sabina,Reject
Duncan.Halvorson,Camryn,Request
Nya.Schinner,Katelyn,Request
Michaela_Buckridge,Mortimer_Wolff,Accept
Blake_Boyle,Ellie,Request
Magnolia.Leannon,Cassie.Schoen,Request
Jacklyn.Mante,Tyrese,Reject
Reanna.Hills,Nicholaus_Ullrich,Reject
Kassandra_Bauch,Nick,Accept
Nelson_Quitzon,Enid,Reject
Price.Huel,Nikki,Reject
Axel_Effertz,Hayley.Farrell,Request
Edna.King,Cleta,Reject
Jannie.Klein,Benjamin.Mills,Reject
Bulah_Schiller,Gus,Request
Jarret.Hamill,Demarco_Kerluke,Accept
Anika_Padberg,Erin.Orn,Accept
Lloyd_Fritsch,Shemar.Funk,Accept
Mitchell_Balistreri,Vicente,Request
Heaven_Legros,Reed_Cruickshank,Reject
Triston.Fadel,Mike,Request
Kayden_Heathcote,Edwina.Goodwin,Accept
Jamey_Kunze,Zelma.Kemmer,Request
Rita.Windler,Leopold,Reject
Madison.Strosin,Iliana_Ruecker,Reject
Marcella.Mayer,Rollin,Accept
Joel.Kuhn,Dexter.Kuphal,Accept
Tyrell.Johns,Odell_Nolan,Request
Maria.Gulgowski,Lisa,Request
Carlos.Bins,Esmeralda_Bednar,Request
Maiya,Shaniya_Shields,Reject
Roman_Block,Tia,Request
Burdette_O'Hara,Tess.Walter,Accept
Ona_Pollich,Roel.Runolfsdottir,Accept
Madilyn.Lesch,Ericka,Accept
Kristin_Stoltenberg,Clemmie,Accept
Pinkie_Conroy,Makayla.Sanford,Request
Cielo_Hackett,Cortez.Hilll,Reject
Angela.Aufderhar,Erwin.Wilderman,Reject
Verlie.Rath,Adrianna,Reject
Birdie_Barton,Ophelia,Request
Osbaldo_Ratke,Sydni,Accept
Ella.Gottlieb,Javonte_Feeney,Request
Jensen.Kub,Myles,Accept
Elmore_Beatty,Rico_Lindgren,Accept
Kristoffer.Collier,Clifton.Robel,Request
Lorine.Gleason,Arjun,Accept
Kieran_Wunsch,Dylan,Reject
Sofia_Friesen,Phyllis,Accept
Dillan.Langworth,Rosie,Accept
Harley.Stehr,Kaylie,Request
Jake.Trantow,Martine,Reject
Dale.Hermiston,Gianni_Labadie,Reject
Ray.Kreiger,Matilda_Labadie,Request
Travon_Homenick,Mauricio,Request
Ida.McKenzie,Stacey,Reject
Dayne_Cole,Loyce_Purdy,Request
Patience.Sauer,Geovany_Leuschke,Request
Anibal_Konopelski,Hallie.Schaden,Accept
Marty_Murray,Arturo,Request
Bradley.Denesik,Annie,Accept
Jaida_Harber,Tyrell,Accept
Ryann_Volkman,Torey.Weissnat,Accept
Dedric.Gusikowski,Louie.Miller,Reject
Marlene.Wehner,Verda,Accept
Edmond.Renner,Milford,Accept
Merl.Stanton,Kiera_GuÂªann,Request
Marianne.Swift,Annabel_Schimmel,Reject
Rita_Bogan,Opal,Reject
Oswaldo.Bergnaum,Guy.Kris,Request
Cole_Trantow,Kristofer,Reject
America.Berge,Blaze,Reject
Alyson_Reilly,Hal.Deckow,Accept
Garry.Gleason,Johnpaul_Yost,Request
Alejandra_Baumbach,Deontae.Weber,Accept
Peyton_Quigley,Holden,Request
Fay.Cassin,Calista,Reject
Herminio_Bruen,Juanita_Tillman,Accept
Richie.Hoppe,Maegan_Purdy,Accept
Ava_Jerde,Adrienne,Reject
Salvatore_Lubowitz,Raphael_Aufderhar,Request
Mellie.Ritchie,Payton,Request
Isaiah.VonRueden,Keanu,Request
Isaias.Carroll,Vita.Beer,Accept
Foster_Roberts,Ressie.Schaden,Accept
Josefina.Cruickshank,Carolyn.Hilpert,Request
Benton_Reilly,Meaghan,Reject
Noemie.Murray,Aron,Reject
Annabell,Desiree.Farrell,Reject
Napoleon_Doyle,Conor.Kihn,Request
Zackery.Padberg,Elvis,Accept
Lonzo.Abshire,Kristofer,Request
Abner.Morar,Lemuel.Schowalter,Reject
Manuela.Olson,Savanna_Boyle,Accept
Marcelo_Hilll,Rosendo.Graham,Reject
Jazlyn.Durgan,Cyrus.Reilly,Request
Myrtle.Gibson,Iliana_Ruecker,Accept
Manley_Turcotte,Myrl.Armstrong,Reject
Allison_Lubowitz,Richard.Auer,Accept
Marc_Pfeffer,Kelley.Lakin,Request
Alysha_Stamm,Carlee_Farrell,Reject
Justine_Block,Virgie_Heller,Reject
Irma_Brekke,Ryleigh,Accept
Phoebe_Bode,Carley,Request
Stefan.Harber,Keira.Jenkins,Reject
Kale.Cruickshank,Rickey_Lehner,Accept
Tressie.Considine,Amaya_O'Keefe,Accept
Fletcher.Nicolas,Mac,Request
Braxton_Schaefer,Liza,Accept
Braulio.Nader,Newton.Hettinger,Reject
Benedict.Casper,Addie,Reject
Mazie_Senger,Sophia,Request
Lenny_Goodwin,Dasia,Request
Warren.Simonis,Marc,Reject
Wilbert.Fisher,Deonte,Accept
Juston.Simonis,Kyler.Rodriguez,Request
Vicente.D'Amore,Letha,Reject
Cecil_Gutkowski,Alphonso,Accept
Jaqueline_Mohr,Lloyd.Schmidt,Reject
Moshe.Donnelly,Estella,Accept
Pearlie_Deckow,Elroy,Request
Weston.Larson,Marco.Bernier,Reject
Robbie.Orn,Nona,Reject
Cielo.Donnelly,Columbus,Reject
Willa.Hessel,Foster_Kovacek,Reject
Dedrick.Beatty,Yazmin_Waelchi,Request
Raymond.Hilll,Kendra,Accept
Assunta_Beer,Soledad.Mante,Reject
Darryl.Schultz,Mariah,Accept
Everette.Luettgen,Cortez_Wuckert,Request
Alayna.VonRueden,Maynard_Koch,Reject
Houston_Schamberger,Jerod_Emard,Request
Gene.Runolfsdottir,Billie,Reject
Imelda.Botsford,Madie,Reject
Bessie_Runolfsdottir,Golden,Request
Brent_Bahringer,Hayley_Hills,Reject
Cecile.Rutherford,Jody,Accept
Aurelia_Bruen,Dixie,Request
Lamont.Schroeder,Alex,Request
Katarina_Guªann,Norris.Veum,Request
Arjun.Rolfson,Norene,Reject
Wallace.Gleason,Russell_Franecki,Reject
Clyde.Bogan,Corbin,Accept
Crystel.Runte,Domenic,Accept
Schuyler_Effertz,Rickey,Reject
Geovany_Strosin,Marilyne.Roob,Accept
Clara_Mayert,Adrain,Accept
Norval.Crist,Meghan_Mraz,Accept
Maude_Skiles,Karl,Request
Angus.Block,Elza_Blick,Request
Cleora_Reynolds,Adriana,Reject
Dudley_Muller,Peggie.Jacobi,Request
Kraig.Shanahan,Novella,Request
Mikel.Beahan,Daniela_Gerlach,Request
Trenton_Mayert,Chester_Weber,Reject
Dixie.Fahey,Steve.Rohan,Accept
Catherine_Beier,Elyse,Accept
Arjun.Hickle,Christa.Miller,Request
Cristobal.Jewess,Josefina_Kunze,Request
Reba_Paucek,Mellie_Wolf,Accept
Abagail_Homenick,Lexie.Schmitt,Accept
Lorenza_Mraz,Cydney,Reject
Cecil.Pouros,Howard.Kiehn,Accept
Paige_Berge,Dandre,Accept
Kara.Lemke,Jairo,Reject
Edison.Kreiger,Jayden.Wuckert,Accept
Lelah_Nikolaus,Oscar,Reject
Cassandra.Effertz,Catherine_Bailey,Reject
Eli.Harris,Frances,Request
Madie.Stehr,Lexi,Accept
Lonnie_Funk,Chelsea_Howell,Accept
Jordan.Koss,Cali_Hoppe,Accept
Eda.Mante,Araceli_Zulauf,Reject
Cristal_Ward,Jana_Bradtke,Request
Ardith.Frami,Helen,Accept
Madison.Hansen,Adelia_Bogan,Request
Jaqueline_Homenick,Beaulah.Kutch,Accept
Timmothy_Smith,Arne_Hauck,Accept
Laurence_Raynor,Brandon,Accept
Izabella_Hamill,Adalberto.Farrell,Reject
Chauncey_Witting,Mina,Request
Eleanora.Lebsack,Hortense.Olson,Accept
Katherine.Harber,Norbert,Reject
Ezra_Rolfson,Isadore,Reject
Zachariah.Lindgren,Berneice_Johnson,Request
Joanne_Schultz,Deshawn,Accept
Gerhard.Schuster,Imani,Accept
Althea_O'Kon,Julio_Kunde,Request
Lorenzo.Dare,Rhianna,Accept
Rey_Skiles,Vernice_Weimann,Reject
Pauline_Jenkins,Zachary_Kemmer,Request
Leland_Thiel,Monserrat,Accept
Lorenza_Kirlin,Cynthia,Accept
Earlene_Klocko,Phoebe_Kemmer,Request
Kiley.McKenzie,Kathlyn,Reject
Lurline_Cole,Gianni.Prosacco,Accept
Erling_Farrell,Lelah,Reject
Flavio.Block,Juanita,Reject
Erik_Beatty,Lafayette_Ebert,Request
Blanca.Reynolds,Elenor.Walker,Reject
Miracle.Gorczany,Rey,Request
Missouri_Bernier,Consuelo.Marvin,Request
Dorris_Ziemann,Georgiana,Accept
Megane_Satterfield,Kristoffer.Koelpin,Request
Cecile.Bauch,Otho_O'Keefe,Request
Marilyne.Barrows,Bertha_Nienow,Accept
Helmer.Bruen,Monserrate_Cummerata,Request
Kareem_Barton,Jaylan_Bogisich,Reject
Jorge_Okuneva,Adan.Daniel,Request
Alize_Gibson,Cydney,Reject
Buford_Yundt,Edmund,Accept
Margret.Blanda,Jeramie,Reject
Beaulah.Skiles,Clarissa_Farrell,Accept
Hortense_Witting,Simone.Lehner,Accept
Melody_Hermann,Ellsworth,Reject
Adah.Bauch,Burnice,Request
Zola.Weber,Elroy,Request
Vida.Stroman,Jamaal_Sanford,Reject
Laisha.White,Wayne,Request
Junius.Volkman,Ayden,Request
Idell.Schinner,Karen.Boehm,Accept
Orpha_Dach,Urban,Request
Frida_Schiller,Rhiannon,Request
Gregory.Dach,Graciela_Wisoky,Reject
Veronica.Schneider,Israel,Request
Clifford_Reynolds,Armando,Reject
Frederic.Heathcote,Brenna.Witting,Reject
Vilma_Collins,Jody,Request
Garth_Ebert,Roscoe,Reject
Torrey.Schmidt,Amaya.Boyer,Accept
Euna_Emmerich,Alexane.Walsh,Accept
Kailey_Krajcik,Retta,Request
Mackenzie_VonRueden,Rodrick.Reichel,Accept
Khalil_Jenkins,Darron,Accept
Carlos_Reichert,Margarett,Accept
Lucy.Ruecker,Mertie,Request
Isabell.Koelpin,Werner,Reject
Alta_Ortiz,Mohamed_Ledner,Accept
Archibald_Kutch,Vada,Request
Paul.Wuckert,Madison.Hansen,Accept
Alice_Tillman,Marie_Sipes,Request
Elna_Kirlin,Clementina,Accept
Emelia_Runolfsdottir,Jamey,Accept
April_Gislason,Aric.Mayert,Accept
Fanny.Walter,Barrett,Request
Kailey.Kerluke,Anjali,Reject
Stewart.Feest,Kim,Request
Reid.O'Keefe,Mariah,Reject
Riley_Ritchie,Amos.O'Kon,Accept
Royal_Von,Merlin_Moore,Accept
Carlie.Wolf,Lura_Shields,Request
Dominic_Wilkinson,August,Reject
Madelynn.Hansen,Neoma.Lehner,Request
Berry_Schuster,Burdette,Request
Gilberto.Lowe,Octavia_Parisian,Accept
Mylene.McKenzie,Aron,Accept
Roosevelt_Rempel,Trevion,Accept
Margaretta.Lakin,Horacio.Crooks,Reject
Karen.Rice,Benton.Sawayn,Reject
Syble_Rolfson,Will_Ullrich,Request
Alyson.Beer,Martine,Accept
Elenor.Walker,Alexandro,Reject
Sadye.Dietrich,Kayli.Cartwright,Request
Rebekah.Rowe,Mellie,Request
Simone.Aufderhar,Eloisa,Reject
Ransom.Fahey,Edison,Request
Ariel.Smith,Alexa,Accept
Eusebio_Frami,Roberta.Keeling,Request
Zelma.Koss,Frieda,Reject
Naomie_White,Myrtle,Request
Osbaldo_Jast,Verona.Rolfson,Request
Libby_Bednar,Alba,Accept
Janet_Brakus,Lilliana,Accept
Jedidiah_Lindgren,Elwin,Request
Maybell_Ledner,Zena,Accept
Peggie.Jacobi,Jovan_Roberts,Accept
Andy_Corkery,Chester.Collier,Reject
Kamille.DuBuque,Milo,Request
Isac.Conn,King_Larkin,Request
Tamia_Larkin,Bettie_Boyer,Accept
Jailyn.Armstrong,Zakary,Request
Carmel_Abbott,Roderick,Request
Colin.Brown,Rodrick,Request
Bryon.Guªann,Weston_Kshlerin,Reject
Sincere.Deckow,Emerson,Request
Sheila.McLaughlin,Aliya,Accept
Clovis.McClure,Guido_Quigley,Reject
Princess.Rempel,Dina,Request
Marianna.Osinski,Nestor,Accept
Linnea.Morar,Cullen.Block,Request
Haven,Cielo_Hackett,Reject
Wayne_Monahan,Cruz.Stoltenberg,Request
Vivian.Beier,Elenora,Request
Kristin_Rau,Jevon.Windler,Accept
Jeff.Gleason,Juvenal.Schinner,Accept
Alessandra.Schmeler,Hayley,Request
Frederick.Daugherty,Cydney,Accept
Herminia_Guªann,Thelma,Accept
Mireille_Hyatt,Joany.Hodkiewicz,Reject
Conner_Schneider,Santiago,Accept
Issac.Wintheiser,Laura,Request
Abbigail_Hansen,Davon_Schulist,Reject
Molly_Davis,Kobe,Request
Hellen_Gusikowski,Verna,Reject
Dolly_Kihn,Tessie,Request
Judy_Lang,Rodger_Reynolds,Accept
Crystal.Torphy,Alvis_Schimmel,Reject
Gudrun.Effertz,Sage,Accept
Kianna_Runolfsson,Noble,Request
Modesta_Champlin,Aurelia.Jacobson,Accept
Felton_Jenkins,Erika,Accept
Daren_Gleichner,Helena,Accept
Santiago_Lowe,Thomas_Rosenbaum,Reject
Roberto_Ryan,Enos,Accept
Edwina.Reichel,Matilde,Accept
Barry.Schowalter,Genoveva,Reject
Aliya.Greenfelder,Rocky,Accept
Phyllis_Terry,Coby,Accept
Verona.Heaney,Nigel_Mann,Accept
Adeline.Strosin,Corene,Reject
Gaston_Klocko,Delfina_Smitham,Accept
Lessie_Homenick,Deshaun.Brown,Reject
Hadley.Zieme,Casey_Streich,Accept
Vita.Kertzmann,Andy_Corkery,Request
Adriel_Dooley,Maymie.Goldner,Accept
Norma.Ledner,Lafayette,Reject
Xavier.Christiansen,Angelita,Request
Leatha_Moore,Weldon,Reject
Kevin_Monahan,Quincy.Ortiz,Reject
Alejandra_Kovacek,Newell,Reject
Sonny_Ondricka,Nyah,Reject
Robin_Paucek,Quincy,Accept
Hunter_Padberg,Johnny,Accept
Evangeline.Kovacek,Timmothy_Dickens,Reject
Grayson.Moore,Mavis.Barton,Accept
Zora_Robel,Cydney,Accept
Francisco_Lesch,Caleigh,Request
Vesta_Abernathy,Reggie,Reject
Justus.Dicki,Vincent_Monahan,Accept
Lewis_Klein,Tristian.Aufderhar,Accept
Jackson.Jakubowski,Lukas,Request
Gerda.Jerde,Shea_Pouros,Accept
Morgan_Moen,Jamar_Gleason,Reject
Noemie.Bergnaum,Norma.Adams,Reject
Newton.Hettinger,Wendell,Accept
Walker_Quitzon,Ezequiel,Request
Herminio_Hodkiewicz,Daisha,Reject
Eugene_Kunze,Estelle.Oberbrunner,Request
Lucas.Heathcote,Ines,Request
Brett.Crona,Kayley_Koepp,Accept
Nova.Beier,Parker_O'Connell,Accept
Lucious.Kuphal,Robert,Reject
Idell.Nicolas,Vernon,Reject
Narciso_Gusikowski,Marcia_Brakus,Request
Alexis_Fahey,Valentin,Request
Bradford.Blanda,Gregoria,Request
Sim.Hackett,Adelia,Accept
Therese.Conn,Florida_Von,Reject
Tre_Roberts,Harvey.Cruickshank,Request
Wyman.Murphy,Elliott,Request
Marc.Lesch,Trent.Hamill,Accept
Kory_Yundt,Reta_Monahan,Reject
Stuart.Kshlerin,Mitchell,Request
Russ.Cronin,Emilie,Reject
Efren.Wisozk,Estefania.Pollich,Request
Bruce_Purdy,Lila.Beatty,Reject
Lora_Feil,Brayan,Reject
America.Graham,Tobin,Reject
Buddy.Hammes,Faustino,Request
Pattie.Kuvalis,Xander_Kshlerin,Accept
Carlotta_Pagac,Keven,Accept
Aisha_Marquardt,Willie_Gleichner,Reject
Dylan_Grimes,Domingo,Reject
Elsie_Effertz,Paxton,Accept
Gonzalo_Rowe,Jerel.Cummerata,Request
Rubie_Greenholt,Jaydon.Hermann,Accept
Flo.Jewess,Gabriel.Leuschke,Reject
Carissa.Bogisich,Pablo_Bechtelar,Request
Brendan_Russel,Ashton,Accept
Stewart.Aufderhar,Margaret,Request
Alberto_Jacobi,Edna.Considine,Reject
Diamond_Bosco,Easton_Osinski,Request
Virgil_Kling,Nola,Reject
Ila_Hauck,Nona_Balistreri,Reject
D'angelo.Tillman,Delmer,Reject
Bernie_O'Conner,Shannon,Reject
Daphne_Johns,Samara.Wilderman,Request
Ford_Schneider,Precious,Request
Jakob.Kling,Brent_O'Keefe,Request
Eugene_Prosacco,Geovany_Leuschke,Reject
Brant,Conor,Reject
Grady.Legros,Keyshawn_Marvin,Reject
Edwardo_Koch,Jessika,Reject
Chris_Haag,Destin,Reject
Kennedi_Howell,Archibald,Accept
Frieda.Harber,Shanie.Langosh,Reject
Kevon_Kohler,Jaqueline,Request
Hulda_Lesch,Edgar,Request
Sibyl_Kertzmann,Reba_HarÂªann,Reject
Dawn_Lakin,Celine,Accept
Nigel.Rolfson,Kelsi_Rippin,Request
Aurore.Kemmer,Ettie,Request
Elroy.Cole,Elissa,Accept
Jaime.Hoeger,Irma,Accept
Fidel.Cronin,Corbin_McClure,Request
Karelle_Witting,Lucio.Grimes,Accept
Karolann_Hahn,Maymie,Reject
Nathaniel.Vandervort,Destinee_Hodkiewicz,Accept
Reuben.Goyette,Osbaldo_Gerlach,Reject
Isom,Anais.Bauch,Accept
Marlee_Heidenreich,Taryn,Accept
Jessika_Altenwerth,Laurence.Rath,Accept
Jerry_Spencer,Verner,Request
Thaddeus.Grimes,Lottie_Klocko,Request
Maggie.Hoppe,Nyah,Request
Nestor_Runolfsdottir,Destany,Reject
Tanya.Reinger,Araceli.Buckridge,Accept
Katarina.Kuhlman,Susie.Hegmann,Accept
Kayley_Heathcote,Lorenza,Request
Alene_O'Kon,Freeman.Kuhic,Request
Clara.Sporer,Dangelo,Accept
Abraham.Gibson,Matt,Request
Carter.Douglas,Magnolia,Accept
Ruby_Will,Emiliano.Schulist,Accept
Enrico.VonRueden,Enid,Accept
Erwin.Osinski,Hilbert.Kirlin,Reject
Liana.Gerlach,Ezequiel,Request
Yazmin_Waelchi,Jovanny,Request
Liza.Parisian,Carmel,Accept
Braulio_Lang,Norris.Willms,Reject
Madelynn.Hauck,Marisol_Mueller,Request
Raegan_Osinski,Desiree.Abernathy,Accept
Myra.Huels,Zakary.Schuster,Accept
Maynard.Gibson,Krystina_Zboncak,Request
Marcia_Brakus,Guido.Boyer,Request
Marie_Steuber,Ofelia,Request
Aryanna_Hackett,Donnie,Reject
Angela.Johns,Sedrick.Herman,Reject
Deondre_Rice,Judy,Request
Bertrand_Muller,Mason.Kub,Request
Chet.Bradtke,Edmond,Request
Bettye_Nienow,Palma_Von,Reject
Percy.Klein,Gussie,Reject
Ruby_Macejkovic,Florida,Accept
Cordia.Bahringer,Precious,Accept
Kennith_Waters,Eryn.Stanton,Reject
Jacklyn.Jewess,Madie_Towne,Accept
Kacie.Kozey,Trinity.Feest,Reject
Merle.Jaskolski,Amalia.Cartwright,Accept
Anabelle_Koelpin,Etha.Schumm,Request
Remington.Keeling,Suzanne,Accept
Hellen_Stiedemann,Corbin,Request
Eleanora.Dare,Jammie,Request
Verdie_Treutel,Adeline.Strosin,Reject
Matteo.Dach,Keara,Reject
Eva.Reinger,Emerald,Accept
Hadley_Dooley,Paris.Hammes,Request
Alexie_Hane,Edna.Considine,Reject
Antwan_Steuber,Fiona,Reject
Paxton.Borer,Emma_Hilpert,Accept
Elliot,Garrison,Reject
Trenton.Dibbert,Jackeline,Reject
Nichole_Connelly,Ericka,Accept
Abigail.Heathcote,Ora.Mosciski,Accept
Myrtie,Rylan,Reject
Grant_Hudson,Wallace.Ziemann,Accept
Camden.Bartoletti,Hillard.Schroeder,Request
Tre_Kuvalis,Preston,Reject
Grady.Keeling,Dana_Moore,Reject
Idell.Runolfsson,Buford_Torp,Reject
Marco.Bernier,Estell,Reject
Angelo_Botsford,Hellen,Accept
Jaiden.Lynch,Isai.Fisher,Reject
Kolby.Kertzmann,Eleazar,Accept
Lennie.Larkin,Joey,Request
Daren_Stehr,Dayton,Reject
Minnie.Nitzsche,Paul,Request
Martine_Labadie,Neha,Request
Ramiro.Roberts,Rhiannon,Accept
Chance.Hermann,Alexa,Request
Rubie.Hettinger,Amos.O'Kon,Request
Talon_Kunze,Dedrick.Beatty,Reject
Shayne.Wunsch,Christa,Reject
Xander_Daniel,Paxton,Request
Ludie.Rolfson,Henderson_Feest,Accept
Mitchel.Rippin,Carole_Fritsch,Request
Lowell_Ebert,Kristofer.Reichert,Accept
Amara_Luettgen,Deron,Request
Zella.Leuschke,Ulises.Feeney,Accept
Annabelle_Shanahan,Christa.Miller,Reject
Cydney.Hyatt,Dayne,Reject
Antonetta_Brakus,Carissa.Bruen,Reject
Chance.Bergnaum,Esmeralda.Schultz,Reject
Neva_Okuneva,Elijah_Shanahan,Request
Leonard.Schiller,Kaylee,Reject
Kaitlyn.Schumm,Genesis_Heller,Accept
Elmer_Barrows,Christy,Reject
Wilson_Nicolas,Adrian,Reject
Tristian.McKenzie,Ludie.Hoppe,Request
Colin_Bode,Sally.Schuppe,Reject
Gregory.Rath,Myrtle,Request
Anissa.Quigley,Garland_Hilll,Request
Kane.O'Conner,Lucious_Hamill,Request
Josiane_Langosh,Christa_Shields,Accept
Furman.Stehr,Garrison,Reject
Jeanne.Spinka,Marjolaine,Reject
Jaime.Hills,Raegan,Reject
Queenie.Schumm,Keyon,Accept
Moses_Schroeder,Roel,Reject
Seth.Kessler,Terrance,Request
Nikita_Hand,Cali,Accept
Gerhard.Johnston,Barton_Hamill,Accept
Kallie_Abernathy,Jason.Bogan,Reject
Laila.Lowe,Joanne,Reject
Elenor.Weber,Florian,Request
Zackery_Bernhard,Linnie,Accept
Herbert_Murray,Gerardo_Larkin,Accept
Torrey.West,Ryann_Rogahn,Reject
Warren.Windler,Bryce.Rath,Accept
Octavia.Bogisich,Grant,Reject
Demetrius_Kuphal,Fannie,Request
Arianna.Konopelski,Elliot_Kirlin,Reject
Shanie_Nicolas,Cecilia.Nolan,Accept
Dillan_Hane,Kaylie.Dickens,Reject
Edythe.Hoppe,Madison_Schimmel,Accept
Jamison.Grady,Verner_Wiegand,Accept
Mathew.Eichmann,Kaylah,Accept
Marlon.Orn,Carmine_Greenfelder,Accept
Carlotta_Lowe,Julian,Reject
Cleve.Orn,Glen,Accept
Velva_Hessel,Everette,Accept
Novella_Treutel,Skye.Wunsch,Request
Elisha_Mohr,Althea.Bednar,Accept
Buck.Schultz,Crystal,Request
Erica.Stehr,Hans,Reject
Sydni.Stoltenberg,Delores,Reject
Madeline_Murazik,Marty,Reject
Vada.Harris,Hailey_Weissnat,Reject
Rashad.Quitzon,Emilie_Breitenberg,Request
Aracely_Raynor,Colt.Hirthe,Reject
Titus.Turcotte,Alfonzo.Feest,Request
Sheldon.Wunsch,William,Reject
Sophia.Johnston,Osbaldo,Request
Seamus.Hammes,Camille.Cole,Accept
Hans.Hamill,Andres_Bashirian,Accept
Mckayla_Waters,Cornelius_Kautzer,Reject
Darrell.Weissnat,Raheem.Cruickshank,Reject
Cordelia_Schumm,Percival.Kunde,Reject
Bridie_Hegmann,Daphne_Leuschke,Reject
Marvin_Tromp,Ethyl.Osinski,Request
Arjun.Wyman,Alexandria,Accept
Carolanne_Stark,Oswaldo,Accept
Mafalda.Armstrong,Rose,Reject
Mackenzie.Ortiz,Chaim.Considine,Request
Cleora.Hauck,Geovany_Strosin,Accept
Zena.Gusikowski,Calista.Aufderhar,Reject
Nicklaus_Blick,Alice,Accept
Krystina.Jewess,Ellis,Request
Damian_Kuhic,Janis,Accept
Hallie_Balistreri,Dangelo,Accept
Brooklyn_Stehr,Chance,Reject
Cierra_Schmeler,Jessie,Accept
Kayli.Brekke,Emmanuel_Kuvalis,Reject
Johnnie_Zieme,Ezekiel,Reject
Lisandro.Bednar,Imogene.Effertz,Accept
Donavon.Weimann,Sigmund,Accept
Octavia_Shields,Wilhelmine,Request
Dorris_O'Conner,Emerald_Streich,Reject
Marlin_Goodwin,Albert_Towne,Request
Jo_Larson,Axel_Flatley,Request
Aurelio.Kovacek,Omer_Luettgen,Accept
Shany.Jenkins,Alf_Aufderhar,Accept
Ervin.Hills,Eve.Sipes,Request
Rafael,Jordyn.Altenwerth,Reject
Sabina_Brakus,Jeremie_Corwin,Request
Annie_Oberbrunner,Raegan,Accept
Arlie.Marquardt,Gillian_Heller,Request
Cloyd_Prohaska,Kathryne.Wolff,Accept
Arlie.Gulgowski,Bernard,Request
Jonathan.Kris,Valentina,Accept
Arne_Mann,Jarod_Bergnaum,Request
Justen_Bergstrom,Donny_Ruecker,Request
Mervin.Dietrich,Zane.Torp,Request
Hilton_Kshlerin,Dorothy,Accept
Meghan.Harris,Iva,Accept
Kaylie.Dickens,Leatha,Request
Jovany_Marvin,Ozella_Terry,Reject
Lisette_Mraz,Beau_McClure,Accept
Assunta_McGlynn,Kaylee,Reject
Tiana.Renner,Monty.White,Accept
Tre_Schneider,Chloe_Streich,Accept
Nikita.Batz,Wilhelmine_Reinger,Request
Eleanore.Doyle,Augustine.Mann,Request
Jennyfer.Johns,Gisselle,Accept
Ramon.Ferry,Jany_Daugherty,Reject
Brent_Kunde,Coty,Request
Javon.Terry,Lindsey,Accept
Mathew_Lemke,Camryn,Reject
Jaleel.Ward,Abner_Weimann,Accept
Harold.Stokes,Carolyne,Accept
Ima.Crona,Golda,Request
Everardo.Johnston,Zaria.Greenfelder,Accept
Arely.Hauck,Austyn,Reject
Gene_Hagenes,Clair,Reject
Casimir_Wintheiser,Loren_Nader,Request
Jerome_Walker,Garrett.Mayert,Accept
Harrison.Cassin,August_Becker,Reject
Charlotte_Kessler,Ivory.Stark,Request
Felipe.Fisher,Sage,Request
Ella.Waelchi,Jared,Reject
Armani.Torp,Tomasa.Grady,Reject
Tristin.Swaniawski,Agnes_Luettgen,Request
Nella.Powlowski,Dallas_Lueilwitz,Request
Alaina.Nicolas,Vivianne,Accept
Beverly_Leannon,Destiny.Cartwright,Reject
Clemmie.Breitenberg,Coby.Lueilwitz,Accept
Alicia.Hettinger,Keon,Request
Felipa.Crooks,Ahmad_Marvin,Reject
Malcolm.West,Lizeth_Maggio,Accept
Kevin_Cummerata,Giovanny,Request
Lucy_Ritchie,Jody,Accept
Estel_Skiles,Toy,Request
Deonte.Runolfsdottir,Dante_Gutkowski,Reject
London.Jakubowski,Michael.Walsh,Reject
Maia.Stoltenberg,Lauryn,Reject
Twila_Stroman,Tiana_Wintheiser,Accept
Winifred.Eichmann,Marco_Dietrich,Request
Lewis.Donnelly,Karianne_Shields,Accept
Coby.McCullough,Brittany,Accept
Sterling.Prosacco,Harmony,Request
Mertie_Shanahan,Davon,Reject
Litzy_Hand,Aurelie,Reject
Amy.Casper,Amir_Funk,Reject
Wade_Gottlieb,Raymundo.McClure,Reject
Keon.Welch,Nona,Request
Max_Luettgen,Felix,Request
Daphne_Kunze,Isaac,Accept
Florine.Beahan,Lucy_Heathcote,Reject
Elias_Kilback,Abelardo.Dibbert,Reject
Trent.Mills,Alyson,Reject
Madelynn_Wunsch,Jannie_Wiegand,Reject
Marie_Sipes,Margaret,Accept
Kira.Anderson,Cordia.Bahringer,Request
Travon.D'Amore,Arvel.Bosco,Accept
Orval_Bergstrom,Elna.Upton,Accept
Dayne.Crona,Tyreek.Zulauf,Accept
Isabell_Lockman,Cynthia,Accept
Verdie_Kunde,Elnora_Boyer,Accept
Nicklaus_Casper,Brooke,Accept
Hunter_Steuber,Ardith,Accept
Lea.Fay,Gussie,Accept
Idella.Ward,Norwood_Dicki,Accept
Marcelo.Kozey,Hadley,Request
Harvey_Shields,Marcus_Hane,Reject
Allan_Gleason,Carolyne,Reject
Christine_O'Kon,Geovanny.Nader,Accept
Aurelio_Crooks,Lesly.Dooley,Accept
Cloyd.Heller,Arne_Kessler,Request
Annie.Abbott,Billie,Reject
Neva.Kuvalis,Albin,Request
Luna.Renner,Claudie_Kub,Request
Bianka.Bogisich,Bernadine,Reject
Anderson_Shields,Armando_Rolfson,Accept
Verdie.Wuckert,Simone,Accept
Susan.Hudson,Carole,Accept
Hosea.Kuhic,Danielle_Paucek,Accept
Ernestina_Runolfsson,Antonette,Request
Genesis.Wolff,Daniella_Osinski,Request
Gregorio.Goyette,Ike_Jacobi,Accept
Florine.Fahey,Arvid,Reject
Oren_Kling,Cordell,Accept
Phoebe_Bradtke,Jewel_Kautzer,Accept
Marietta_Wiegand,Chad,Accept
Abdiel_Rippin,Terence.Bartell,Reject
Stephania.Hammes,Verdie.Schmeler,Reject
Kara_Harris,Karlie,Accept
Missouri_Schaden,Shemar.Purdy,Accept
Shyann,Kayli,Request
Johnathan.Schaden,Arden.Cassin,Request
Vena_Ebert,Justyn,Accept
Calista_Kuhn,Francis_Romaguera,Accept
Thomas_Von,Hilton_Ritchie,Request
Payton.Wisozk,Myah.Rau,Accept
Katelyn_Williamson,Angelo,Accept
Kip_Pfannerstill,Benton,Accept
Ahmed_Rice,August,Reject
Lonny_Jast,Moises.Botsford,Reject
Dagmar.Stracke,Georgianna,Reject
Aniya_Bednar,Meggie,Reject
Macy_Howe,Tom,Accept
Timmothy_Dickens,Lorena.Turner,Reject
Freeda.Romaguera,Dane,Accept
Raven.Krajcik,Percival,Reject
Kody.Friesen,Adella,Request
Phyllis.Goldner,Lynn,Request
Ottilie_O'Hara,Danny,Request
Myles.Boyer,Sigmund,Request
Thaddeus_Walsh,Christa,Accept
Mertie_Runte,Mackenzie,Request
Gavin_Wuckert,Vern,Accept
Marielle_McLaughlin,Einar.Gibson,Reject
Donny_Ruecker,Marisa,Request
Mateo.Cummings,Reed,Reject
Kayla_Wiza,Walker,Request
Payton_Kling,Alyce_Rosenbaum,Accept
Donna.Dickens,Yazmin,Reject
Corine_Zieme,Lolita_Corkery,Accept
Kevin_Becker,Lou.Frami,Request
Eliseo_Wehner,Jeffry,Request
Albertha.Lynch,Ernest,Reject
Earnest_Cassin,Gavin_Wuckert,Accept
Herminio_Rempel,Saul_Kovacek,Reject
Jannie_Kling,Morris_Harris,Request
Elizabeth_Roberts,Virgie.Ankunding,Request
Declan_Gorczany,Randal,Accept
Delta.Toy,Chelsea,Request
Marcus.Grimes,Gianni.Franecki,Request
Dallin.O'Reilly,Giles_Monahan,Reject
Jamarcus_Lakin,Wade_Gottlieb,Reject
Milford.Mertz,Judge.Kub,Reject
Hyman_Bergnaum,Margaret,Request
Karianne.Reinger,Edwina.Reichel,Request
Ryann.Gerlach,Demond_Veum,Accept
Tracy_Stroman,Trinity,Request
Deshaun.Brown,Carlotta.Quigley,Request
Princess.Koepp,Jillian.Roberts,Accept
Susana.Romaguera,Tyra_Macejkovic,Accept
Amari_Gerhold,Kristian,Accept
Piper_Aufderhar,Victoria,Accept
Justus_Kunde,Unique_Zieme,Reject
Lennie_Gulgowski,Shaniya,Accept
Theodore.Nader,Baylee.Waelchi,Accept
Jayce.Rau,Xavier_Lynch,Request
Aurore.Keeling,Emmanuel_Balistreri,Request
Jaiden_Borer,Florian_Cole,Reject
Delta.Murphy,Noemy_McGlynn,Accept
Michelle_Graham,Rose.Thiel,Reject
Guadalupe_Douglas,Jennings_Lynch,Accept
Rhoda.Schuster,Donato,Request
Herminio_Ullrich,Arnoldo,Request
Josie.Koss,Maverick.Beatty,Reject
Pauline_Lueilwitz,Antonette_Hilpert,Request
Josue_Lind,Lincoln,Reject
Garrett_Zieme,Garrison,Accept
Watson.Oberbrunner,Justen_Hessel,Reject
Aliyah_Renner,Mariano_O'Hara,Reject
Jacques.Kirlin,Rory.Skiles,Reject
Hailie.Hickle,Destini_Hirthe,Reject
Ada_Haley,Rick,Request
Joesph,Amy,Reject
Aimee.Stehr,Schuyler_Hand,Request
Isobel_Homenick,Ruthe_Cole,Accept
Jaclyn.Okuneva,Darius,Accept
Weston_Kshlerin,Rylan_Stamm,Reject
Myron.Crona,Esmeralda,Reject
Creola.Corkery,Guillermo,Request
Lillie.Swift,Violette,Request
Neil.Stroman,Louie,Reject
Brown.Kerluke,Deondre_Kemmer,Request
Cameron.Daugherty,Serena,Reject
Jeff.Okuneva,Giovani_Flatley,Accept
Alvena.Graham,Moises.Botsford,Accept
Onie_Murphy,Dovie_Mueller,Accept
Araceli_Schulist,Joey,Accept
Daisha_Heidenreich,Delaney.Ondricka,Request
Haley.Kozey,Jayson,Request
Royal_Nicolas,Layne,Request
Bartholome.Grady,Floy.Beier,Request
Rowan_Pacocha,Liana.Gerlach,Reject
Porter.Reinger,Annette.Fisher,Accept
Katelyn.Barton,Jarod,Request
Vernice_Price,Amos,Request
Alexys_Schuster,Destini.Kassulke,Accept
Emie_O'Hara,Taryn,Accept
Cecelia_Runolfsdottir,Johnpaul_Turcotte,Accept
Major_Abbott,Maude,Reject
Heaven_Fay,Marty_Stroman,Request
Lessie_Brekke,Yasmeen_Grant,Request
Randal.Frami,Icie,Request
Bennie.Wiza,Tess,Reject
Amara.Predovic,Ed,Request
Devin_Casper,Einar.Jast,Request
Kieran.Blanda,Jazmin,Reject
Estefania.Pollich,Jonathan.Douglas,Request
Gilda.Schoen,Reynold.Gerhold,Reject
Aletha_Baumbach,Maggie_Skiles,Reject
Jazmin.Lang,Vallie.Barrows,Accept
Constantin.Olson,Micheal.Keeling,Request
Arjun_Bruen,Christina_Lemke,Reject
Lacy.Gottlieb,Gerald,Reject
Obie_Nicolas,Wyatt_Shanahan,Request
Nikolas.Bartell,Ryley.Gaylord,Request
Garrison_Schneider,Aliyah.Jacobson,Reject
Natalia.Macejkovic,Mekhi_O'Reilly,Reject
Orion_Kerluke,Nathen,Request
Josie_Robel,Rhiannon,Accept
Serena_West,Nettie,Reject
Ottilie.Breitenberg,Alta_Ortiz,Request
Garrett_Glover,Amalia.Rutherford,Accept
Cade.Hagenes,Deron_Gibson,Request
Lindsey.Kuhlman,Jalon,Reject
Citlalli.Parisian,Tyler,Request
Tamia.Kshlerin,Shanie,Accept
Camilla_Murphy,Kayden.Bernier,Reject
Arvel.Wisozk,Danielle,Request
Tressie.Stracke,Edmond,Accept
Gayle_Hermann,Eugene,Request
Vidal.Leuschke,Otto,Request
Dwight,Onie,Reject
Pauline.Cole,Marshall,Request
Raul.Rath,Mossie_Effertz,Accept
Karlee.Streich,Karley.Reinger,Accept
Dayton.Johns,Isabelle.Johns,Request
Jarred.Thiel,Frederik,Accept
Johnson_Stark,Abigale,Accept
Carter_Sanford,Wyman,Accept
Assunta_Von,Faustino,Reject
Guiseppe.Kozey,Sterling,Accept
Eryn.Kuhic,Lizeth,Accept
Anabel_Robel,Gust_Heaney,Request
Lennie.Kihn,Jarret.Russel,Reject
Easton.Wehner,Candido_Flatley,Reject
Petra_Zboncak,Garrett.Hauck,Reject
Horacio_Batz,Santos,Reject
Kaleb_Schinner,Keven_Boyle,Reject
Alanna.Walsh,Theo.Sporer,Reject
Haven.McLaughlin,Marcelo.Ankunding,Reject
Christian.Koss,Bud.Hackett,Request
Oswald_Yost,Liliane,Request
Andy.Kassulke,Kyleigh.Beier,Request
Brayan_Guªann,Misael,Accept
Nathen.Waters,Athena.Kohler,Request
Simone_Buckridge,Trent_Cole,Request
Tia_Metz,Camylle_Christiansen,Reject
Eve_Cassin,Linnea.Swift,Accept
Cydney_Ward,Bernice,Accept
Brant.Hahn,Woodrow,Reject
Linda.Lockman,Melvina.Veum,Accept
Patience.Goldner,Kirsten,Accept
Lela.Terry,Virgie_Mann,Accept
June_Smitham,Josephine,Accept
Catalina_Miller,Cristina,Accept
Carmela_Rau,Luther_Rosenbaum,Reject
Rosie.Bashirian,Eino,Reject
Susanna_Feeney,Milford,Reject
Domingo.Abshire,Garrison.Koelpin,Reject
Eveline.Strosin,Leonor.Auer,Accept
Melisa_Reichel,Simone_Predovic,Accept
Laurence_Farrell,Alphonso,Reject
Darrin,Toy_Klein,Request
Dina_Barrows,Ephraim,Reject
Francisco.Beatty,Mikel,Accept
Carmelo_Lindgren,Abdullah.Swaniawski,Accept
Ena_Cole,Marcus,Accept
Charlene_Flatley,King.Corkery,Request
Waldo,Dewayne_Jaskolski,Accept
Myles_Romaguera,Dasia,Request
Rafaela_Cole,Creola.Bayer,Reject
Zella.Goyette,Madelynn,Accept
Teresa_Hills,Alejandra,Accept
Leonie.Bogan,Jillian.Roberts,Request
Roscoe_Langworth,Javon.Mitchell,Reject
Hilario.Rice,Kristofer,Reject
Juwan.Kirlin,Tianna.Renner,Reject
Yvette_Mayer,Antonina_Rohan,Reject
Macey.Walker,Flossie,Request
Cheyenne.Mante,Robb,Reject
Armand.Weber,Brody.Hudson,Accept
Rosina.Hagenes,Pedro,Accept
Chad_Thiel,Saige,Reject
Alvah.Will,Jorge,Request
Neoma.Lehner,Teresa,Reject
Keon_Casper,Hilma,Accept
Gaetano.Langworth,Nedra.Schmidt,Reject
Etha.Schmeler,Rudolph,Reject
Casimir.Ryan,Alia.Weimann,Reject
Imelda_Rath,Rudolph_Stroman,Accept
Pablo.Conroy,Gerhard,Request
Damion_Parisian,Savanna,Reject
Tatum.DuBuque,Lacey,Request
Barbara.Rolfson,Laurine.Trantow,Reject
Gertrude.Hackett,Aletha.Welch,Request
Eldred_Osinski,Lavina.Smith,Reject
Jessica.Walsh,Margret.Watsica,Reject
Cameron_Hoppe,Zachary_Kemmer,Request
Brady_Upton,Colton,Reject
Jordane.Kuhic,Delta.Toy,Request
Ilene_Witting,Marlon.Spencer,Request
Yoshiko_Zieme,Betty,Request
Clint_Mayer,Mario,Reject
Shyann.Hand,Allison.Boyer,Request
Antonio.Hyatt,Cody,Request
Keyshawn.Tromp,Amelie_Cummerata,Reject
Lea.Hermann,Elian_Parisian,Request
Hans.Treutel,Griffin,Request
Amos_Ruecker,Khalil.Cormier,Request
Frederique_Dickens,Magnus.Powlowski,Request
Citlalli_Treutel,Wade.Gusikowski,Accept
Libby_Gusikowski,Al,Accept
Anabel.Thiel,Kayley.Cruickshank,Request
Elda_Larkin,Corbin,Reject
Aliyah_Fritsch,Ryley_Reichel,Reject
Yazmin_Fahey,Talon,Request
Roberto_Wiegand,Troy,Accept
Autumn_Altenwerth,Candelario,Reject
Ubaldo.Nikolaus,Juwan,Request
Jessica.Becker,Athena,Accept
Wilburn.Wunsch,Willis.Adams,Reject
Sigrid.Rowe,Leann,Request
Savion_Deckow,Hannah_Lesch,Request
Unique.Koss,Kurt_Abshire,Accept
Gladyce.Jacobson,Marjolaine.Littel,Reject
Jonatan_Buckridge,Dorthy,Request
Blaise.Mitchell,Emanuel_Kovacek,Reject
Miguel_Goldner,Stewart,Accept
Vernon_Schneider,Amelie_Carroll,Request
Lucy_Heathcote,Scotty.Ledner,Reject
Palma_Von,Ward,Request
Beth.Buckridge,Layla.Schoen,Request
Porter.Kunde,Jennifer,Request
Ruth.Greenfelder,Carmine.Weimann,Accept
Emmalee_Bashirian,Salvatore_Grimes,Accept
Leland_Donnelly,Omer,Reject
Wendy.Dickinson,Sharon,Request
Alvina.Gutkowski,Misael,Reject
Arden_Toy,Leta,Request
Rogers_Larkin,Lera,Request
Loma_Funk,Mattie_Lesch,Request
Claire.Feil,Morgan_Altenwerth,Accept
Andres_Mayer,Nayeli_Lubowitz,Accept
Kraig_Paucek,Javonte_Brown,Request
Skye_Prosacco,Kathlyn_Stehr,Request
Nelle.Harªann,David_Heidenreich,Request
Eliza_Murazik,Dax,Request
Samir_Wyman,Dorthy.Nitzsche,Reject
Mckayla.Hegmann,Fay_Bogan,Request
Hermann_White,Brooke,Request
Norwood.Kunze,Aileen_Wilderman,Reject
Mitchel_Champlin,Furman_West,Accept
Abigayle_Homenick,Fausto_Ankunding,Request
Willa.Haley,Fausto_Boyle,Reject
Angelina_Douglas,Osvaldo,Reject
Bryce_Kreiger,Camden,Accept
Ryan.Bayer,Bryana.Rice,Reject
Shaylee.Waters,Niko,Accept
Thora.Yost,Timmothy_Gleichner,Request
Quincy_Jewess,Solon.Simonis,Accept
Daija_Roberts,Roberta_Block,Accept
Kacie_D'Amore,Kraig.Shanahan,Request
Garett_Cronin,Myron.Deckow,Request
Leopold.Hodkiewicz,Cordelia,Reject
Zoila_Smitham,Cathy,Reject
Burdette.Leuschke,Mitchell,Accept
Broderick.Hermann,Colten,Request
Judge.Baumbach,Korey.Heller,Accept
Shemar.Purdy,Candace,Request
Zoila.Tremblay,Mitchel.Harvey,Request
Helmer_Klocko,Trudie_Kozey,Accept
Allison_Monahan,Claudia_Mills,Reject
Vivianne_Hyatt,Ariel,Reject
Daryl.Wiza,Leonardo.Ernser,Reject
Anya_Steuber,Brannon_Strosin,Reject
Morris.Connelly,Rashad,Accept
Precious.Lockman,Patricia,Accept
Bryce.Bayer,Gudrun,Reject
Karine.Hodkiewicz,Ryder,Accept
Larue.Spencer,Twila,Request
Shana.Lang,Alejandrin.D'Amore,Reject
Susana.Renner,Pansy,Reject
Jamil_Flatley,Alia_Satterfield,Reject
Moshe.Schuppe,Roslyn_Stroman,Accept
Kylee_Dietrich,Derick,Reject
Obie.Legros,Helmer_Wisoky,Request
Pattie.Crona,Mertie,Reject
Myrtis.Kuhn,Merle,Request
Lavon.Kling,Vernon,Request
Riley_Shanahan,Bart_Cormier,Reject
Fredy.Bogisich,Marquise_Quigley,Reject
Aglae.Turner,Kallie.Klein,Accept
Lorenz.Gerhold,Katrine,Request
Yvette_Carter,Ola_Farrell,Reject
Guadalupe_Davis,Maximillia,Accept
Clovis_Cruickshank,Baron_Carter,Reject
Bernita.Hamill,Devon,Request
Delia.Crona,Antwan,Reject
Ebony.Kassulke,Max,Reject
Ibrahim_Lockman,Abigayle.Krajcik,Accept
Willie.Weimann,Tatyana.VonRueden,Request
Jaqueline.Renner,Maggie,Reject
Issac_Dickens,Conrad,Accept
Candido.Schneider,Llewellyn_Kassulke,Request
Arvel.Bode,Nicolas.Koepp,Request
Ali_Ortiz,Elliott_Nolan,Reject
Connie.Altenwerth,Kaylin,Request
Jonas.Kertzmann,Thomas,Accept
Tamara.Berge,Rigoberto_Cronin,Request
Alexandrea,Damion.Harris,Accept
Lisa_Harris,Ivah,Accept
Mina_Kirlin,Adah.Bauch,Reject
Josefina_Volkman,Gus.Harber,Request
Bernice_Kertzmann,Charity,Reject
Dorothea.Jakubowski,Gabe.Carter,Request
Marcia.Spinka,Autumn_Lynch,Request
Uriel_Dickinson,Dee.Lehner,Accept
Kamryn_Beatty,Lucious,Accept
Julian_Langosh,Emilie_Ledner,Accept
Kailee.Volkman,Leann,Reject
Violette_Marvin,Ruby,Reject
Tessie.Block,Chaim,Request
Meredith,Talon,Accept
Lindsey_Casper,Amani.Stracke,Reject
Joey.Hane,Johnson,Request
Ashtyn_Schneider,Anika.O'Connell,Accept
Milford_Ernser,Chelsey,Request
Nola_Lindgren,Erick,Reject
Velma_Wehner,Ibrahim,Accept
Roberta_Bednar,Carolina.Thompson,Request
Wilfrid_Anderson,Norris,Request
Dallas_Lueilwitz,Maude,Request
Rosario.Ebert,Jennie,Request
Julia_Gottlieb,Vita,Accept
Sydnie.Larkin,Jillian,Reject
Mariano.Bruen,Noah_Leannon,Reject
Yoshiko_Wuckert,Cooper,Reject
Darwin.Romaguera,Anita,Request
Janessa.Wintheiser,Madison_Stark,Request
Leonor_Simonis,Ursula,Reject
Reginald_Gibson,Macey.Mayer,Accept
Fay.Dicki,Chance,Reject
Julius.Hilll,Coy.Lesch,Accept
Dillon.Kirlin,Nigel,Accept
Ansley_Hane,Oran_Romaguera,Reject
Gabe.Jerde,Leola,Reject
Astrid.Will,Barry,Accept
Jarod.Schimmel,Abbey,Reject
Lisa_Berge,Jaqueline,Request
Reanna_Zulauf,Eldora_Parisian,Request
Juanita.Brekke,Felicita,Request
Misty.Klein,Nedra_Batz,Request
Christa.Stokes,Diana_Homenick,Accept
Keira.Jenkins,Cordia,Reject
Adaline_Dare,Jaunita,Reject
Amari.Koelpin,Kelly,Request
Maryam_Kozey,Dayne_Kreiger,Reject
Edgar.Stiedemann,Madilyn_O'Reilly,Reject
Glenna_Langworth,Kobe.Gibson,Accept
Erica_Deckow,Kitty,Reject
Adalberto.Farrell,Kelsi,Request
Nedra.Eichmann,Chyna.Reichert,Request
Clemmie_Pagac,Lourdes.Terry,Accept
Judson.Kulas,Sandrine,Reject
Haylie_Mraz,Tessie.Gleason,Request
Cordie_Walsh,Karine_Swift,Accept
Alana_Kuvalis,Hillary,Reject
Carol.Kemmer,Carson,Request
Sheridan.Toy,Ida,Request
Bessie.Nikolaus,Ryleigh,Request
Josephine_Olson,Cara.Ankunding,Request
Jaquelin.Kuhic,Isabelle,Accept
Myrl.Armstrong,Lilla_Hayes,Reject
Carlo_Brekke,Ethyl,Request
Deangelo_O'Kon,Augustine_Dibbert,Accept
Oswald_Howe,Corbin,Reject
Lolita.Collins,Eulalia,Accept
Karley.Reinger,Emmalee.Runolfsdottir,Accept
Maud.Hirthe,Jerrod,Request
Pansy.Hessel,Evalyn,Reject
Delfina.Lehner,Rylan.Rippin,Reject
Aisha.Bradtke,Margret_Marks,Reject
Collin.Bayer,Pablo.Bogan,Accept
Percival.Gottlieb,Jettie.Nikolaus,Request
Tara_Bauch,Vivianne,Request
Krystina_Watsica,Edyth_Abbott,Reject
Stephon.Schmitt,Everardo,Reject
Jordan.Huels,Chance,Accept
Camilla_Kunze,Thelma,Accept
Aryanna_Blick,Guiseppe_Hauck,Reject
Telly.Nader,Libbie_Wisozk,Accept
Verna.Barrows,Brionna,Accept
Ike.Prohaska,Elmer,Request
Ewell_Ebert,Cindy,Accept
Winona_Rempel,Jaeden,Reject
Berry_Fisher,Kaleb.Heller,Accept
Maureen.Windler,Heath_Block,Request
Lia_Klocko,Demetrius,Request
Werner.Quigley,Gisselle,Request
Dandre.Marquardt,Alverta,Reject
Sylvan.Prohaska,Beau.Runolfsson,Reject
Madilyn_Kling,Jodie,Reject
Jalyn_Parker,Stanley_Considine,Reject
Jorge_Jakubowski,Fay,Reject
Floy.Johns,Alvis,Reject
Saige_Langosh,Laverna,Reject
Lessie.VonRueden,Marisol.Purdy,Accept
Constantin.Weber,Blair_Blanda,Reject
Stanley_Considine,Desiree,Reject
Ambrose_Erdman,Fleta,Request
Lizzie_McClure,Bradly.Stroman,Reject
Laurine.Gorczany,Walter,Request
Alisa_Douglas,Carmella,Accept
Roger.Jacobs,Rigoberto,Accept
Wilhelm_Stark,Julianne.Heathcote,Reject
Emerald_Roob,Marilie,Accept
Rosario_Kovacek,Kamille_Oberbrunner,Request
Alessandra.Von,Isabella_Tremblay,Accept
Alysson.Breitenberg,Stephan_Schowalter,Reject
Sibyl.Stiedemann,Eliza_Brown,Request
Jackeline.Legros,Corene,Reject
Russel_Carroll,Brenna.Feil,Request
Jarret,Faye,Reject
Joey_Hammes,Clinton_Kulas,Reject
Joana.Dibbert,Alvina,Reject
Gabrielle_O'Keefe,Jeffery,Request
Sandrine_Krajcik,Zechariah,Reject
Assunta.Klein,Tyra_Macejkovic,Request
Mortimer_Kutch,Murphy_Swaniawski,Accept
Pedro.Kris,Vernice_Sawayn,Request
Bell.Tillman,Clint_Mayer,Request
Stone_Cremin,Sigurd,Request
Diego_Feest,Leo_Lakin,Accept
Allie.D'Amore,Jude,Reject
Claud_Koss,Trisha.Doyle,Accept
Onie.McClure,Steve,Request
Clarissa.Hansen,Chadrick_Skiles,Accept
Thora.Kemmer,Margarita,Request
Ethan_Shields,Moses,Request
Hazel_DuBuque,Ulices_Russel,Accept
Flossie_Rosenbaum,Isabelle.Johns,Accept
Madalyn.Sporer,Stanley,Accept
Casimir.Crooks,Nola,Reject
Elinor.D'Amore,Clifton.Kirlin,Reject
Samanta_Yundt,Cecile_Smitham,Accept
Sherman_Carroll,Onie,Reject
Armand.Murazik,Lucio,Reject
Darron.Dickinson,Virgil,Reject
Guy_Ebert,Aiyana,Accept
Maxie.Dicki,Selena_Wintheiser,Request
Clair_Quitzon,Leon.Ward,Reject
Ericka_Jones,Mariela_Crona,Accept
Lucy_Jaskolski,Cathrine_Lebsack,Accept
Jevon_Lind,Colten,Request
Armando_Keeling,Harold,Accept
Myrna.Feest,Susie.Krajcik,Accept
Briana_Beier,Kyleigh,Reject
Ephraim_Hagenes,Janiya,Accept
Wayne_Cremin,Daisha,Reject
Katrina_Koch,Idella,Reject
Karianne.Steuber,Gudrun,Reject
Candido_Flatley,Kevin,Request
Aurelio.Schaden,Santa,Accept
Jarvis.Murphy,Cesar,Request
Victoria_Monahan,Lorenz,Request
Faye_Romaguera,Ashlee,Reject
Lorenzo.Hickle,Odessa_Ortiz,Reject
Cordelia_Kassulke,Rick,Reject
Karine.Hills,Wanda,Reject
Kim.O'Keefe,Amya,Reject
Jamie.Witting,Bud.Kertzmann,Reject
Emile.Kulas,Guillermo,Request
Fabiola.Aufderhar,Cecile_Legros,Request
Vergie.Cassin,Mabel,Request
Reyna.Volkman,Autumn.Rolfson,Accept
Aimee.Gleichner,Austen_Harvey,Reject
Isaiah_Wisozk,Harrison,Request
Lillian.Deckow,Brendon,Accept
Madge_Ortiz,Claudie,Reject
Brooks_Bednar,Kacey_Parker,Reject
Isadore_Prosacco,Gina.Quigley,Request
Eliane_Fritsch,Emmy.Ebert,Request
Hillary_Lang,Barrett,Request
Rick.Jakubowski,Serenity.Buckridge,Reject
Francesco.Keebler,Brigitte_Strosin,Reject
Marcellus_Fahey,Dino,Request
Jed.Treutel,Beryl_Trantow,Reject
Ernestine_Flatley,Rolando,Accept
Landen.Davis,Adah,Reject
Alfred_Ryan,Garrett_Zieme,Accept
Raina_Roob,Mazie,Accept
Noble_Ullrich,Theresia,Request
Judson.O'Connell,Kaci_Parisian,Accept
Wilfredo_Walsh,Erling,Request
Boyd_Koelpin,Leta.Shanahan,Reject
Eleazar.Kirlin,Johanna_Durgan,Request
Devyn.Deckow,Esta,Request
Jakob.Kassulke,Mateo.Wisozk,Request
Wilfred.Stanton,Trace.Koss,Request
Cortez.Hilll,Alia,Request
Marcelle.Bosco,Derick_Jewess,Accept
Jodie_Rosenbaum,Maxine,Request
Jana_Wolff,Michael.Walsh,Accept
Bettye_Macejkovic,Percy,Reject
Leon.Ward,Wilbert,Accept
Hosea.Cummings,Kelton.Keebler,Accept
Scarlett.Beier,Edgar,Request
Maximus.Hudson,Allie,Reject
Arturo_Stokes,Ethelyn,Request
Tiffany.Grimes,Isom_Reynolds,Reject
Cornelius.Reynolds,Destany,Accept
Petra.Casper,Weldon_Williamson,Reject
Vivian.Hagenes,Alyce_Russel,Accept
Shania_Schiller,Mike_Gleichner,Accept
Ibrahim.Wuckert,Meagan_Dicki,Accept
Jacey.Heathcote,Aurore_Lubowitz,Request
Myrl.Hermann,Furman.Considine,Reject
Adolphus_Monahan,Cayla,Reject
Rosario.Rutherford,Angelita,Accept
Dock.Ondricka,Zackary_Medhurst,Accept
Shane_Rogahn,Rosalyn_Barrows,Accept
Avery.Russel,Ryann,Request
Velda_Kling,Maud_Bogisich,Request
Yasmeen_Grant,Aron_Grady,Request
Murl_Kuhn,Crystal,Accept
Laurianne_Larkin,Elise_Bauch,Reject
Domenico.Predovic,Ebba_Runte,Reject
Augustine.Mann,Jordyn.Dibbert,Reject
Sylvia.Robel,Pasquale.Emard,Accept
Kiera.Brown,Jana,Reject
Alfonso_Schaefer,Sammie.Little,Reject
Colt.Nolan,Katharina,Reject
Keyshawn_Pfannerstill,Hollie,Accept
Hal.Wunsch,Damion.Harris,Reject
Roselyn.Balistreri,Ozella,Accept
Marquis_Toy,Dennis_Cummerata,Accept
Sean.Ortiz,Tyrel,Accept
Celestino.Bogan,Lamar_Eichmann,Request
Mandy_Okuneva,Evie,Reject
Aubrey.Rogahn,Clifford,Accept
Gaetano_Hegmann,Napoleon,Request
Yasmeen.Purdy,Meggie,Reject
Adonis_Bednar,Aletha_Baumbach,Accept
Beaulah.Emmerich,Albina.Morissette,Accept
Quentin.Koelpin,Emile.Kulas,Reject
Marcella,Darrin.Kuphal,Accept
Zachariah.Rolfson,Alanna,Accept
Wilhelm_Volkman,Andres,Request
Cordia.Schoen,Kirk_Kuphal,Request
Genesis_Kautzer,Adriana,Reject
Emilio_Crooks,Valentin,Reject
Michele_Rutherford,Jamil,Reject
Javier_Rippin,Boris_Romaguera,Accept
Juwan.Marvin,Jeanne.Spinka,Reject
Jaiden.Weissnat,Javon,Reject
Chet_Pagac,Mario,Request
Deborah.Lowe,Morgan,Accept
Marlen_Sauer,Deonte.Hills,Reject
Syble_Pouros,Karianne.Steuber,Reject
Enrique.Farrell,Curtis,Request
Dolores_Mills,Troy,Request
Alexandrine.Murphy,Maribel,Accept
Maia_Baumbach,Bo,Accept
Devyn.Moore,Micah_Zboncak,Reject
Steve.Rohan,Hoyt_Larson,Accept
Jimmie.Medhurst,Jermaine,Request
Benedict_Predovic,Imelda_Jacobs,Request
Nelson_Gorczany,Karlee_Lehner,Accept
Harmon.Kuvalis,Gardner_Adams,Accept
Reanna.Ziemann,Baron,Reject
Mike.Kuvalis,Myah,Request
Toney_Fay,Clyde,Accept
Arvid.Ratke,General,Accept
Kristofer_Cartwright,Tobin.Waters,Accept
Devonte.Kohler,Genevieve,Accept
Isom_Bernier,Alene_Bergstrom,Accept
Marques_Ziemann,Alvina,Accept
Watson_Schimmel,Krystina_Watsica,Reject
Misael.Schinner,Nestor,Request
Gabriel.Carter,Janelle,Request
Annabel_Hammes,Tina,Request
Stephen_Balistreri,Donnell_Pfeffer,Request
Dan_McKenzie,Maryse_Gibson,Accept
Gardner_Spinka,Silas.Stamm,Accept
Kaitlin_Moen,Pablo_Wilderman,Accept
Jacinto_Macejkovic,Kaitlin,Request
Kianna.Dickens,Leonor_Torphy,Reject
Murphy_Swaniawski,Everett.Sauer,Accept
Mae.Yundt,Eddie,Reject
Raleigh.Klein,Watson,Accept
Sandy_Bins,Herta,Reject
Candelario_Labadie,Catherine_Feil,Request
Stanton_Cremin,Arianna.Konopelski,Accept
Bennett_Kunze,Brenna.Mosciski,Accept
Daphney_Willms,Noble,Accept
Ike.Leannon,Ozella_Bauch,Accept
Nash_Lebsack,Hanna,Accept
Aubrey.Kuvalis,Vaughn,Accept
Augusta.Veum,Laury.Donnelly,Request
Terrill.Beer,Kenya,Request
Haven.Friesen,Evan,Request
Brody.Hudson,Joseph_Effertz,Reject
Gerda.Hahn,Elvis.Cummings,Accept
Sherwood_Kris,Lizzie.Gerhold,Accept
Darron.Koch,Mayra,Reject
Abbey_Dare,Mariah.Lebsack,Reject
Triston.Beier,Tyrique_Wisoky,Request
Maximillia.Simonis,Stone.Gutkowski,Accept
Litzy_Langosh,Jarrett,Reject
Benedict.Beatty,Manuela.Olson,Reject
Stevie.Murazik,Gina.Walker,Request
Sarah_Cummerata,Holden,Accept
Aurelie.Schinner,Stephon.Brakus,Reject
Quinton_Lebsack,Adolphus_Heidenreich,Request
Faye.Adams,Roosevelt.Towne,Reject
Dee_Roob,Colten_Bahringer,Accept
Jettie.Larson,Rosie,Reject
Orion_Franecki,Lori,Accept
Hillary_Connelly,Elyssa,Reject
Myrl.Schowalter,Katelin.Adams,Reject
Florencio.Rath,Alexane,Reject
Benjamin.Crist,Alexanne,Request
Stephan.Crooks,Domingo_Schowalter,Request
Tessie.Gleason,Cindy_Hills,Accept
Noemy_Goyette,Eugenia,Accept
Ashley.Tillman,Eldridge,Reject
Brionna.Bode,Sabryna.Dickinson,Accept
Earnestine.Pouros,Kiel.Kihn,Accept
Dina_Kling,Raphael,Request
John.King,Alden_Effertz,Accept
Osvaldo_Langosh,Reba,Reject
Horacio_Williamson,Edyth,Accept
Carmine.Murphy,Lourdes,Request
Stevie.Bogan,Katlyn,Accept
Unique.Bechtelar,Therese,Reject
Autumn_Schimmel,Keaton,Request
Pattie.Hodkiewicz,Ron.Schumm,Request
Carson_Harvey,Ivory.Stark,Accept
Jo_Treutel,Lorenza_Howe,Reject
Karelle.Mosciski,Verla,Request
Itzel_Ferry,Quincy.Rutherford,Request
Keyon.Kub,Bryce.Rath,Request
Hudson_Luettgen,Irma_Harris,Accept
Corbin.McGlynn,Lura,Request
Oral.Price,Jedidiah_Jerde,Accept
Porter_Abshire,Henri,Request
Cary.Rohan,Selmer.Windler,Request
Violet_Ebert,Ronaldo,Accept
Tatyana_Turcotte,Gail,Accept
Dorian_Jewess,Julian,Request
Annette.Cummings,Marion_Nikolaus,Accept
Ricky_Ferry,Keith.Gusikowski,Accept
Heath.Runolfsson,Jewell,Request
Arlie.Koch,Claud.Renner,Request
Payton_Treutel,Wilmer,Request
Kaia_Shanahan,Cara_Bartell,Reject
Clinton.Maggio,Gage_Bednar,Accept
Johnny_Hermiston,Adolfo.Will,Request
Bailey.Cremin,Lyla_Auer,Accept
Margret_Bechtelar,Ryley,Reject
Taurean.Dickens,Kaya.Thiel,Accept
Savion.Bauch,Cheyenne.Russel,Request
Celestine.Haag,Jamey_Runte,Accept
Karianne_Okuneva,Viviane,Reject
Delia.Tillman,Sid.Mayer,Request
Kimberly.Schultz,Alanna,Request
Lura_Kris,Shaina,Request
Anika_Little,Quentin,Request
Valentina_Douglas,Kari.Gulgowski,Request
Jess_Bradtke,Omer,Request
Merle.Runolfsdottir,Caterina.Blanda,Request
Andres_Russel,Armand,Reject
Emily.Beahan,Kristofer,Reject
Lisa.Wuckert,Genoveva_Schaefer,Reject
Sid.Thompson,Weston_Swaniawski,Request
Jerel.Barrows,Edmund.Keebler,Request
Ernest_Crist,Adam,Request
Kassandra_Stroman,Stephen,Request
Beaulah_Koss,Dimitri,Request
Christopher.Bernier,Alexandra_Stroman,Reject
Carlie_Oberbrunner,Aidan_Orn,Accept
Lindsay_Grady,Karlee_Lehner,Reject
Russell.Lang,Hulda_Wolff,Request
Asia_Steuber,Dominique.Herman,Accept
Fabian.Roob,Americo,Accept
Idell.Dooley,Raquel_Moore,Accept
Edmund_Kertzmann,Priscilla,Reject
Marilie_Fritsch,Dawn,Request
Chanelle_Ward,Jedidiah_Jerde,Reject
Jeanette_Feeney,Amos,Accept
Elsa_Stehr,Dixie_Waters,Reject
Bud.Hackett,Larissa,Accept
Coby.Rogahn,Linnie,Request
Garret_Rosenbaum,Riley.Quigley,Request
Titus.Skiles,Haley,Request
Cayla.Langosh,Madelyn_O'Kon,Request
Donnie_Corkery,Hillary,Request
Devon_Lehner,Eduardo_Balistreri,Request
Theodora.Wolff,Jana_D'Amore,Reject
Kaela.Schuppe,Hildegard,Request
Verona_Gusikowski,Berneice,Request
Horacio.Crooks,Hanna_Becker,Request
Kendall.Ferry,Verdie_Paucek,Request
Genoveva_Aufderhar,Reginald,Reject
Maybell.Stamm,Lorena.Daniel,Reject
Rosina_Waelchi,Robin,Reject
Yoshiko.Nicolas,Penelope,Request
Nyah.Spinka,Elwyn,Request
Maye_Vandervort,Cecil.Becker,Accept
Santos.Dibbert,Ramon.Rippin,Reject
Eugenia.Hessel,Devonte,Request
Melvin.Walter,Anabelle,Request
Chloe_Streich,Jeremy,Request
Gilberto.Jast,Merle.Jaskolski,Accept
Anibal_Okuneva,Michaela,Accept
Adeline_Gulgowski,Devan_Hamill,Accept
Georgianna.Schmitt,Josefa,Reject
Lorna.Fadel,Sven,Reject
Gerda_Prosacco,Gracie_Grant,Accept
Jaycee.Schulist,Trystan,Accept
Kaylin_Baumbach,Christian,Accept
Cheyanne_Miller,Jess,Accept
Jamie.Gislason,Bradford.Blanda,Reject
Shea.Lowe,Martin.DuBuque,Request
Bria.Jacobs,Kaitlin,Request
Roel_Koelpin,Stefan,Reject
Rosendo.Veum,Patricia_Barton,Request
Johnpaul_Guªann,Linwood.Blick,Reject
Ryley.Labadie,Tessie,Accept
Evangeline.Grady,Mya_Heller,Reject
Celia.Okuneva,Brian,Accept
Marcia_Waelchi,Roderick,Reject
Abby_Tremblay,Nola_Frami,Request
Oscar_Price,Alberto,Reject
Zelda.Wyman,Erich_Johnson,Accept
Jamie_Dickens,Jaime_Rohan,Request
Tate.Nikolaus,Giovanni,Request
Logan.Bayer,Jerald,Request
Tyrel.Rempel,Ed,Reject
Karina.Auer,Bradly,Request
Nicolette_Mohr,Devan,Request
Janick.Wiegand,Lurline,Accept
Kameron.Weber,Daryl,Reject
Addie.Hodkiewicz,Rex,Reject
Benny,Ryleigh_Rice,Reject
Pearline_Renner,Valerie,Accept
Aryanna.Swaniawski,Jamir_Maggio,Request
Reina_Gottlieb,Cristian_Veum,Request
Madonna_Ritchie,Angelita.Lynch,Reject
Jaida.Lebsack,Kay,Reject
Amaya_Stamm,Renee_Bartell,Reject
Diamond_O'Reilly,Rodrigo.Emard,Request
Edgardo.Aufderhar,Diamond.Krajcik,Accept
Althea.Gibson,Jamie.Witting,Accept
Jackie_Beier,Patience,Reject
Tracy_Bailey,Erik,Request
Breanna_Farrell,Orin,Accept
Eliza.Cassin,Harry,Accept
Adonis,Nellie_Weimann,Reject
Jackeline_Harris,Raina.Glover,Reject
Kyra.Nikolaus,Carlee,Accept
Kelsi.Kovacek,Trycia.Lakin,Request
Dayton_Dach,Liana.Berge,Reject
Kayley.Cruickshank,Royal,Request
Hilma_Stanton,Carmel,Reject
Tracy_Davis,Sheila.Sipes,Request
Vella_Kovacek,Aylin,Reject
Alan_Walsh,Mireille_Schumm,Request
Stuart_Bruen,Marcelo,Accept
Theresia_Lubowitz,Lukas,Accept
Rashad_Anderson,Buck,Accept
Santino_Beahan,Bernadine,Request
General.Bechtelar,Cassandre_Metz,Reject
Zack.Rogahn,Flossie.Green,Reject
Marjory.Gottlieb,Mack,Accept
Elinore_Walker,Josue,Reject
Helen.Renner,Name_Cummings,Accept
Constantin.Jakubowski,Rigoberto,Accept
Stephan_Willms,Zachary.Langosh,Request
Emma.Kessler,Geo,Reject
Hailee.Watsica,Roderick.Leuschke,Reject
Kassandra.Kohler,Ola,Request
Annie.Rowe,Verlie,Request
Zola.Lubowitz,Piper_Aufderhar,Request
Rigoberto_Cole,Alexanne.Kulas,Request
Viola.Bernhard,Rosella,Reject
Braden_Ratke,Bradley_Marquardt,Request
Marian_Zemlak,Christy,Accept
Zella.Fay,Bradford,Accept
Raina_Willms,Korey.Heller,Reject
Roosevelt.Bechtelar,Coleman_Orn,Reject
Laisha.Weber,Jameson.Smith,Request
Josie.Bernhard,Elna,Request
Evangeline.Mueller,Addison,Reject
Jaycee.Schuppe,Helene.O'Connell,Request
Nona_Schamberger,Clementine_Bahringer,Accept
Tyrell_Metz,Celestino,Request
Johnpaul_Turcotte,Carmine.Schuster,Accept
London.Bruen,Aiden.Swaniawski,Reject
Clare_Feeney,Reina.Sanford,Accept
Letitia_Zulauf,Newton.Muller,Request
Ian.Sanford,Larue,Reject
Maximilian.Barton,Lexie.Schmitt,Accept
Cora_Tillman,Lelah.Ward,Reject
Benedict_Smith,Adaline.Sawayn,Request
Desiree_Emmerich,Elna,Request
Tania_Toy,Adrienne,Reject
Ramona_Ledner,Giuseppe,Accept
Montana_Stokes,Katrine,Request
Estelle_Wintheiser,Amya,Request
Shanny_Welch,Marcia,Accept
Seth_Heaney,Vernon_Schneider,Reject
Abraham_Gulgowski,Phoebe_Kemmer,Reject
Imogene.Reynolds,Delphia.Kiehn,Request
Christ.Wilkinson,Damion.Donnelly,Reject
Daisy_Willms,Theresa,Reject
Abigayle.Lueilwitz,Crystal,Request
Shaina.Lebsack,Davon,Accept
Hilda_Lynch,Wallace.Bode,Reject
Raheem.Cruickshank,Tressie,Request
Carole_Turcotte,Rachelle,Reject
Augusta_Hilll,Edyth.Zulauf,Accept
Haskell.Parker,Thomas_Rosenbaum,Reject
Theresia.Lakin,Kurtis.Kilback,Reject
Courtney.Hettinger,Orion,Reject
Uriah.Graham,Neil,Request
Rudy.Sporer,Tyreek,Accept
Jessyca.Wilderman,Ted,Request
Ethyl_Pagac,Princess,Accept
Jamaal.Rippin,Sallie,Accept
Andy_O'Connell,Elmira.Kilback,Request
Clare_Schowalter,Thelma_Emmerich,Reject
Lyric_Corwin,Owen,Accept
Conor_Morar,Tito_Heaney,Request
Maurice.Robel,Rico,Request
Lyric_Farrell,Lizzie_Breitenberg,Accept
Antwon.Prohaska,Estel,Reject
Hortense.Mills,Laury.Kuhlman,Request
Armani,Barrett,Request
Kaitlin_Quitzon,Pasquale.Konopelski,Accept
Gaetano_Kertzmann,Dana_Braun,Accept
Talia.Langworth,Alec,Request
Alexa.Morar,Laurence.Rath,Reject
Verner.Powlowski,Laurianne,Accept
Felicia.Hamill,Darien_Kuhn,Request
Giovani.Heller,Braulio.Braun,Request
Rosamond.Krajcik,Helmer,Request
Roderick.Ryan,Virgil,Reject
Emmet_McKenzie,Daisha.Ernser,Accept
Shea_Hoeger,Eliza_Lubowitz,Accept
Jayden.Berge,Jessika.Champlin,Reject
Wendy.Howell,Evangeline_Hintz,Reject
Rylan.Ankunding,Mohammed_Leannon,Accept
Coralie.Rowe,Ashleigh,Request
Claudia_Altenwerth,Mckayla_McDermott,Request
Omari_Gerhold,Nikko,Accept
Annette.Luettgen,Blake,Reject
Ellen_Auer,Hobart,Accept
Oral.Williamson,Karelle,Reject
Mireya.Lind,Elissa,Request
Ludie.Hoppe,Nannie,Request
Erica.Ward,Mireille_Hyatt,Request
Ahmed_Lubowitz,Susana_DuBuque,Reject
Francesca.Murray,Florida,Reject
Mustafa_Kuhn,Lucio.Vandervort,Request
Vivianne_Rohan,Keeley,Reject
Ora_Hettinger,Penelope.Collier,Reject
Jayme.Parisian,Kellie,Request
Bernice_Koepp,Eryn,Reject
Evalyn.Harris,Jon,Accept
Aletha.Stracke,Cheyanne,Request
Maximilian_Sporer,Chasity,Accept
Greta.Cummings,Roxane,Accept
Theron.McClure,Aniyah_Kub,Accept
Shaylee.McCullough,Luella,Accept
Cyril_Ratke,Margarette,Request
Ernesto.King,Cordia.Morar,Accept
Annabel.Padberg,Obie.Gerlach,Request
Tevin.Keebler,Augustine,Reject
Raphael.Reichert,Alaina,Accept
Simone_Dach,Sherman_Carroll,Reject
Aisha.Nitzsche,Deonte.Leannon,Reject
Jedidiah_Kemmer,Shakira,Accept
Isabell_Considine,Marcelo.Stokes,Request
Wellington.Tromp,Charles.Hamill,Reject
Chanelle.Mante,Dejah.Rempel,Accept
Coleman.Heller,Alfredo,Reject
Zackary.Bartoletti,Marilie,Reject
Gustave.Brown,Otis.Kuphal,Accept
Lavonne_Lind,Kenny_Kirlin,Accept
Rollin_Zboncak,Felicia_Mraz,Request
Dillon_Schaefer,Carmela_Rau,Request
Shayna.Thompson,Jessie.Gulgowski,Accept
Kaela.Barrows,Pansy.Hessel,Reject
Aubree.Romaguera,Kayleigh.Considine,Reject
Howard.Bauch,Billy.Hansen,Accept
Janice_Wisoky,Kane_Gerlach,Request
Mikayla.Kemmer,Kadin,Accept
Jamarcus_Beatty,Norma.Ledner,Request
Edgardo_Crist,Rollin,Accept
Lorine_Parker,Rashad,Accept
Saige_Corwin,Rosamond,Accept
Maxie_Abernathy,Vicenta.Vandervort,Request
Kendra.Leffler,Humberto_Hessel,Request
Rafael_Harªann,Kacey,Accept
Yasmeen_Pouros,Virgil,Reject
Cayla.Hamill,Darion,Reject
Kenyon_Breitenberg,Allan,Reject
Keagan.Lakin,Toby_Bergstrom,Request
Ivory.Williamson,Roxane.Altenwerth,Request
Cory.Bashirian,Phoebe,Reject
Humberto_Keebler,Ruthe_Sauer,Request
Amalia.Cartwright,Dorian,Request
Dominique_Jast,Raymundo_Macejkovic,Reject
Bonita_Bartell,Melba,Accept
Elissa_Effertz,Aiyana_Reilly,Reject
Berenice,Aliyah,Accept
Catalina.Nienow,Lurline,Request
Cecelia_Will,Delaney,Accept
Brady_Stiedemann,Bonnie_Nienow,Accept
Cole_Turner,Elouise_Harris,Reject
Raul_Rohan,Ottilie,Reject
Bernadine.Goodwin,Jailyn,Accept
Raven_Nader,Sabrina.Wehner,Reject
Concepcion_Boehm,Laurel_Hegmann,Reject
Ayden_Fadel,Tomasa,Accept
Emanuel.Fay,Elissa,Accept
Rupert_Thompson,Marcelino,Request
Karolann.Haag,Savannah_Ruecker,Request
Dameon.Lockman,Dolores.Lueilwitz,Request
Larue.Runolfsdottir,Annabelle,Request
Esperanza.Gusikowski,Dimitri,Request
Nigel_Braun,Hayley.Mertz,Accept
Felipe_Gorczany,Georgianna.Wolff,Accept
Cortez_Wuckert,Houston,Request
Alexanne_Christiansen,George.Davis,Request
Erick_Kautzer,Samson.Huel,Request
Beryl_Trantow,Tyra,Request
Cathrine.Adams,Zachariah.Hermann,Request
Dan_Hills,Joanny.Swift,Request
Fermin_Boehm,Liam.Prosacco,Accept
Rachel_Zulauf,Vita,Request
Delfina_Smitham,Laura,Request
Danielle.Dickinson,Brayan,Reject
Arvel_Nader,Hailie,Request
Dax.Deckow,Buck.Schultz,Reject
Carolina.Zemlak,Kristoffer_Bernier,Request
Rashad_Treutel,Cristina,Request
Luisa.Hoeger,Name,Reject
Glen_Willms,Stanton,Accept
Kaya.Thiel,Faye,Accept
Berneice_Stamm,Evalyn,Reject
Clyde.Bailey,Una.Kerluke,Accept
Jillian_Kirlin,Hosea_Gibson,Reject
Angelita.Lynch,Karli,Request
Heber_Mayert,Aurelie,Reject
Sam_Gibson,Xavier_Grant,Accept
Roman_Keebler,Harmony,Accept
Vicky.Bergnaum,Khalil_Keebler,Request
Elza.Dietrich,Douglas,Reject
Abdiel.Zieme,Araceli_Schulist,Reject
Jane_Goldner,Eleanora,Reject
Ewald.Marquardt,Waylon,Reject
Nettie_Purdy,Willard.Schulist,Reject
Jaquan_Torphy,Gracie,Request
Everardo_Cormier,Rosanna.White,Reject
Araceli_Zulauf,Marquis.Boyer,Accept
Alysa_McClure,Ressie.Schaden,Request
Jannie_Gerlach,Boris_Dooley,Request
Davion.Jaskolski,Dominique,Accept
Tatyana.VonRueden,Wilbert,Accept
Alexandrine.Turner,Nya.Powlowski,Reject
Christina_Jenkins,Dee,Accept
Camryn_Abernathy,Fredrick_Bode,Accept
Dwight.Paucek,Vivian,Reject
Ken.Hammes,Henry.Fay,Reject
Giles_Monahan,Urban,Accept
Felipe.Mosciski,Kiera_GuÂªann,Accept
Khalil_Zboncak,Jerod_Corwin,Accept
Johan_Bradtke,Golden_Kerluke,Accept
Brianne_Larson,Daisy.Kulas,Accept
Jamison.O'Conner,Emmanuel.Kreiger,Request
Maurine.Reichert,Tate.Kuhlman,Accept
Oran_Friesen,Clemens,Reject
Kristian_Herman,Theo.Sporer,Accept
Thea.Daniel,Talon.Lowe,Reject
Harrison_Bogan,Lia.Heller,Reject
Davion_Schimmel,Aron,Request
Kelli.Bauch,Skye.Wunsch,Accept
Moises.Abbott,Geraldine,Accept
Domenico_Skiles,Jennyfer,Accept
Effie_Grant,Alexander.Marquardt,Accept
Braulio_Legros,Bernadine_Pfannerstill,Request
Bettye.Keeling,Nola_Thiel,Request
Vernon_Cormier,Therese_Mitchell,Reject
Vaughn.Bartoletti,Roma.HarÂªann,Accept
Ada.Kohler,Trent.Satterfield,Accept
Bertha_Nienow,Corine_Krajcik,Request
Vern.Aufderhar,Alyson.Beer,Accept
Clemens.Corwin,Weldon,Reject
Samir.Bartell,Louie,Accept
Nettie_Paucek,Mateo,Request
Julia_Kling,Melisa,Request
Joana.Adams,Jared,Reject
Yvette.Prohaska,Hal.Langosh,Request
Easter_Schuster,Brionna.Cruickshank,Reject
Amos_Wunsch,Pearlie_Emard,Accept
Lane_Fritsch,Emma.Trantow,Request
Neha.Mraz,Jerod_McGlynn,Request
Braeden.Kautzer,Samantha.Lowe,Request
Liana.Kiehn,Kiel,Reject
Fausto_Kunze,Gaston,Accept
Chadrick.Bins,Herman_Schumm,Reject
Cornell.Dickens,Albert.Zulauf,Reject
Nikki.Heller,Patsy_Harvey,Accept
Nelle.Sawayn,Christian,Reject
Cristal.Langosh,Isai.Mosciski,Reject
Krystal.Jerde,Justus,Request
Janae_Terry,Clare,Request
Minerva.Kautzer,Abigail,Accept
Lynn_Kuhlman,William.Jacobi,Reject
Billy_Stark,Jaqueline_Jacobson,Reject
Kieran.Stark,Evelyn_Hirthe,Accept
Dorothy_Herman,Sheila_Powlowski,Reject
Quincy.Rolfson,Rosina,Accept
Berneice.Erdman,Coleman.Swaniawski,Request
Amani_McDermott,Nathanial,Reject
Brycen_Jacobs,Makenna,Accept
Kathlyn_Funk,Roma_Frami,Request
Emmalee.Runolfsdottir,Kraig_Corwin,Reject
Jamaal.Anderson,Kirk.Gusikowski,Accept
Garnett.Fritsch,Maximillia,Accept
Adaline_Kilback,Kieran,Request
Marlin_Grimes,Adrienne.Greenholt,Request
Brown_Hickle,Melany.Feest,Accept
Simone_Mills,Garrett,Accept
Josie.Nader,Nina,Reject
Christa_Shields,Edna,Request
Oren.O'Kon,Mellie,Request
Lessie_Goldner,Damaris,Request
Troy.Kshlerin,Earline_Nolan,Reject
Linnie.Langworth,Lamar,Accept
Etha_Waters,Amparo.Murazik,Reject
Joshua_Rolfson,Alyson_Schoen,Reject
Morton_Ankunding,Eva,Accept
Rylee_Bechtelar,Angelica_Lueilwitz,Request
Damaris.Harvey,Melody_Hermann,Accept
Vince.Weimann,Verona,Reject
Candice_Ward,Rosario,Reject
Eldridge_Wintheiser,Sage_Zulauf,Reject
Ellie.Gleichner,Dayne,Accept
Sadye.Stoltenberg,Theodore,Request
Anita.Wintheiser,Retha,Accept
Al_Dooley,Jake.Williamson,Accept
Alexanne.Yundt,Lavada_Hodkiewicz,Request
Janiya_Conn,Giovanny,Accept
Guadalupe.Fay,Camron_Kling,Accept
Carmelo.Veum,Carli,Reject
Darwin.Gleason,Amparo.Borer,Reject
Price.Gerlach,Tyler,Request
Dariana_Collins,Otho,Accept
Carolyne.Witting,Rae.Carter,Reject
Ludie_Kovacek,Tamia_Larkin,Reject
Terry_Rath,Josh,Reject
Ibrahim_Haag,Macie,Accept
Jeffrey_Quigley,Terry,Reject
Destini_Runolfsson,Terry,Reject
Yadira.Renner,Keven,Reject
Tate_Mertz,Hans.Treutel,Request
Mohammad.Gibson,Russell_Hahn,Accept
Madalyn_West,Twila.Klocko,Reject
Michel_Grady,Kennedy.Walter,Accept
Hope.Auer,Bradley,Reject
Kian_Jacobi,Melody,Request
Vallie_Welch,Mia,Request
Nico_Morissette,Keenan,Accept
Gordon_Jast,Kathlyn_Funk,Reject
Uriel_Corkery,Duane.Jaskolski,Reject
Lizeth_Muller,Grover,Request
Corbin_McClure,Hilario,Accept
Leonel_Guªann,Isabelle,Request
Braulio_Stiedemann,Laisha,Reject
Lucio.Pacocha,Kari,Reject
Kylie.Bosco,Elmore,Reject
Abdiel_Cassin,Kayleigh,Accept
Fausto_Larkin,Jordan_Larson,Request
Mabelle.Bauch,Maida,Reject
Lambert.Shields,Alexys_Schuster,Reject
Gregg.Strosin,Blaise.Mitchell,Request
Lura.Sporer,Caleigh_Schaefer,Accept
Alverta.Stehr,Nova,Accept
Daron.O'Keefe,Amalia,Request
Krystal.Reichel,Aylin,Request
Lynn_Upton,Dolores.Lueilwitz,Accept
Terence.Raynor,Meagan.Beatty,Request
Adrain_Stoltenberg,Ambrose.Walsh,Accept
Maximillian.Deckow,Travon.Goldner,Accept
Deshaun,Caitlyn_Stoltenberg,Request
Gabriel_Hamill,Maynard,Accept
Isaiah_Heathcote,Zoe,Request
Dean_Quigley,Franz,Request
Camren.Hodkiewicz,Valerie_Funk,Accept
Jerrell.Thiel,Vidal_Bauch,Request
Keara.Wiegand,Krystina_Koss,Reject
Teresa.Franecki,Jerod,Reject
Thurman_O'Reilly,Francisco_Daugherty,Request
Otho_O'Keefe,Ronaldo,Accept
Stephany.Hansen,Loyce_Purdy,Accept
Charlene_McLaughlin,Hubert_Crona,Reject
Meredith_Haag,Carmelo,Reject
Tremaine.Grant,Angus,Reject
Mikayla.Rice,Cary_Frami,Reject
Reyes.Rice,Margret,Request
Mariela.Schmidt,Misty_Murray,Request
Reymundo.Marvin,Deonte,Request
Declan.Rau,John_Feil,Reject
Amira_Flatley,Edwina.Goodwin,Accept
Lonzo.Feeney,Trudie,Reject
Phoebe_Koch,Emilia_Carter,Request
Kay.Jast,Esperanza,Accept
Colten_Bahringer,Princess.Langworth,Accept
Lurline_Schimmel,Murphy_Swaniawski,Request
Fabiola_Champlin,Hosea.Cummings,Request
Albert_Towne,Kaylee,Accept
Victoria_Lebsack,Sherwood,Reject
Beulah_Weber,Mustafa,Accept
Nicholaus.Pouros,Imogene.Reynolds,Reject
Jordi_Runte,Kaylie,Request
Keara_Bosco,Kody,Reject
Jarret.Ankunding,Emmitt,Reject
Chester_Lueilwitz,Missouri_Schaefer,Reject
Trenton.Larson,Lucie_Keebler,Request
Everett_Hodkiewicz,Justice.Spencer,Reject
Bessie_Von,Katheryn_Abshire,Request
Stan_Hessel,Camron_Kutch,Reject
Alexandrea_Frami,Alexane_Fay,Reject
Thurman_Romaguera,Anne_Stokes,Request
Jarod_Hammes,Wilson,Request
Kirsten,Camille,Request
Jo.Leuschke,Charity.Sauer,Reject
Rashad_Oberbrunner,Trudie.Herzog,Request
Madeline_Jakubowski,Joany,Request
Dorothy.Herzog,Jenifer,Reject
Adriel_Parisian,Demarcus,Reject
Roscoe_Harvey,Yasmeen.Kovacek,Request
Katelynn.Smith,Woodrow,Accept
Elody_Bernhard,Betsy_Collins,Reject
Keira_Monahan,Xavier,Request
Bailey_Kutch,Houston,Reject
Kara.Pouros,Trycia,Reject
Orlando.Schimmel,Dena_Torphy,Accept
Roxane_Beer,Ollie,Reject
Modesta.Kunde,Bryon,Accept
Kamren_Ebert,Adaline.Keeling,Reject
Concepcion.Skiles,Monte_Cartwright,Reject
Dillon.Bogisich,Bernhard_Larson,Accept
Lee_Mante,Craig_Corkery,Reject
Lavon.Raynor,Tre_Crona,Accept
Lucie_Klocko,Filomena,Accept
Raymond.Borer,Bruce,Request
Monte.Funk,Mortimer,Request
Enrico_Gulgowski,Demarco,Request
Gregg_Orn,Travis,Reject
Hailey_Weissnat,Zita,Accept
Bernard_Legros,Giles_Wisoky,Reject
Gianni.Mosciski,Anabel,Accept
Dante_Gutkowski,Rico.Yost,Reject
Marjolaine_Smitham,Deontae,Accept
Seamus.Reynolds,Jonathan,Reject
Makenna.Bosco,Lulu.Deckow,Reject
Eldred_Medhurst,Immanuel.Stracke,Request
Connor_Balistreri,Kelsie,Reject
Gerard_Luettgen,Eunice.Torp,Request
Lane.Blanda,Eula,Reject
Bryce_Schmeler,Lane,Accept
Georgianna.Wolff,Duane.Crist,Accept
Aleen_Hermann,Serena_West,Accept
Roselyn_Ebert,Viviane,Reject
Cleve_Anderson,Alia,Accept
Hayden.Wolff,Olin,Accept
Amaya_Schumm,Pearline_Renner,Accept
Donald.Schiller,Jack_Cole,Request
Isabelle_Gleason,Alexandria,Accept
Andy_Pacocha,Carlotta.Quigley,Reject
Marcia.Kassulke,Horacio.Feil,Reject
Darrion.Towne,Arielle.Weissnat,Reject
Margret.Harªann,Blaise,Reject
Keyon_Torphy,Ignatius,Request
Elmer_Kuhic,Emiliano,Request
Solon_Bayer,Lucas,Accept
Eliane_Reilly,Isobel,Accept
Buck.Legros,Susan.Cummings,Request
Eryn.Stanton,Mckayla_Legros,Accept
Cesar.Muller,Halie_Koelpin,Accept
Hanna.Becker,Grace_Simonis,Accept
Mckenna.Rice,Kennedy_O'Keefe,Reject
Elvis_Olson,Amani_Shields,Reject
Shane.Leuschke,Tabitha.Fritsch,Accept
Edyth_Tremblay,Chaya,Accept
Keara.Quigley,Vicenta,Reject
Jace_Mertz,Summer_Orn,Reject
Alivia.Davis,Bernhard_Hamill,Request
Lavon.Lehner,Tristin_Armstrong,Reject
Russ.Prohaska,Fredy.Pfannerstill,Request
Lavon.Armstrong,Adele,Request
Mckayla.Langworth,Kaleb,Reject
Carmine_Satterfield,Napoleon.Corwin,Reject
Idell_McClure,Enid,Accept
Marietta.Herman,Julia.Lemke,Accept
Ivory_Yost,Broderick,Accept
Chasity.Adams,Cecile.Bauch,Request
Timothy.Ratke,Kristofer,Accept
Lila_Tremblay,Okey,Reject
Edwardo.Osinski,Cristobal,Request
Camila,Jany,Request
Hoyt_Willms,Madie_Towne,Accept
Donnell_Pfeffer,Angelita.Paucek,Request
Rebeca.Murray,Cornell.McDermott,Accept
Andres_Boyle,Sadye,Request
Sydnie.Balistreri,Jeremy_Mertz,Reject
Braxton_Feil,Constantin.Weber,Request
Shany_Volkman,Fay_Yundt,Request
Keith.Buckridge,Dana.O'Conner,Accept
Jermain.Graham,Marie,Request
Mohamed.Nicolas,Nakia_Hackett,Request
Rose_Hansen,Franz,Reject
Chance_Prosacco,Joshuah_Ullrich,Reject
Gwendolyn.Volkman,Flavio,Request
Joyce_Koepp,Walton,Reject
Kieran.Rath,Olen_Jacobs,Reject
Elmer_Stanton,Shyanne.Crona,Request
Letha.Hettinger,Torrey,Request
Aimee.Bruen,Eulalia,Reject
Gillian_Feest,Korbin,Request
Dixie_Kling,Abbigail,Accept
Tyra.Donnelly,Dayna.Turner,Accept
Casper.Shanahan,Nash_Mohr,Request
Godfrey.Kuhn,Julia,Reject
Beulah.Pfeffer,Dejon_Sanford,Request
Montana_Mann,Yazmin_Lehner,Reject
Osbaldo.Bahringer,Hallie,Request
Terence.Bartell,Naomie,Accept
Vance.McCullough,Katlynn,Reject
Orville.Rutherford,Pablo_Senger,Accept
Shyann_Weber,Karelle.Champlin,Request
Mariana_Dicki,Frederic.Heathcote,Accept
Vita_Marvin,Juwan.Marvin,Request
Madelyn.Pollich,Dorthy,Request
Adrian.Lowe,Vladimir_Waters,Accept
Lempi.Ratke,Eloisa.Marks,Request
Johan.Kerluke,Yvette,Request
Dahlia_Konopelski,Audreanne_Boyer,Accept
Alyson.Walker,Erwin_Lowe,Request
Marley_Emmerich,Halle_Howe,Reject
Lenore,Caleigh_Wiza,Request
Josephine_Gutkowski,Nona,Accept
Dustin.Mayer,Duncan_Langworth,Reject
Eliseo.Ortiz,Fabiola.Koepp,Accept
Jalon_Rodriguez,Meagan,Accept
Merle_Wolf,Lexi.Vandervort,Reject
Chaim_Kerluke,Ophelia,Request
Janet_Hayes,Kiana,Accept
Arnulfo.Stark,Lucy,Accept
Pasquale.Hessel,Lucio,Accept
Alexanne.Lockman,Joanne,Request
Hoyt.Emmerich,Newton.Hettinger,Request
Baby.Herzog,Fermin,Reject
Lonie.Schmeler,Tess,Accept
Anita_Tillman,Moises,Request
Enola.Mayer,Kailyn.Farrell,Accept
Gage_Bednar,Rachael_Smitham,Accept
Daisha.Friesen,Florian_Keebler,Reject
Eva_Kutch,Maggie,Reject
Cedrick_Schmidt,Chelsie.Gerhold,Reject
Edward_D'Amore,Jakob.Grimes,Reject
Jefferey.Feest,Francesco,Accept
Chesley_Cole,Keely_Walter,Request
Cecile.Goyette,Heloise,Request
Arturo_Mertz,Seth,Reject
Darrin.Brown,Gaston,Request
Caesar.Pagac,Myles_McDermott,Accept
Isabel_Rogahn,Dayton_Dach,Reject
Raquel_Lowe,Anika.Breitenberg,Accept
Toni.Herman,Estel_Marvin,Accept
Evalyn.Emmerich,Elisha,Accept
Jovan_Altenwerth,Novella.Raynor,Accept
Clement_Hoppe,Rasheed,Request
Crawford.Sanford,Vernie.Schaefer,Request
Lincoln_Howe,Aubrey,Accept
Shayne_Beahan,Coleman,Accept
Raymond_Dibbert,Isabell,Request
Furman.Parker,Lukas,Reject
Sadye_Collier,Shayna.Rau,Reject
Claudine_Erdman,Estevan.Bosco,Accept
Letha.Orn,Angelina.Bartell,Reject
Blanche_Quigley,Lottie_Klocko,Reject
Riley_Schaden,Daisy_Schuster,Accept
Darby.Zulauf,Amanda,Reject
Verla_Mosciski,Lesly,Request
Janis_O'Keefe,Brannon.Mohr,Reject
Edgar_Buckridge,Lyric,Reject
Sophie.O'Reilly,Tabitha,Accept
Carrie.Miller,Freddy_Erdman,Reject
Monroe_Graham,Norval_Russel,Request
Camilla_Ritchie,Reta,Accept
Jerry.Funk,Larry,Request
Clinton_Kulas,Rupert,Reject
Berneice_Johnson,Valentina,Request
Roosevelt_Gibson,Hester.Nienow,Reject
Benedict.Turner,Vinnie,Reject
Isadore.Yundt,Donnie,Request
Dell.Hodkiewicz,Eugene,Request
Jamie_Towne,Lourdes_Kemmer,Accept
Kale.Reichel,Alysa.Yost,Request
Alayna_Kuvalis,Esmeralda,Reject
Jaylen_Skiles,Haylie,Reject
Maude.Schmitt,Agustin.Dietrich,Reject
Mireya.Adams,Dorothea,Accept
Janiya.Rolfson,Elva.Kemmer,Reject
Abdullah.Swaniawski,Amanda.Jast,Accept
Lilla_Hayes,Liza,Reject
Tatyana.McDermott,Bernadine,Accept
Gillian.Macejkovic,Saul,Reject
Claudia_Kertzmann,Antwon.Feest,Reject
Roxanne.Flatley,Hal.Lehner,Accept
Boris_Romaguera,Junius,Request
Marcelo_Kozey,Edgardo.Aufderhar,Accept
Dandre_Spinka,Miguel,Reject
Madilyn.Gutkowski,Fermin.Runte,Reject
Viva_Stiedemann,Ottilie_Raynor,Request
Priscilla_Jacobi,Rory,Reject
Carleton.Kirlin,Sylvan.Doyle,Accept
Rhoda.Windler,Genesis,Accept
Jeff.Streich,Araceli,Accept
Anita_Gaylord,Cheyenne_Stokes,Reject
Misael.Boyle,Jacinto_Shields,Accept
Loma.Weimann,Jason.Koch,Reject
Dallas_Ankunding,Devon_Lehner,Request
Reece_Bradtke,Jeanie,Reject
Kiarra.Wilkinson,Caterina.Blanda,Request
Winfield_Kertzmann,Conor_Flatley,Reject
Garret_Champlin,Benny_Turner,Reject
Ramona.Hettinger,Rosalind,Accept
Clementina_Weimann,Janelle.Nikolaus,Request
Mathias.Price,Laurence,Accept
Ally.Kuhlman,Reece,Reject
Bridget_Homenick,Lavonne_Lind,Accept
Solon.Ledner,Kolby_Tillman,Reject
Roberto_Becker,Alba,Request
Janae_Corkery,Kristin,Request
Ryleigh.Kemmer,Grant_Hudson,Request
Kory_Reichel,Jillian_Yost,Reject
Astrid.Konopelski,Al_Kessler,Accept
Elwyn_Jaskolski,Alyson_Reilly,Request
Otho_Heathcote,Avis,Accept
Eleazar_Luettgen,Eliezer,Request
Juston.Mann,Onie.McClure,Reject
Santiago.Senger,Litzy_Morissette,Accept
Therese_Mitchell,Rigoberto_Baumbach,Reject
Jonas_Mosciski,Sydney_Beatty,Accept
Leta.Shanahan,Garrick_Cruickshank,Reject
Trystan.Robel,Lionel_Johnson,Reject
Martine_Jakubowski,Americo_Rempel,Reject
Shea.Dach,Pinkie,Accept
Laurianne.Kirlin,Rosalee.Schuppe,Reject
Filomena_Tromp,Monty,Reject
Shane.Kerluke,Valerie_Green,Accept
Mortimer.Ferry,Brittany_Erdman,Request
Desmond.Fahey,Cleora,Reject
Pascale.Zboncak,Darrell.Weissnat,Request
Corrine_Walker,Nova.Bruen,Request
Isaiah_Kohler,Chadrick.Bode,Accept
Joseph_Ledner,Fabiola.Aufderhar,Reject
Kaleb_Lemke,Allie.D'Amore,Request
Eldora_Reilly,Sienna_DuBuque,Reject
Alejandrin_Mayert,Ellsworth,Accept
Brian.Wunsch,Nigel,Accept
Raven_Gislason,Seamus.Kozey,Reject
Bethany_Dicki,Jose,Accept
Jaren.Cummings,Katlynn.Jewess,Accept
Vernice_Hessel,Emily_Mohr,Accept
Stuart_Corkery,Guadalupe,Reject
Jayme_Walsh,Luigi,Request
Keely_Walter,Fausto_Boyle,Accept
Rory_Luettgen,Johan_Bogan,Accept
Linwood_Hane,Brenden.Grimes,Accept
Laurine.Trantow,Mohamed,Accept
Mack_Wuckert,Alfreda.Shanahan,Request
Zul.Beatty,Jacklyn,Reject
Hope.Dibbert,Avery_Koch,Reject
Clair.Schumm,Daphney,Accept
Lamont_Gaylord,Haylie,Reject
Hector_Pouros,Helga,Reject
Mazie_Bailey,Joesph,Accept
Maggie_Glover,Dahlia,Reject
Malachi.Bruen,Mozelle,Reject
Geoffrey.Harris,Elsa,Request
Rahsaan_Fisher,Miguel_Stehr,Reject
Maximillian.Durgan,Barrett,Request
Vivianne_Kirlin,Billie,Accept
Catalina.Sanford,Alivia_Gleichner,Accept
Alexandria.Bogan,Eli.Harris,Reject
Shyanne_Hand,Misty.Lynch,Request
Dayana.Fay,Ross,Request
Selmer_Wiza,Angeline,Request
Royce.Bernhard,Eleanore,Request
Blake_Okuneva,Jennyfer_McLaughlin,Request
Gay_Krajcik,Bruce,Request
Florian.Pfannerstill,Aliya,Accept
Brent_O'Keefe,Shayna.Hegmann,Request
Eleazar.Prohaska,Angela_Mertz,Accept
Raquel_Russel,Derek,Reject
Christelle.Cronin,Ken_Hills,Reject
Mya_Heller,Ryley.Hahn,Accept
Marisol_O'Kon,Helene.Schultz,Request
Marcos_Emmerich,Flavio,Request
Damien_Maggio,Marielle,Request
Mertie.Gerlach,Margarett.Thiel,Request
Mariah_Adams,Marco_Schumm,Accept
Lacey.Fahey,Chance_Prosacco,Accept
Bailey_Auer,Ardella_Walsh,Reject
Benjamin_Champlin,Lenna_Jenkins,Accept
Nayeli_VonRueden,Angelica_Lueilwitz,Request
Jasmin.Kiehn,Van,Accept
Willy.Bruen,Ulises_Ebert,Accept
Marcelino.Armstrong,Sid,Request
Amie_Dach,Isac,Request
Macy_Denesik,Katelyn.Barton,Reject
Tyrique.Morissette,Terry,Request
Marilyne.Roob,Raleigh.Klein,Request
Vita.Rippin,Zola.Weber,Reject
Richmond_Jacobson,Ima_Stamm,Accept
Zena_Schmidt,Jewel,Request
Kyleigh_Gaylord,Matilde_Russel,Request
Gerson.Schaden,Isabell.Prosacco,Request
Antonina_Kunze,Scotty,Request
Raphael.Koepp,Leonard,Reject
Misael_Herzog,Lynn,Reject
Branson_Dibbert,Arjun_Bruen,Accept
Zoe_Kerluke,Jean.Nader,Reject
Mercedes.Pouros,Asia.Flatley,Request
Eleanora.Hickle,August.Kihn,Request
Marco.Ritchie,Kiel,Accept
Garfield_Schoen,Jorge_Okuneva,Accept
Rae.Mayer,Logan,Request
Thora.Baumbach,Abbie.Funk,Request
Marilie.Zulauf,Vince_Schulist,Accept
Stephania.Hermiston,Estell_Kiehn,Request
Adele_Carroll,Michelle,Accept
Eric_Stehr,Santina,Reject
Winnifred.Schuppe,Nola_Frami,Accept
Stefan_Fay,Dennis,Request
Stephania.Price,Alyson,Reject
Anibal.Effertz,Leopoldo,Request
Bartholome_Nitzsche,Hollis,Request
Lonnie.Heaney,Yoshiko_Wuckert,Accept
Emmanuelle.Weissnat,Adriel,Request
Jalen.Ward,Xavier_Nolan,Reject
Meaghan.Tremblay,Brian,Reject
Dee.Lehner,Marlin.White,Request
Harold.Reichert,Lelah,Accept
Adrien_Dooley,Gustave,Reject
Francesca_Larkin,Rowan,Accept
Raleigh_Mosciski,Gracie,Accept
Clarissa_Johnston,Cassie.O'Kon,Request
Emerson.Kihn,Stephon_Feest,Accept
Dave.Glover,Jaylen.Emard,Reject
Sunny_Steuber,Ricky_Bayer,Reject
Amir,Barney,Accept
Esmeralda.Russel,Vito,Request
Johnathon_Osinski,Isaias.Cummerata,Accept
Bill.Kihn,Damaris,Accept
Naomi.Schulist,Laurie_Fisher,Request
Jeffrey.Hahn,Sabina.Trantow,Reject
Shanie.Sporer,Arjun_Bruen,Request
Cesar.Hansen,Giles_Anderson,Request
Dexter_Yundt,Bonita.O'Hara,Accept
Karley_Kreiger,Whitney.Bechtelar,Request
Marion.Kilback,Ibrahim_Lockman,Request
Jeffry_Jaskolski,Jared,Request
Tressa_Ziemann,Minerva,Reject
Marcellus_Cruickshank,Bernardo.Blanda,Request
Walter_Cummings,Agustin.Dietrich,Reject
Eulah.Fritsch,Kiley.Kuhlman,Accept
Lily_Kiehn,Cordell_Strosin,Reject
Josefina_Jewess,Marjolaine.Lemke,Request
Jewel.Raynor,Odell_Cole,Accept
Lila_Schmidt,Stephan.Corkery,Request
Anjali_Little,Camden.Bartoletti,Request
Llewellyn.Daniel,Noemy.HarÂªann,Reject
Eryn.West,Jocelyn,Reject
Diego_Schaden,Owen.Feil,Accept
Eulalia.Yost,Jennyfer_Daniel,Reject
Giovanni.Kerluke,Judy,Request
Jimmy_Little,Jayce,Accept
Angelita.Stamm,Emmalee,Accept
Lucy.Morissette,Quincy.Bergnaum,Request
Rodger_Reynolds,Willy,Reject
Monica_Wyman,Katelyn,Request
Julio_Langosh,Abdullah,Accept
Lauretta_Carter,Laurie.Goodwin,Request
Kory.Little,Louvenia,Reject
Hazle_Glover,Anissa.Ferry,Request
Lyric_Weber,Roberta_Block,Accept
Ursula_McKenzie,Janice_Medhurst,Accept
Keshaun_Fadel,Alford,Reject
Leon_Jerde,Brandon.Sipes,Request
Chaya_Ebert,Jesse,Request
Dortha.Carroll,Marty_Hirthe,Request
Montana.Ankunding,Celestine,Accept
Titus_Schowalter,Micah,Accept
Neva.Guªann,Ernesto,Request
Jamir_Runte,Patricia_Renner,Request
Aliya.Murphy,Rene,Reject
Carolina_King,Efren.Okuneva,Accept
Norene.Walsh,Creola_Bahringer,Accept
Domenick_Hirthe,Cordelia_Keebler,Request
Trudie.Herzog,Marguerite_Leffler,Accept
Earnest_Windler,Clifton,Accept
Orie.Schoen,Kenny,Accept
Lurline.Mann,Deshaun,Request
Misael.Roberts,Dewitt.Cassin,Request
Madilyn_Kovacek,Tania_Konopelski,Reject
Chelsey.Kiehn,Sheila_Powlowski,Reject
Mikayla_Mann,Ludie_Kovacek,Reject
Major_Will,Percival,Reject
Soledad.Mante,Pat_Wiegand,Accept
Isabelle.Rice,Abe,Request
Claudine_Lockman,Durward_Dibbert,Request
Lenore_Metz,Santina,Reject
Russell_Eichmann,Hayley_Monahan,Reject
Alba.Prohaska,Cordia,Request
Queen.Romaguera,Judge.Kertzmann,Accept
Giuseppe_Jones,Giovanna,Request
Priscilla.Weimann,Grady,Reject
Elise_Kub,Favian,Reject
Dan_Eichmann,Treva,Request
Shayna.Kutch,Caden,Accept
Mitchel.Waelchi,Laurence,Request
Josefa_Abshire,Newton_Connelly,Request
Jennings.Hermiston,Golda_Schiller,Reject
Emelia_Turner,Alexane,Request
Ron.Lakin,Furman,Accept
Weldon_Mosciski,Jerel_Zieme,Request
Palma.Roob,Talon,Request
Estelle.Langworth,Elmer_Kuhic,Accept
Gerhard.Fadel,Jeffery,Accept
Coleman_Orn,Amya.Wehner,Accept
Fernando.Rippin,Solon_Gottlieb,Accept
Talon.Spencer,Crystel_Schmeler,Request
Enos_Baumbach,Martin,Reject
Zane_Runolfsdottir,Wilfred_Tremblay,Request
Beaulah.Kutch,Khalil,Reject
Cassidy_Smith,Kane_Cummings,Request
Annetta.Lindgren,Brock_Marvin,Request
Deonte.Bogisich,Mohamed.Ryan,Request
Ramona.Bernhard,Gino,Request
Wyman_Marquardt,Alverta,Accept
Richmond.Pfeffer,Imani_Gleason,Reject
Antonietta_Aufderhar,Mireya,Reject
Greg.Von,Felton_Torp,Accept
Rod.Gleichner,Athena,Accept
Chesley.Bode,Delphine.Jacobson,Request
Olaf.Torphy,Madelynn_Wiegand,Reject
Clare.Torphy,Araceli_Schulist,Accept
Ralph.Ritchie,Eve_Dach,Accept
Oswaldo.Wisozk,Ona_Beier,Accept
Merle_Adams,Raegan_Bergstrom,Reject
Elenor_Toy,Shanna_Auer,Request
Kimberly.Durgan,Finn.Hane,Request
Bernhard_Bruen,Joesph.Hane,Reject
Isobel_Kulas,Arne,Reject
Jay.Grady,Gene.Runolfsdottir,Accept
Amani_Shields,Hillary.Stanton,Request
Dillon_Mante,Sean,Reject
Eli.Howell,Dina_Weissnat,Request
Vincent_Welch,Chadd_Olson,Accept
Jena_Kessler,Lemuel,Request
Boris.Zulauf,Eve,Accept
April_Murphy,Tremaine_Lockman,Request
Dennis_Lindgren,Claude.Powlowski,Accept
Russell.Torp,Flossie.McLaughlin,Accept
Gerson_Ziemann,Kaia,Request
Kelly_Haley,Lennie,Reject
Darlene_Cruickshank,Missouri_Schaden,Accept
Emmanuelle_White,Tracey.Sawayn,Request
Ludie_Huel,Loyce_Bauch,Reject
Agustina_Gleason,Keanu,Reject
Rod.Rolfson,Franz,Request
Jennyfer_Jones,Flossie.Green,Reject
Kenyon.Zieme,Elsie,Reject
Name_Klein,Raphael_Kovacek,Accept
Ramiro_Luettgen,Destin_Collins,Accept
Precious_Schuster,Connie,Accept
Osborne.Dietrich,Nestor.Schuppe,Accept
Roosevelt_Stark,Salvatore,Accept
Meredith.Kemmer,Andres_Russel,Accept
Kale_Hilpert,Shanna_Mitchell,Request
Cristopher_Tromp,Alaina.Nicolas,Accept
Alfonzo.Harªann,Monroe,Accept
Rod_Reinger,Mary,Request
Lila_Bauch,Frida,Reject
Darrell_Ledner,Jeff.Harris,Request
Krystel_Connelly,Zella,Request
Maryam.Macejkovic,Lucio,Reject
Albert.Aufderhar,Marta.Adams,Accept
Belle_Hoppe,Hyman_Wintheiser,Request
Berta_Douglas,Unique.Bechtelar,Reject
Henderson_Feest,Randall.Steuber,Request
Minnie.Rempel,Jacquelyn_Rice,Request
Danika.Blanda,Kiara.Cummerata,Request
Okey.Swaniawski,Stephen,Reject
Florine_Beatty,Greg,Accept
Tremaine_Lockman,Brock.Corkery,Request
Holden.Reichel,Laurine,Request
Porter_Wuckert,Eveline,Accept
Cornelius.Lemke,Theo,Accept
Godfrey.Lemke,Adrienne,Accept
Devin_Wintheiser,Mackenzie_Ziemann,Reject
Kailyn.Goyette,Sophie.Crist,Request
Maximo.Terry,Ezra_Rolfson,Request
Judah_Mohr,Laurine.Trantow,Request
Immanuel.Swift,Chet.Bradtke,Accept
Jace.Pagac,Morton,Request
Prince_Corkery,Javonte.Marquardt,Reject
Rigoberto_Miller,Rickie,Accept
Amiya.Satterfield,Watson.Oberbrunner,Reject
Ramona_Schneider,Karlie.Jewess,Reject
Adelle,Jerod,Accept
Amari_Stamm,Deshaun.Dooley,Request
Ella.Ondricka,Cleora_Reynolds,Request
Darion_Lemke,Randi,Reject
Wallace.Ziemann,Berry_Hilpert,Request
Leora.Lubowitz,Eileen_Jakubowski,Accept
Yadira_Davis,Hanna.O'Hara,Request
Clinton.Gorczany,Kacey,Request
Nash_Brekke,Ariel,Request
Pablo_Rutherford,Dustin,Request
Dovie_Mueller,Cecilia.Lind,Accept
Brigitte.Graham,Destiney,Reject
Savanah.Batz,Brooks,Reject
Edythe,Dasia,Reject
Jasper.Weber,Trycia,Reject
Domenick.Stehr,Allan,Request
Mable_Prohaska,Vernice,Request
Marilou_Ferry,Annamarie,Request
Brooklyn_Ruecker,Ettie_Rohan,Accept
Janessa.Yost,Tabitha,Accept
Shyanne.Rohan,Chadrick.Beahan,Reject
Mellie.Crist,Carley.Aufderhar,Accept
Bailee.Gottlieb,Devan,Accept
Hazle_Reynolds,Dean_Quigley,Accept
Harmony_Rodriguez,Annabel,Accept
Elyse.DuBuque,Raquel,Accept
Jackson.Price,Hipolito,Request
Ardella_Walter,Sarai,Reject
Alessandra_Tremblay,Rozella,Accept
Vicenta.Berge,Harmon,Reject
Troy.Friesen,Effie_Schneider,Request
Everett_Mohr,Ezra.Reinger,Accept
Sonia_Brekke,Nyah.Roob,Accept
London_Metz,Jan,Accept
Ramon_Macejkovic,Dorian,Reject
Guido_Schuster,Maeve,Reject
Camron_Kutch,Ellis,Accept
Regan.Thiel,Oran,Reject
Alexandra_Koch,Dahlia_Strosin,Reject
Elenor.Ebert,Lane.Fay,Request
Whitney.Jerde,Lisandro,Accept
Emma.Bayer,Courtney,Request
Jayden.Kunze,Daniela,Accept
Misty.Glover,Jeromy,Reject
Dejuan.Bauch,Emerson_Wehner,Accept
Aileen.Quitzon,Dasia.Hand,Reject
Maryjane_Schiller,Sammie_Howell,Accept
Carley.Mitchell,Kayley,Request
Ana_Hintz,Riley_Shanahan,Reject
Isabell_Heaney,Luigi.Jaskolski,Accept
Rose_Denesik,Markus.Aufderhar,Request
Samantha_Fahey,Mina_Huel,Accept
Bonnie.Bernhard,Antonia,Accept
Edwardo.Streich,Nikita,Request
Raheem.Hintz,Johathan,Accept
Brenna_Prohaska,Maxime_Goldner,Request
Carmela.Rogahn,Jett_Walsh,Reject
Andrew_Quigley,Cassandra,Reject
Ron.Schmidt,Carter.Douglas,Request
Ken.Rempel,Adell,Reject
Priscilla.Lesch,Maida,Accept
Leone.Dach,Marisol,Request
Isom.Kessler,Billie,Reject
Serena.Boyle,Marco_Schumm,Reject
Lennie.Lubowitz,Ubaldo,Request
Maureen.Gottlieb,Hayley,Request
Rusty.Turcotte,Efrain_Fisher,Request
Adelia.Thiel,Eunice,Reject
Raegan.Raynor,Sherwood,Reject
Freeman.Schaden,Vergie.Harris,Request
Genevieve.Willms,Litzy,Reject
Lizeth.Donnelly,Alfonzo,Reject
Bridget_Moen,Lisandro_Watsica,Accept
Chadd_Hilll,Ted.Russel,Accept
Filiberto_Mayert,Maribel.Wisozk,Request
Hudson.Pacocha,June_Smitham,Reject
Cordia_Bradtke,Daryl.Carter,Request
Rico.Rutherford,Foster.Gottlieb,Accept
Rosemarie_Lynch,Ila.Ullrich,Reject
Laury_Daniel,Murray_Ankunding,Reject
Marguerite.Altenwerth,Jaylan,Reject
Tevin.Reichert,Ahmed.Schulist,Reject
Maya.Schoen,Myrtis_Ullrich,Accept
Eliseo.Schaden,Beryl_Watsica,Request
Mable_Rowe,Scottie_Davis,Reject
Antonette.Dibbert,Sydnie.Larkin,Reject
Eugene.Schumm,Theron,Accept
Kenna.Barrows,Alice_Tillman,Request
Ursula.Block,Coleman,Request
Karlie_Hintz,Icie.Greenfelder,Reject
Margarete_Schamberger,Dakota,Request
Zachary.Langosh,Evan,Reject
Thurman_Batz,Joana,Accept
Hilbert.Kirlin,Aiden.Zieme,Accept
Nya_White,Geoffrey.Hoppe,Reject
Unique_Lockman,Sebastian,Accept
Dejuan.Haley,Marilyne_Kutch,Request
Simeon_Roob,Eloy_Lueilwitz,Reject
Karl_Dooley,Nathanial,Accept
Vickie.Christiansen,Rosalinda,Request
Monroe_Becker,Mckenna.Feest,Accept
Orland.Terry,Kevin_Monahan,Request
Katheryn_Abshire,Leopold,Request
Jalyn.Kessler,Jordy.Green,Reject
Gayle.Hammes,Jeanie,Request
Liza_Bailey,Kennedy.Predovic,Accept
Theresa_Moore,Roman,Reject
Gianni_Labadie,Betty,Reject
Stanley_Romaguera,Emmet,Accept
Angela_Mertz,Angelina_Metz,Accept
Kacie_McDermott,Alison.Rogahn,Reject
Pierce_Marvin,Britney,Accept
Deshaun.Dooley,Mercedes,Accept
Alia.Veum,Jarrell,Reject
Blake.Rogahn,Philip,Reject
Josefa.Ruecker,Madison_Zboncak,Accept
Emmie_Schimmel,Vita_Langosh,Request
Agnes_Grant,Jennings_Lynch,Accept
Nakia_Hagenes,Lorine_Wilkinson,Reject
Heber.Jast,Arvilla.Waelchi,Accept
Zita.Littel,Cleta,Request
Caterina.Labadie,Rachael,Request
Brody.Predovic,Ray,Reject
Dianna_Armstrong,Shane_Emard,Accept
Emmanuel.Kreiger,Annabel_Harris,Accept
Raina.Hills,Verla,Accept
Elinor.Hills,Lempi_Torp,Reject
Juanita.Dietrich,Emely.Howell,Reject
Jason_Skiles,Trenton.Wisozk,Accept
Nola_Brown,Cordelia,Accept
Blaise_Trantow,Zella.Goyette,Request
Danielle_Paucek,Raphaelle.Yundt,Request
Abagail.Lind,Thurman,Accept
Elvis_Prohaska,Caleigh.Stehr,Accept
Marcos_Roob,Felipe,Request
Aurelie.Lesch,Russell_Hahn,Reject
Kris_Tromp,Angus,Request
Hayden_Johnston,Delaney_Williamson,Reject
Shakira_Turner,Lindsay.Fay,Reject
Lupe.Pfeffer,Taurean,Request
Hazle.Crooks,Keon,Request
Aimee.Lindgren,Raina,Reject
Kip_Rowe,Riley_Shanahan,Accept
Nathanial.Weissnat,Giles,Reject
Eloise.Kovacek,Jude,Request
Jermey_Kerluke,Art,Request
Owen.Skiles,Garth.Swaniawski,Reject
Berenice_Feeney,Leilani,Request
Leopoldo.Kemmer,Dena,Request
Trystan.Pagac,Era_Stroman,Request
Magnolia.Goldner,Maxine,Accept
Kirsten_Blanda,Marilyne,Reject
Christina_Borer,Nat,Reject
Danial_Schiller,Jennie,Reject
Dillan.Grady,Kay,Accept
Bernhard_Lehner,Hipolito.Schoen,Request
Dillan.Zemlak,Jamarcus,Accept
Peter.Friesen,Travon.Barton,Accept
Stanford.Morar,Emile,Request
Mozell_Orn,Baron.Wyman,Request
Elisha.Waters,Christy.Hyatt,Reject
Julian_Dickinson,Royal,Accept
Sage_Zulauf,Brian,Accept
Jammie.Braun,Delta,Reject
Abbie.Cremin,Laury.Schiller,Reject
Einar_Little,Raven,Accept
Lola.Roberts,Lionel,Reject
Jarrett.Hodkiewicz,Jeramie,Reject
Garry_Trantow,Dock,Request
Angel.Hoppe,Payton,Request
Dusty.Walker,Teagan.McCullough,Request
Johan.Skiles,Adelia_Howell,Accept
Modesto_Sawayn,Bella_Schuster,Request
Kyra.Rowe,Brianne_Jacobson,Accept
Alf_Wolf,Allene_Okuneva,Request
Damion_Marvin,Andreanne.Kunze,Request
Myron.Little,Abbie_Ratke,Accept
Abigayle.Krajcik,Marlee.Koch,Reject
Wava.Kerluke,Brooke_Casper,Request
Lenora.Fisher,Josianne,Request
Augustus_Jaskolski,Narciso_Gusikowski,Reject
Katherine.Hodkiewicz,Jammie.Braun,Request
Marlene_Hoppe,Catherine,Request
Tomasa_Goodwin,Nathen,Reject
Elian.Collier,Cecilia,Accept
Hanna.O'Hara,Lucius,Reject
Isobel.Wisozk,Linwood,Reject
Saige_Armstrong,Gwendolyn,Accept
Khalid.Jewess,Joy,Request
Arnulfo_Sipes,Wilbert.Fisher,Request
Janelle.Kuphal,Lucio,Request
Rashawn_Streich,Magali,Accept
Glen_Conn,Janiya,Reject
Carmel.Denesik,Dameon.Lockman,Request
Janice_Medhurst,Jamir_Maggio,Request
Taya_Harber,Lowell_Bosco,Request
Jaylin.Borer,Spencer_Bahringer,Accept
Burley_Gaylord,Clifford,Reject
Lennie_Kilback,Millie_Watsica,Reject
Susie_Robel,Jasmin.Kiehn,Request
Dock_McDermott,Ferne,Reject
Roma.Fadel,Harold.Morar,Request
Ashleigh_Hilll,Frederic_Wehner,Reject
Ivy_Tillman,Sonny_Ondricka,Accept
Lenore_Luettgen,Rigoberto,Accept
Dahlia.Von,Amie,Request
Keegan_Gleason,Jedediah_Mraz,Accept
Palma_Rodriguez,Maegan,Reject
Margarette.Schowalter,Kameron,Reject
Bryon.Heaney,Name.Mueller,Reject
Paolo_Beatty,Jed.Berge,Accept
Otha.Schneider,Eduardo.Rolfson,Request
Leola.Hayes,Kristofer_Schmidt,Request
Zechariah.Jakubowski,Sandy_Abshire,Request
Daniella.Kuvalis,Rodger,Request
Luciano.Smitham,Eunice_Schroeder,Reject
Weston_Goyette,Frieda,Reject
Shany_Klein,Godfrey.Kuhn,Accept
Roy.Fisher,Shanie.Langosh,Accept
Brain.Stracke,Caesar.Medhurst,Accept
Unique.Kilback,Hoyt,Request
Alda.O'Hara,Stefanie,Accept
Cecilia.Block,Kristoffer.Prosacco,Accept
Alejandrin.Streich,Jett,Accept
Dolores_Kshlerin,Nya,Reject
Carolyn_Reichel,Elinor,Accept
Gerardo.Feil,Marjory_Fahey,Reject
Kasandra.Bailey,Reilly.Nicolas,Accept
Eunice.Torp,Ashlee,Reject
Nettie.Cormier,Daren,Reject
Evangeline.Simonis,Janet,Reject
Ewald_Johns,Darrick,Reject
Dorothea.Schaden,Judson,Reject
Myrtis.Erdman,Mary_Klein,Reject
Emmanuel_Cummerata,Abner,Request
Tyler_Beatty,Cara_Price,Request
Royce_Sawayn,Maxime.Dickinson,Reject
Vena_Padberg,Gabrielle.Fay,Reject
Lauretta.Reinger,Brycen.Walker,Accept
Harmon.Stark,Herminia,Request
Korbin_Breitenberg,Jasmin.Cormier,Request
Rocky_Leannon,Martin,Request
Nedra_Batz,Sammy_Kautzer,Accept
Malachi.Hahn,Eliezer,Accept
Matteo_Stracke,Estel_Casper,Reject
Ethyl_Abernathy,Hal.Wunsch,Accept
Lemuel_Hand,Marcia,Accept
Yvette.Fisher,Leonora,Reject
Rickey_Kuhn,Daisha,Accept
Ryann.Emmerich,Janice_Wisoky,Reject
Gustave_Hermann,Dovie,Accept
Imelda.Kling,Samantha.O'Reilly,Accept
Tania_Kub,Edna,Accept
Vladimir.Goyette,Javon,Accept
Adella.Stehr,Alexanne.Yundt,Request
Alanna_Purdy,Thea,Request
Margret.Watsica,Mallie_Fahey,Accept
Jamarcus.Kulas,Alexanne_Flatley,Reject
Shane.Hyatt,Milo,Request
Elyssa.Bernier,Stefanie,Accept
Juliana.Cummerata,Elna,Accept
Fredrick.Pfeffer,Katrina,Accept
Kobe.Russel,Chaya,Request
Hildegard.Hansen,Eula,Accept
Beau_McClure,Mya_Mante,Request
Chester_Walker,Lane,Request
Ceasar_Quigley,Alvena,Accept
Wiley_Schroeder,Maybelle,Request
Jewell_Guªann,Aglae_Streich,Reject
Felipe_Sporer,Guy.Schultz,Accept
Henriette.McKenzie,Ellsworth_Nader,Reject
Elva_Turner,Willow.Watsica,Reject
Agustin_Considine,Karine_Wolff,Request
Maverick.Beatty,Ken,Accept
Aurelie.Hermann,Joanne,Accept
Asa_Schumm,Janis,Reject
Catherine.Langosh,Will,Request
Giles_Herzog,Itzel,Request
Cole_Torp,Alec_Effertz,Reject
Deondre.Hoppe,Alden,Accept
Jaqueline.Mitchell,Curt,Request
Tate.Gleason,Nicola.McKenzie,Reject
Francesco.Konopelski,Clair,Accept
Missouri_Schaefer,Tom.Orn,Accept
Freeman.Kuhic,Cloyd.Heller,Reject
Domenico_Rutherford,Kailyn,Accept
Malika_Glover,Bud_Wolff,Request
Wilhelmine.Bruen,Rex,Request
Justice_Weber,Elna,Reject
Jules_Adams,Patience.Sauer,Reject
Dennis.Botsford,Chanelle.McCullough,Reject
Nicolette_Wisozk,Camryn_Emmerich,Reject
Kurtis.Mante,Zora,Reject
Keshawn.Koelpin,Suzanne_Nienow,Request
Yazmin_Wiza,Lyla,Request
Abe_Bauch,Elian,Request
Ryann.Trantow,Johann,Accept
Tevin_Wisozk,Monica_Muller,Accept
Kelton_Renner,Alicia,Reject
Josephine_Nolan,Crystal.Torphy,Accept
Kiley.Brakus,Sam_Eichmann,Accept
Lowell_Cartwright,Emile,Request
Annabell_Kunde,Florian_Keebler,Reject
Bette.Friesen,Retha,Reject
Lindsay_Blanda,Althea_O'Hara,Accept
Ellsworth_Nader,Ollie.Witting,Request
Lela.Schumm,Theron.Mitchell,Reject
Garnett_Marks,Guillermo,Request
Rex.Heaney,Kiana_Pfeffer,Accept
Vito.Jenkins,Kaylah_Lindgren,Accept
Shayne_Dietrich,Monte,Request
Curt_Koss,Ozella,Request
Dawn.Collier,Belle,Reject
Alexanne.McKenzie,Corine,Request
Ocie_Berge,Nettie.Daniel,Reject
Abdullah_Shields,Porter.Sipes,Accept
Kylee_Murphy,Sallie.Cormier,Reject
Adella_Hintz,Domenica,Reject
Calista.Rath,Emelie,Request
Porter.Brekke,Rollin_Zboncak,Request
Austyn_Jakubowski,Hector,Reject
Ali.Price,Blaze_Kemmer,Request
Maymie_Konopelski,Finn,Reject
Erick.Huel,Lorena,Request
Andreane.Wisoky,Rubie,Request
Madalyn_Lind,Holly,Request
Forest.Crona,Green,Accept
Edna_Champlin,Elizabeth_Upton,Accept
Queen_Gerhold,Rosamond.Krajcik,Reject
Rita_Hand,Zackery,Reject
Terrance.Lakin,Brendan_Russel,Reject
Constantin_Carter,Erica.Wunsch,Accept
Brandyn_Mayert,Newell_Connelly,Reject
Tiara_Mitchell,Austyn,Request
Zaria_Fahey,Muriel,Accept
Kacie_Hoeger,Haleigh,Request
Allan.Haag,Cale.Lubowitz,Reject
Flossie.McLaughlin,Osbaldo,Reject
Virginia_Hansen,Eduardo,Accept
Sylvan.Doyle,Edwina_Kuhn,Reject
Percy_Abshire,Verner,Reject
Anya_Effertz,Destany,Reject
Anita_Mante,Maxime_Zemlak,Accept
Annette_Connelly,Ellis,Reject
Eileen.Mann,Kareem,Reject
Rodolfo.Witting,Janet,Accept
Brielle.Johnston,Damion_Barrows,Request
Rowena.Homenick,Kellen,Reject
Meghan_Bergstrom,Lonzo,Reject
Alysson_Bogisich,Frank,Accept
Burdette_Champlin,Fay.Homenick,Accept
Linnea.Swift,Vladimir.Ziemann,Request
Megane_Waelchi,Assunta_Lebsack,Accept
Emmett_Little,Roberto,Reject
Kylee_Hermann,Savanna,Accept
Emmalee.Walker,Emil,Accept
Rahsaan_Ledner,Caterina,Reject
Lucius.Kutch,Madelynn.Hauck,Reject
Ernie_Graham,Herminio_Rempel,Accept
Myra_Ratke,Emery,Reject
Janet.Christiansen,Kayli,Reject
Ima_Stamm,Ramona_Ledner,Reject
Alfreda.Shanahan,Kim_Botsford,Request
Declan.Stiedemann,Lazaro,Reject
Ardith_Leuschke,Sage.Collier,Reject
Vance_Tremblay,Abbey,Reject
Natalia_Toy,Emmy,Request
Arvid.Batz,Katarina_GuÂªann,Request
Carlee_Roberts,Everette,Accept
Warren_Sanford,Nathanael,Reject
Jonas_Smith,Kane.O'Conner,Accept
Jada_Pacocha,Estella_Hirthe,Accept
Violette.Kuhic,Lavern,Accept
Selmer_Rice,Marty.Bradtke,Reject
Santos_Watsica,Wanda.Lemke,Reject
Alanis_DuBuque,Kevon,Request
Oswald.Ledner,Christina_D'Amore,Request
Rhea_Schamberger,Keith,Request
Sophia.Shanahan,Salvatore,Reject
Maida_Stracke,Eloisa,Accept
Trenton.Torphy,Brannon_Kautzer,Reject
Florence_Swaniawski,Lyda_Walsh,Request
Sasha.Muller,Ora_Hettinger,Accept
Kellen_Koch,Myra,Accept
Josue_Walker,Mariam,Accept
Zaria_Gleason,Billie.Rice,Accept
Zackery.Aufderhar,Mayra_Williamson,Request
Erich.Beatty,Emelia.Mitchell,Request
Candida_Fadel,Concepcion.White,Accept
Peyton_Ritchie,Heidi,Reject
Caleigh_McDermott,Percy.Klein,Accept
Ron_Farrell,Wilfrid_Romaguera,Reject
Jaclyn_Macejkovic,Tommie,Request
Dameon_Koch,Fay.Smitham,Reject
Vernon.Blanda,Wendell.Medhurst,Reject
Emery_Haag,Caitlyn.Bashirian,Reject
Orland_Crooks,Cesar.Hansen,Accept
Amanda.McGlynn,Eugenia,Reject
Willy_Raynor,Fae,Reject
Malinda.Halvorson,Willy,Accept
Velva.Kozey,Mavis,Accept
Columbus_Olson,Loma,Accept
Al.Sauer,Mohammed_Toy,Reject
Rose_Reynolds,Madge.Hansen,Reject
Javon.Mitchell,Kevon,Accept
Roosevelt.Towne,Coby_Weimann,Accept
Pink.Koelpin,Hal,Reject
Rosie.Spencer,Jodie_Rosenbaum,Accept
Houston_Pagac,Shania,Request
Donnell_Schowalter,Franz,Accept
Claudie.Medhurst,Julianne,Request
Viva.Beier,Morgan,Reject
Cleveland_Price,Amari_Wiegand,Accept
Asia.Schaefer,Erwin,Request
Devyn.Crona,Anibal_Konopelski,Reject
Rodrigo_Moore,Roma,Reject
Retta_Ritchie,Trever_Tillman,Reject
Tyreek.Zulauf,Marisol,Request
Delilah.Stokes,Abigail_Jacobson,Accept
Kolby_Tillman,Lilla_Hayes,Request
Jailyn_McGlynn,Abe,Request
Pedro.Rogahn,Corbin.Prohaska,Request
Albina_Rippin,Eloise_Harvey,Request
Claudia.West,Mara.Franecki,Request
Olaf_Thompson,Kenny_Kirlin,Request
Daron.Wyman,Gardner_Spinka,Request
Raina_Dach,Holden,Accept
Ellen_Jaskolski,Alberto,Reject
Alexys.Rath,Kenny,Reject
Kara.Kassulke,Elta,Request
Jamel.Eichmann,Meghan_Mraz,Request
Alejandrin.Nienow,Janelle,Request
Stephany_Ryan,Tyra.Donnelly,Accept
Nelda_Herman,Dallas,Reject
Chanel_Kunze,Adaline,Request
Kayli.Cormier,Earl_Connelly,Accept
Albert_Dibbert,Aliza_Mitchell,Accept
Clay_O'Reilly,Katheryn_Medhurst,Accept
Delilah_Lynch,Vivien_Greenholt,Reject
Pearl_Yost,Triston.Pacocha,Accept
Darryl.Hoppe,Kiley,Reject
Sterling.Metz,Franz_Prosacco,Accept
Ivy_Schaden,Aida,Request
Jacques.Mills,Eliseo,Request
Xavier_Ledner,Alba,Accept
Mazie.Schneider,Rogers,Request
Daisy_Schuster,Ashly,Request
Jacques.Boehm,Gayle.Rau,Request
Madaline_Krajcik,Minerva.Kautzer,Accept
Trudie_Rolfson,Nicholas,Reject
Johnathan.Schaefer,Lupe_Williamson,Accept
Judah.Ratke,Narciso_Gusikowski,Accept
Dolly,Koby,Reject
Cyril_Koss,Phoebe_Koch,Accept
Laurel.Nienow,Dax_Kunde,Request
Serena.Ward,Shanel.Brakus,Accept
Miles_Collier,Brown,Request
Ezekiel.Kassulke,Bernhard_Lehner,Reject
Bessie_Prosacco,Alfonzo.HarÂªann,Reject
Lelah,Jared,Accept
Jorge,Dedric,Reject
Dudley.Cummerata,Amaya_Bernhard,Reject
Kaylah.Leuschke,Caroline,Reject
Presley_Blanda,Humberto.Kiehn,Accept
Cleo.Bahringer,Annamarie,Request
Kallie_Johns,Margarita,Accept
Connie,Elisabeth_Abshire,Accept
Natalie,Ubaldo,Request
Toney.Vandervort,Maiya.Pfeffer,Request
Lisette_Hand,Shemar.Kautzer,Request
Gerard,Randal,Reject
Ollie_Gaylord,Kiera_Ziemann,Accept
Mona_Jerde,Vickie.Cassin,Request
Brandyn,Maggie_Hilll,Reject
Eliseo_Wehner,Tobin.Streich,Reject
Brayan_Larkin,Marques_Monahan,Request
Vaughn,Dakota,Accept
Alexandra.O'Keefe,Hadley,Reject
Leola.Hayes,Dell,Reject
Archibald,Shayna,Accept
Dario_Breitenberg,Sandra,Accept
Carmel_Littel,Destiny.Walter,Request
Jammie,River.Brekke,Reject
Lavada_Bayer,Clifton,Accept
Carolina.Friesen,Everette,Request
Erling.Reichert,Lucinda.Stiedemann,Request
Arianna.Sanford,Betty_Waelchi,Reject
Krista_Kerluke,Jefferey_Murazik,Reject
Kasandra,Dayton,Request
Eloisa.Marks,Nya,Reject
Payton.Wisozk,Fletcher,Request
Niko_Cronin,Reginald_Hilll,Request
Filomena_Tromp,Bud,Request
Tyrique,Dan_McKenzie,Request
Terrance.Lakin,Alaina,Request
Zane.Ernser,Toney.Bogisich,Accept
Adolphus,Myles,Request
Carmel,Domenic,Request
Florencio.Goodwin,Alexzander,Request
Breanna_Kuhic,Caitlyn,Reject
Luigi,Kylie,Reject
Jett.Kling,Maryam,Accept
Toney.Heidenreich,Johnny,Accept
Gillian.Macejkovic,Lexi,Accept
Bethany,Guillermo,Request
Jayden.Crooks,Ted,Reject
Mertie,Alberto,Reject
Marshall.Schowalter,Owen,Accept
Heather.Mitchell,Zora,Reject
Elise.Schmidt,Pauline,Accept
Milton,Ryann,Request
Stanley_Johnson,Joey,Reject
Dudley,Jesse,Accept
Sarah,Mariana.Miller,Accept
Ella_Schoen,Lamont.Johns,Accept
America_Predovic,Dakota,Accept
Joseph,Eulalia,Accept
Bridie,Weston.Shields,Reject
Khalil,Kacie.Kozey,Request
Adan_Rice,Nayeli_Lubowitz,Reject
Jalon,Mireya,Reject
Aisha.Nitzsche,Stephany_Bednar,Request
Sydni,Bette_Thiel,Request
Barrett,Deven_Jacobson,Request
Ronaldo,Chanel,Reject
Kailey,Laurie,Accept
Florida,Fabiola.Wilkinson,Reject
Elisa,Norberto.Schowalter,Reject
Seth,Trycia,Request
Santos.Bruen,Gerda,Reject
Morgan.Zboncak,Grace,Accept
Simone,Lawrence_Rau,Accept
Sidney,Kyleigh_Grimes,Request
Mario,Ofelia,Reject
Imelda_Barrows,Emily,Accept
Ezekiel,Carey.Zieme,Accept
Beulah_Koepp,Merlin,Reject
Raheem,Myles,Accept
Ophelia,Roberto_Kautzer,Accept
Roma.HarÂªann,Rachelle.Ziemann,Reject
Armando,Maia_Baumbach,Reject
Rory_Luettgen,Kavon.Breitenberg,Request
Zelda_Connelly,Clemmie,Request
Clare,Erick,Request
Freddie,Veronica.Schneider,Reject
Kassandra_Thompson,Eulalia,Reject
Sabina_Brakus,Taryn,Accept
Kadin,Modesta.Von,Accept
Jordy,Julio_Kunde,Reject
Lessie,Burdette.Leuschke,Reject
Casey,Jany,Accept
Lisette_Rohan,Jamil_Flatley,Accept
Martine,Ethelyn_Gulgowski,Reject
Zelda,Shaina.Kovacek,Reject
Mollie.Watsica,Donna,Request
Yolanda,Cora_Tillman,Reject
Freda,Thomas,Reject
Reynold_Schulist,Annamae,Request
Jesus.Goodwin,Brooklyn_Schinner,Reject
Lesly_Reilly,Monique.Schamberger,Request
Gracie,Humberto_Sanford,Reject
Garrison.Koelpin,Alana_Kuvalis,Request
Kristian,Pietro,Request
Tamara.Gaylord,Stuart_Bruen,Accept
Maribel_Medhurst,Emery,Request
Shaun.Denesik,Brennan_Beier,Reject
Hallie,Lincoln,Request
Abbie.Murray,Palma_Bradtke,Accept
Domenick,Joany,Accept
Randall.Kshlerin,Jaron.Muller,Accept
Emelia,Leopold,Reject
Ken_Hills,Shanie.Sporer,Reject
Vanessa_Cruickshank,Brianne.Bradtke,Request
Lacy.Gottlieb,Lue,Accept
Kristofer_Parisian,Jules,Accept
Bryana.Wilkinson,Julie_O'Conner,Accept
Cornell.McDermott,Neva_Carter,Request
Madelynn.Moore,Tatum,Accept
Zetta,Ceasar.Schuster,Request
Percy,Kyleigh.Beier,Request
Luciano_Frami,Tessie,Accept
Garfield_Collins,Lyla,Accept
Laurie.Smitham,Katlyn_Abshire,Request
Myrtice,Magali.Reilly,Accept
Faye,Sonny,Accept
Elijah,Nikko_Dooley,Request
Lavinia.Simonis,Micaela,Accept
Halle_Howe,Salvatore_Langosh,Request
Sean,Shakira,Reject
Dylan_Mayert,Duncan_Turner,Accept
Dixie,Judson_Schulist,Reject
Ubaldo,Antwon,Reject
Mabel,Cathrine.Adams,Reject
Rickie,Lon,Request
Dedric,Kendrick.Von,Request
Toney,Vince_Homenick,Accept
Blair_Bode,Ernesto,Accept
Ambrose,Samara.Schroeder,Accept
Anissa_Harvey,Hayden_Johnston,Accept
Alejandrin.D'Amore,Kaylee.Schuster,Reject
Jamison,Jackeline_Harris,Request
Roosevelt_Gislason,Tracey.Macejkovic,Request
Dedrick.Beatty,Randall.Kshlerin,Request
Karianne,Morgan_Moen,Reject
Clara,Patricia_Barton,Accept
Jordane_Boehm,Edgar.Kuphal,Request
Anna,Harmony,Reject
Anthony,Janie,Request
Maryam,Hadley,Reject
Bernardo,Brad,Reject
Reilly.Anderson,Rosalind,Accept
Emily,Noe.Fisher,Request
Steve.Purdy,Lysanne,Accept
Ricardo,Malinda_Koss,Accept
Ulises_Windler,Israel,Request
Constantin,Orland,Request
Jeromy,Guido.Boyer,Accept
Ines,Sanford.Macejkovic,Request
Catherine,Alan.Pollich,Accept
Audreanne.Ankunding,Johann.Cremin,Accept
Maurice.Hettinger,Esperanza,Request
Audreanne,Molly,Accept
Osborne_Murray,Aliza,Reject
Esta.Gibson,Reece_Brakus,Request
Rylee,Renee_Renner,Request
Lily,Seth,Request
Betsy.Ortiz,Kaylee,Request
Cielo.Donnelly,Cullen.Block,Accept
Russell_Eichmann,Hassie,Reject
Meta,Eli,Accept
Aurore,Alexa,Request
Germaine_Harris,Crystel.Runte,Request
Hudson,Laurie,Request
Ruth.Greenfelder,Justina.Torphy,Request
Franco,Amely.Hyatt,Request
Rex,Dianna_Armstrong,Reject
Tyrese,Frieda,Reject
Cynthia,Gerard,Reject
Kacie,Kieran.Harvey,Accept
Tatyana.Wunsch,Nedra.Eichmann,Request
Jaden.Hickle,Raven,Accept
Bette,Krista.Runte,Request
Vaughn,Walker_Funk,Accept
Rudolph,Keanu,Request
Elnora,Katrina,Reject
Rylee,Daron,Accept
Yasmeen,Kaela.Schuppe,Reject
Kattie,Cheyanne,Reject
Vicenta,Victoria_Paucek,Request
Kyra,Ole,Request
Prudence_Nicolas,Muriel.Hegmann,Reject
Candace,Jedidiah,Reject
Jaunita.Kovacek,Jasper.Bednar,Reject
Johathan.Collier,Rocky,Reject
Samson_Heidenreich,Maia,Reject
Emil,Micheal.Keeling,Reject
Brown,Darrel.Bartell,Accept
Helena.Koss,Kim,Reject
Toby_Lynch,Sabina,Reject
Clare.Waelchi,Camryn,Request
Rene_Gutkowski,Katelyn,Request
Matteo,Mortimer_Wolff,Accept
Oswald,Ellie,Request
Mylene,Cassie.Schoen,Request
Jamal.Conroy,Tyrese,Reject
Carey.Zieme,Nicholaus_Ullrich,Reject
Cory.Murphy,Nick,Accept
August,Enid,Reject
Archibald.Cole,Nikki,Reject
Theresa,Hayley.Farrell,Request
Sidney_Kessler,Cleta,Reject
Jermain.McKenzie,Benjamin.Mills,Reject
Okey.Predovic,Gus,Request
Dillan.Champlin,Demarco_Kerluke,Accept
Selmer.McGlynn,Erin.Orn,Accept
Kendra,Shemar.Funk,Accept
Shayna.Hegmann,Vicente,Request
Ulices.Bode,Reed_Cruickshank,Reject
Berenice.Parker,Mike,Request
Mertie,Edwina.Goodwin,Accept
Mina_Kirlin,Zelma.Kemmer,Request
Miracle,Leopold,Reject
Soledad,Iliana_Ruecker,Reject
Davonte,Rollin,Accept
Dave.Ryan,Dexter.Kuphal,Accept
Rene_Gutkowski,Odell_Nolan,Request
Amira.Nikolaus,Lisa,Request
Ward_Bergstrom,Esmeralda_Bednar,Request
Talon_Nienow,Shaniya_Shields,Reject
Arvel_Schimmel,Tia,Request
Adrienne,Tess.Walter,Accept
Deondre_Kemmer,Roel.Runolfsdottir,Accept
Bertrand.Hauck,Ericka,Accept
Maryjane_Brakus,Clemmie,Accept
Dedric_Harris,Makayla.Sanford,Request
Flavio,Cortez.Hilll,Reject
Rozella,Erwin.Wilderman,Reject
Florine_Beatty,Adrianna,Reject
Bessie_Prosacco,Ophelia,Request
Lelah,Sydni,Accept
Jorge,Javonte_Feeney,Request
Dudley.Cummerata,Myles,Accept
Kaylah.Leuschke,Rico_Lindgren,Accept
Presley_Blanda,Clifton.Robel,Request
Cleo.Bahringer,Arjun,Accept
Kallie_Johns,Dylan,Reject
Connie,Phyllis,Accept
Natalie,Rosie,Accept
Toney.Vandervort,Kaylie,Request
Lisette_Hand,Martine,Reject
Gerard,Gianni_Labadie,Reject
Ollie_Gaylord,Matilda_Labadie,Request
Mona_Jerde,Mauricio,Request
Brandyn,Stacey,Reject
Eliseo_Wehner,Loyce_Purdy,Request
Brayan_Larkin,Geovany_Leuschke,Request
Vaughn,Hallie.Schaden,Accept
Alexandra.O'Keefe,Arturo,Request
Leola.Hayes,Annie,Accept
Archibald,Tyrell,Accept
Dario_Breitenberg,Torey.Weissnat,Accept
Carmel_Littel,Louie.Miller,Reject
Jammie,Verda,Accept
Lavada_Bayer,Milford,Accept
Carolina.Friesen,Kiera_GuÂªann,Request
Erling.Reichert,Annabel_Schimmel,Reject
Arianna.Sanford,Opal,Reject
Krista_Kerluke,Guy.Kris,Request
Kasandra,Kristofer,Reject
Eloisa.Marks,Blaze,Reject
Payton.Wisozk,Hal.Deckow,Accept
Niko_Cronin,Johnpaul_Yost,Request
Filomena_Tromp,Deontae.Weber,Accept
Tyrique,Holden,Request
Terrance.Lakin,Calista,Reject
Zane.Ernser,Juanita_Tillman,Accept
Adolphus,Maegan_Purdy,Accept
Carmel,Adrienne,Reject
Florencio.Goodwin,Raphael_Aufderhar,Request
Breanna_Kuhic,Payton,Request
Luigi,Keanu,Request
Jett.Kling,Vita.Beer,Accept
Toney.Heidenreich,Ressie.Schaden,Accept
Gillian.Macejkovic,Carolyn.Hilpert,Request
Bethany,Meaghan,Reject
Jayden.Crooks,Aron,Reject
Mertie,Desiree.Farrell,Reject
Marshall.Schowalter,Conor.Kihn,Request
Heather.Mitchell,Elvis,Accept
Elise.Schmidt,Kristofer,Request
Milton,Lemuel.Schowalter,Reject
Stanley_Johnson,Savanna_Boyle,Accept
Dudley,Rosendo.Graham,Reject
Sarah,Cyrus.Reilly,Request
Ella_Schoen,Iliana_Ruecker,Accept
America_Predovic,Myrl.Armstrong,Reject
Joseph,Richard.Auer,Accept
Bridie,Kelley.Lakin,Request
Khalil,Carlee_Farrell,Reject
Adan_Rice,Virgie_Heller,Reject
Jalon,Ryleigh,Accept
Aisha.Nitzsche,Carley,Request
Sydni,Keira.Jenkins,Reject
Barrett,Rickey_Lehner,Accept
Ronaldo,Amaya_O'Keefe,Accept
Kailey,Mac,Request
Florida,Liza,Accept
Elisa,Newton.Hettinger,Reject
Seth,Addie,Reject
Santos.Bruen,Sophia,Request
Morgan.Zboncak,Dasia,Request
Simone,Marc,Reject
Sidney,Deonte,Accept
Mario,Kyler.Rodriguez,Request
Imelda_Barrows,Letha,Reject
Ezekiel,Alphonso,Accept
Beulah_Koepp,Lloyd.Schmidt,Reject
Raheem,Estella,Accept
Ophelia,Elroy,Request
Roma.HarÂªann,Marco.Bernier,Reject
Armando,Nona,Reject
Rory_Luettgen,Columbus,Reject
Zelda_Connelly,Foster_Kovacek,Reject
Clare,Yazmin_Waelchi,Request
Freddie,Kendra,Accept
Kassandra_Thompson,Soledad.Mante,Reject
Sabina_Brakus,Mariah,Accept
Kadin,Cortez_Wuckert,Request
Jordy,Maynard_Koch,Reject
Lessie,Jerod_Emard,Request
Casey,Billie,Reject
Lisette_Rohan,Madie,Reject
Martine,Golden,Request
Zelda,Hayley_Hills,Reject
Mollie.Watsica,Jody,Accept
Yolanda,Dixie,Request
Freda,Alex,Request
Reynold_Schulist,Norris.Veum,Request
Jesus.Goodwin,Norene,Reject
Lesly_Reilly,Russell_Franecki,Reject
Gracie,Corbin,Accept
Garrison.Koelpin,Domenic,Accept
Kristian,Rickey,Reject
Tamara.Gaylord,Marilyne.Roob,Accept
Maribel_Medhurst,Adrain,Accept
Shaun.Denesik,Meghan_Mraz,Accept
Hallie,Karl,Request
Abbie.Murray,Elza_Blick,Request
Domenick,Adriana,Reject
Randall.Kshlerin,Peggie.Jacobi,Request
Emelia,Novella,Request
Ken_Hills,Daniela_Gerlach,Request
Vanessa_Cruickshank,Chester_Weber,Reject
Lacy.Gottlieb,Steve.Rohan,Accept
Kristofer_Parisian,Elyse,Accept
Bryana.Wilkinson,Christa.Miller,Request
Cornell.McDermott,Josefina_Kunze,Request
Madelynn.Moore,Mellie_Wolf,Accept
Zetta,Lexie.Schmitt,Accept
Percy,Cydney,Reject
Luciano_Frami,Howard.Kiehn,Accept
Garfield_Collins,Dandre,Accept
Laurie.Smitham,Jairo,Reject
Myrtice,Jayden.Wuckert,Accept
Faye,Oscar,Reject
Elijah,Catherine_Bailey,Reject
Lavinia.Simonis,Frances,Request
Halle_Howe,Lexi,Accept
Sean,Chelsea_Howell,Accept
Dylan_Mayert,Cali_Hoppe,Accept
Dixie,Araceli_Zulauf,Reject
Ubaldo,Jana_Bradtke,Request
Mabel,Helen,Accept
Rickie,Adelia_Bogan,Request
Dedric,Beaulah.Kutch,Accept
Toney,Arne_Hauck,Accept
Blair_Bode,Brandon,Accept
Ambrose,Adalberto.Farrell,Reject
Anissa_Harvey,Mina,Request
Alejandrin.D'Amore,Hortense.Olson,Accept
Jamison,Norbert,Reject
Roosevelt_Gislason,Isadore,Reject
Dedrick.Beatty,Berneice_Johnson,Request
Karianne,Deshawn,Accept
Clara,Imani,Accept
Jordane_Boehm,Julio_Kunde,Request
Anna,Rhianna,Accept
Anthony,Vernice_Weimann,Reject
Maryam,Zachary_Kemmer,Request
Bernardo,Monserrat,Accept
Reilly.Anderson,Cynthia,Accept
Emily,Phoebe_Kemmer,Request
Steve.Purdy,Kathlyn,Reject
Ricardo,Gianni.Prosacco,Accept
Ulises_Windler,Lelah,Reject
Constantin,Juanita,Reject
Jeromy,Lafayette_Ebert,Request
Ines,Elenor.Walker,Reject
Catherine,Rey,Request
Audreanne.Ankunding,Consuelo.Marvin,Request
Maurice.Hettinger,Georgiana,Accept
Audreanne,Kristoffer.Koelpin,Request
Osborne_Murray,Otho_O'Keefe,Request
Esta.Gibson,Bertha_Nienow,Accept
Rylee,Monserrate_Cummerata,Request
Lily,Jaylan_Bogisich,Reject
Betsy.Ortiz,Adan.Daniel,Request
Cielo.Donnelly,Cydney,Reject
Russell_Eichmann,Edmund,Accept
Meta,Jeramie,Reject
Aurore,Clarissa_Farrell,Accept
Germaine_Harris,Simone.Lehner,Accept
Hudson,Ellsworth,Reject
Ruth.Greenfelder,Burnice,Request
Franco,Elroy,Request
Rex,Jamaal_Sanford,Reject
Tyrese,Wayne,Request
Cynthia,Ayden,Request
Kacie,Karen.Boehm,Accept
Tatyana.Wunsch,Urban,Request
Jaden.Hickle,Rhiannon,Request
Bette,Graciela_Wisoky,Reject
Vaughn,Israel,Request
Rudolph,Armando,Reject
Elnora,Brenna.Witting,Reject
Rylee,Jody,Request
Yasmeen,Roscoe,Reject
Kattie,Amaya.Boyer,Accept
Vicenta,Alexane.Walsh,Accept
Kyra,Retta,Request
Prudence_Nicolas,Rodrick.Reichel,Accept
Candace,Darron,Accept
Jaunita.Kovacek,Margarett,Accept
Johathan.Collier,Mertie,Request
Samson_Heidenreich,Werner,Reject
Emil,Mohamed_Ledner,Accept
Brown,Vada,Request
Helena.Koss,Madison.Hansen,Accept
Toby_Lynch,Marie_Sipes,Request
Clare.Waelchi,Clementina,Accept
Rene_Gutkowski,Jamey,Accept
Matteo,Aric.Mayert,Accept
Oswald,Barrett,Request
Mylene,Anjali,Reject
Jamal.Conroy,Kim,Request
Carey.Zieme,Mariah,Reject
Cory.Murphy,Amos.O'Kon,Accept
August,Merlin_Moore,Accept
Archibald.Cole,Lura_Shields,Request
Theresa,August,Reject
Sidney_Kessler,Neoma.Lehner,Request
Jermain.McKenzie,Burdette,Request
Okey.Predovic,Octavia_Parisian,Accept
Dillan.Champlin,Aron,Accept
Selmer.McGlynn,Trevion,Accept
Kendra,Horacio.Crooks,Reject
Shayna.Hegmann,Benton.Sawayn,Reject
Ulices.Bode,Will_Ullrich,Request
Berenice.Parker,Martine,Accept
Mertie,Alexandro,Reject
Mina_Kirlin,Kayli.Cartwright,Request
Miracle,Mellie,Request
Soledad,Eloisa,Reject
Davonte,Edison,Request
Dave.Ryan,Alexa,Accept
Rene_Gutkowski,Roberta.Keeling,Request
Amira.Nikolaus,Frieda,Reject
Ward_Bergstrom,Myrtle,Request
Talon_Nienow,Verona.Rolfson,Request
Arvel_Schimmel,Alba,Accept
Adrienne,Lilliana,Accept
Deondre_Kemmer,Elwin,Request
Bertrand.Hauck,Zena,Accept
Maryjane_Brakus,Jovan_Roberts,Accept
Dedric_Harris,Chester.Collier,Reject
Flavio,Milo,Request
Rozella,King_Larkin,Request
Florine_Beatty,Bettie_Boyer,Accept
Bessie_Prosacco,Zakary,Request
Lelah,Roderick,Request
Jorge,Rodrick,Request
Dudley.Cummerata,Weston_Kshlerin,Reject
Kaylah.Leuschke,Emerson,Request
Presley_Blanda,Aliya,Accept
Cleo.Bahringer,Guido_Quigley,Reject
Kallie_Johns,Dina,Request
Connie,Nestor,Accept
Natalie,Cullen.Block,Request
Toney.Vandervort,Cielo_Hackett,Reject
Lisette_Hand,Cruz.Stoltenberg,Request
Gerard,Elenora,Request
Ollie_Gaylord,Jevon.Windler,Accept
Mona_Jerde,Juvenal.Schinner,Accept
Brandyn,Hayley,Request
Eliseo_Wehner,Cydney,Accept
Brayan_Larkin,Thelma,Accept
Vaughn,Joany.Hodkiewicz,Reject
Alexandra.O'Keefe,Santiago,Accept
Leola.Hayes,Laura,Request
Archibald,Davon_Schulist,Reject
Dario_Breitenberg,Kobe,Request
Carmel_Littel,Verna,Reject
Jammie,Tessie,Request
Lavada_Bayer,Rodger_Reynolds,Accept
Carolina.Friesen,Alvis_Schimmel,Reject
Erling.Reichert,Sage,Accept
Arianna.Sanford,Noble,Request
Krista_Kerluke,Aurelia.Jacobson,Accept
Kasandra,Erika,Accept
Eloisa.Marks,Helena,Accept
Payton.Wisozk,Thomas_Rosenbaum,Reject
Niko_Cronin,Enos,Accept
Filomena_Tromp,Matilde,Accept
Tyrique,Genoveva,Reject
Terrance.Lakin,Rocky,Accept
Zane.Ernser,Coby,Accept
Adolphus,Nigel_Mann,Accept
Carmel,Corene,Reject
Florencio.Goodwin,Delfina_Smitham,Accept
Breanna_Kuhic,Deshaun.Brown,Reject
Luigi,Casey_Streich,Accept
Jett.Kling,Andy_Corkery,Request
Toney.Heidenreich,Maymie.Goldner,Accept
Gillian.Macejkovic,Lafayette,Reject
Bethany,Angelita,Request
Jayden.Crooks,Weldon,Reject
Mertie,Quincy.Ortiz,Reject
Marshall.Schowalter,Newell,Reject
Heather.Mitchell,Nyah,Reject
Elise.Schmidt,Quincy,Accept
Milton,Johnny,Accept
Stanley_Johnson,Timmothy_Dickens,Reject
Dudley,Mavis.Barton,Accept
Sarah,Cydney,Accept
Ella_Schoen,Caleigh,Request
America_Predovic,Reggie,Reject
Joseph,Vincent_Monahan,Accept
Bridie,Tristian.Aufderhar,Accept
Khalil,Lukas,Request
Adan_Rice,Shea_Pouros,Accept
Jalon,Jamar_Gleason,Reject
Aisha.Nitzsche,Norma.Adams,Reject
Sydni,Wendell,Accept
Barrett,Ezequiel,Request
Ronaldo,Daisha,Reject
Kailey,Estelle.Oberbrunner,Request
Florida,Ines,Request
Elisa,Kayley_Koepp,Accept
Seth,Parker_O'Connell,Accept
Santos.Bruen,Robert,Reject
Morgan.Zboncak,Vernon,Reject
Simone,Marcia_Brakus,Request
Sidney,Valentin,Request
Mario,Gregoria,Request
Imelda_Barrows,Adelia,Accept
Ezekiel,Florida_Von,Reject
Beulah_Koepp,Harvey.Cruickshank,Request
Raheem,Elliott,Request
Ophelia,Trent.Hamill,Accept
Roma.HarÂªann,Reta_Monahan,Reject
Armando,Mitchell,Request
Rory_Luettgen,Emilie,Reject
Zelda_Connelly,Estefania.Pollich,Request
Clare,Lila.Beatty,Reject
Freddie,Brayan,Reject
Kassandra_Thompson,Tobin,Reject
Sabina_Brakus,Faustino,Request
Kadin,Xander_Kshlerin,Accept
Jordy,Keven,Accept
Lessie,Willie_Gleichner,Reject
Casey,Domingo,Reject
Lisette_Rohan,Paxton,Accept
Martine,Jerel.Cummerata,Request
Zelda,Jaydon.Hermann,Accept
Mollie.Watsica,Gabriel.Leuschke,Reject
Yolanda,Pablo_Bechtelar,Request
Freda,Ashton,Accept
Reynold_Schulist,Margaret,Request
Jesus.Goodwin,Edna.Considine,Reject
Lesly_Reilly,Easton_Osinski,Request
Gracie,Nola,Reject
Garrison.Koelpin,Nona_Balistreri,Reject
Kristian,Delmer,Reject
Tamara.Gaylord,Shannon,Reject
Maribel_Medhurst,Samara.Wilderman,Request
Shaun.Denesik,Precious,Request
Hallie,Brent_O'Keefe,Request
Abbie.Murray,Geovany_Leuschke,Reject
Domenick,Conor,Reject
Randall.Kshlerin,Keyshawn_Marvin,Reject
Emelia,Jessika,Reject
Ken_Hills,Destin,Reject
Vanessa_Cruickshank,Archibald,Accept
Lacy.Gottlieb,Shanie.Langosh,Reject
Kristofer_Parisian,Jaqueline,Request
Bryana.Wilkinson,Edgar,Request
Cornell.McDermott,Reba_HarÂªann,Reject
Madelynn.Moore,Celine,Accept
Zetta,Kelsi_Rippin,Request
Percy,Ettie,Request
Luciano_Frami,Elissa,Accept
Garfield_Collins,Irma,Accept
Laurie.Smitham,Corbin_McClure,Request
Myrtice,Lucio.Grimes,Accept
Faye,Maymie,Reject
Elijah,Destinee_Hodkiewicz,Accept
Lavinia.Simonis,Osbaldo_Gerlach,Reject
Halle_Howe,Anais.Bauch,Accept
Sean,Taryn,Accept
Dylan_Mayert,Laurence.Rath,Accept
Dixie,Verner,Request
Ubaldo,Lottie_Klocko,Request
Mabel,Nyah,Request
Rickie,Destany,Reject
Dedric,Araceli.Buckridge,Accept
Toney,Susie.Hegmann,Accept
Blair_Bode,Lorenza,Request
Ambrose,Freeman.Kuhic,Request
Anissa_Harvey,Dangelo,Accept
Alejandrin.D'Amore,Matt,Request
Jamison,Magnolia,Accept
Roosevelt_Gislason,Emiliano.Schulist,Accept
Dedrick.Beatty,Enid,Accept
Karianne,Hilbert.Kirlin,Reject
Clara,Ezequiel,Request
Jordane_Boehm,Jovanny,Request
Anna,Carmel,Accept
Anthony,Norris.Willms,Reject
Maryam,Marisol_Mueller,Request
Bernardo,Desiree.Abernathy,Accept
Reilly.Anderson,Zakary.Schuster,Accept
Emily,Krystina_Zboncak,Request
Steve.Purdy,Guido.Boyer,Request
Ricardo,Ofelia,Request
Ulises_Windler,Donnie,Reject
Constantin,Sedrick.Herman,Reject
Jeromy,Judy,Request
Ines,Mason.Kub,Request
Catherine,Edmond,Request
Audreanne.Ankunding,Palma_Von,Reject
Maurice.Hettinger,Gussie,Reject
Audreanne,Florida,Accept
Osborne_Murray,Precious,Accept
Esta.Gibson,Eryn.Stanton,Reject
Rylee,Madie_Towne,Accept
Lily,Trinity.Feest,Reject
Betsy.Ortiz,Amalia.Cartwright,Accept
Cielo.Donnelly,Etha.Schumm,Request
Russell_Eichmann,Suzanne,Accept
Meta,Corbin,Request
Aurore,Jammie,Request
Germaine_Harris,Adeline.Strosin,Reject
Hudson,Keara,Reject
Ruth.Greenfelder,Emerald,Accept
Franco,Paris.Hammes,Request
Rex,Edna.Considine,Reject
Tyrese,Fiona,Reject
Cynthia,Emma_Hilpert,Accept
Kacie,Garrison,Reject
Tatyana.Wunsch,Jackeline,Reject
Jaden.Hickle,Ericka,Accept
Bette,Ora.Mosciski,Accept
Vaughn,Rylan,Reject
Rudolph,Wallace.Ziemann,Accept
Elnora,Hillard.Schroeder,Request
Rylee,Preston,Reject
Yasmeen,Dana_Moore,Reject
Kattie,Buford_Torp,Reject
Vicenta,Estell,Reject
Kyra,Hellen,Accept
Prudence_Nicolas,Isai.Fisher,Reject
Candace,Eleazar,Accept
Jaunita.Kovacek,Joey,Request
Johathan.Collier,Dayton,Reject
Samson_Heidenreich,Paul,Request
Emil,Neha,Request
Brown,Rhiannon,Accept
Helena.Koss,Alexa,Request
Toby_Lynch,Amos.O'Kon,Request
Clare.Waelchi,Dedrick.Beatty,Reject
Rene_Gutkowski,Christa,Reject
Matteo,Paxton,Request
Oswald,Henderson_Feest,Accept
Mylene,Carole_Fritsch,Request
Jamal.Conroy,Kristofer.Reichert,Accept
Carey.Zieme,Deron,Request
Cory.Murphy,Ulises.Feeney,Accept
August,Christa.Miller,Reject
Archibald.Cole,Dayne,Reject
Theresa,Carissa.Bruen,Reject
Sidney_Kessler,Esmeralda.Schultz,Reject
Jermain.McKenzie,Elijah_Shanahan,Request
Okey.Predovic,Kaylee,Reject
Dillan.Champlin,Genesis_Heller,Accept
Selmer.McGlynn,Christy,Reject
Kendra,Adrian,Reject
Shayna.Hegmann,Ludie.Hoppe,Request
Ulices.Bode,Sally.Schuppe,Reject
Berenice.Parker,Myrtle,Request
Mertie,Garland_Hilll,Request
Mina_Kirlin,Lucious_Hamill,Request
Miracle,Christa_Shields,Accept
Soledad,Garrison,Reject
Davonte,Marjolaine,Reject
Dave.Ryan,Raegan,Reject
Rene_Gutkowski,Keyon,Accept
Amira.Nikolaus,Roel,Reject
Ward_Bergstrom,Terrance,Request
Talon_Nienow,Cali,Accept
Arvel_Schimmel,Barton_Hamill,Accept
Adrienne,Jason.Bogan,Reject
Deondre_Kemmer,Joanne,Reject
Bertrand.Hauck,Florian,Request
Maryjane_Brakus,Linnie,Accept
Dedric_Harris,Gerardo_Larkin,Accept
Flavio,Ryann_Rogahn,Reject
Rozella,Bryce.Rath,Accept
Florine_Beatty,Grant,Reject
Bessie_Prosacco,Fannie,Request
Lelah,Elliot_Kirlin,Reject
Jorge,Cecilia.Nolan,Accept
Dudley.Cummerata,Kaylie.Dickens,Reject
Kaylah.Leuschke,Madison_Schimmel,Accept
Presley_Blanda,Verner_Wiegand,Accept
Cleo.Bahringer,Kaylah,Accept
Kallie_Johns,Carmine_Greenfelder,Accept
Connie,Julian,Reject
Natalie,Glen,Accept
Toney.Vandervort,Everette,Accept
Lisette_Hand,Skye.Wunsch,Request
Gerard,Althea.Bednar,Accept
Ollie_Gaylord,Crystal,Request
Mona_Jerde,Hans,Reject
Brandyn,Delores,Reject
Eliseo_Wehner,Marty,Reject
Brayan_Larkin,Hailey_Weissnat,Reject
Vaughn,Emilie_Breitenberg,Request
Alexandra.O'Keefe,Colt.Hirthe,Reject
Leola.Hayes,Alfonzo.Feest,Request
Archibald,William,Reject
Dario_Breitenberg,Osbaldo,Request
Carmel_Littel,Camille.Cole,Accept
Jammie,Andres_Bashirian,Accept
Lavada_Bayer,Cornelius_Kautzer,Reject
Carolina.Friesen,Raheem.Cruickshank,Reject
Erling.Reichert,Percival.Kunde,Reject
Arianna.Sanford,Daphne_Leuschke,Reject
Krista_Kerluke,Ethyl.Osinski,Request
Kasandra,Alexandria,Accept
Eloisa.Marks,Oswaldo,Accept
Payton.Wisozk,Rose,Reject
Niko_Cronin,Chaim.Considine,Request
Filomena_Tromp,Geovany_Strosin,Accept
Tyrique,Calista.Aufderhar,Reject
Terrance.Lakin,Alice,Accept
Zane.Ernser,Ellis,Request
Adolphus,Janis,Accept
Carmel,Dangelo,Accept
Florencio.Goodwin,Chance,Reject
Breanna_Kuhic,Jessie,Accept
Luigi,Emmanuel_Kuvalis,Reject
Jett.Kling,Ezekiel,Reject
Toney.Heidenreich,Imogene.Effertz,Accept
Gillian.Macejkovic,Sigmund,Accept
Bethany,Wilhelmine,Request
Jayden.Crooks,Emerald_Streich,Reject
Mertie,Albert_Towne,Request
Marshall.Schowalter,Axel_Flatley,Request
Heather.Mitchell,Omer_Luettgen,Accept
Elise.Schmidt,Alf_Aufderhar,Accept
Milton,Eve.Sipes,Request
Stanley_Johnson,Jordyn.Altenwerth,Reject
Dudley,Jeremie_Corwin,Request
Sarah,Raegan,Accept
Ella_Schoen,Gillian_Heller,Request
America_Predovic,Kathryne.Wolff,Accept
Joseph,Bernard,Request
Bridie,Valentina,Accept
Khalil,Jarod_Bergnaum,Request
Adan_Rice,Donny_Ruecker,Request
Jalon,Zane.Torp,Request
Aisha.Nitzsche,Dorothy,Accept
Sydni,Iva,Accept
Barrett,Leatha,Request
Ronaldo,Ozella_Terry,Reject
Kailey,Beau_McClure,Accept
Florida,Kaylee,Reject
Elisa,Monty.White,Accept
Seth,Chloe_Streich,Accept
Santos.Bruen,Wilhelmine_Reinger,Request
Morgan.Zboncak,Augustine.Mann,Request
Simone,Gisselle,Accept
Sidney,Jany_Daugherty,Reject
Mario,Coty,Request
Imelda_Barrows,Lindsey,Accept
Ezekiel,Camryn,Reject
Beulah_Koepp,Abner_Weimann,Accept
Raheem,Carolyne,Accept
Ophelia,Golda,Request
Roma.HarÂªann,Zaria.Greenfelder,Accept
Armando,Austyn,Reject
Rory_Luettgen,Clair,Reject
Zelda_Connelly,Loren_Nader,Request
Clare,Garrett.Mayert,Accept
Freddie,August_Becker,Reject
Kassandra_Thompson,Ivory.Stark,Request
Sabina_Brakus,Sage,Request
Kadin,Jared,Reject
Jordy,Tomasa.Grady,Reject
Lessie,Agnes_Luettgen,Request
Casey,Dallas_Lueilwitz,Request
Lisette_Rohan,Vivianne,Accept
Martine,Destiny.Cartwright,Reject
Zelda,Coby.Lueilwitz,Accept
Mollie.Watsica,Keon,Request
Yolanda,Ahmad_Marvin,Reject
Freda,Lizeth_Maggio,Accept
Reynold_Schulist,Giovanny,Request
Jesus.Goodwin,Jody,Accept
Lesly_Reilly,Toy,Request
Gracie,Dante_Gutkowski,Reject
Garrison.Koelpin,Michael.Walsh,Reject
Kristian,Lauryn,Reject
Tamara.Gaylord,Tiana_Wintheiser,Accept
Maribel_Medhurst,Marco_Dietrich,Request
Shaun.Denesik,Karianne_Shields,Accept
Hallie,Brittany,Accept
Abbie.Murray,Harmony,Request
Domenick,Davon,Reject
Randall.Kshlerin,Aurelie,Reject
Emelia,Amir_Funk,Reject
Ken_Hills,Raymundo.McClure,Reject
Vanessa_Cruickshank,Nona,Request
Lacy.Gottlieb,Felix,Request
Kristofer_Parisian,Isaac,Accept
Bryana.Wilkinson,Lucy_Heathcote,Reject
Cornell.McDermott,Abelardo.Dibbert,Reject
Madelynn.Moore,Alyson,Reject
Zetta,Jannie_Wiegand,Reject
Percy,Margaret,Accept
Luciano_Frami,Cordia.Bahringer,Request
Garfield_Collins,Arvel.Bosco,Accept
Laurie.Smitham,Elna.Upton,Accept
Myrtice,Tyreek.Zulauf,Accept
Faye,Cynthia,Accept
Elijah,Elnora_Boyer,Accept
Lavinia.Simonis,Brooke,Accept
Halle_Howe,Ardith,Accept
Sean,Gussie,Accept
Dylan_Mayert,Norwood_Dicki,Accept
Dixie,Hadley,Request
Ubaldo,Marcus_Hane,Reject
Mabel,Carolyne,Reject
Rickie,Geovanny.Nader,Accept
Dedric,Lesly.Dooley,Accept
Toney,Arne_Kessler,Request
Blair_Bode,Billie,Reject
Ambrose,Albin,Request
Anissa_Harvey,Claudie_Kub,Request
Alejandrin.D'Amore,Bernadine,Reject
Jamison,Armando_Rolfson,Accept
Roosevelt_Gislason,Simone,Accept
Dedrick.Beatty,Carole,Accept
Karianne,Danielle_Paucek,Accept
Clara,Antonette,Request
Jordane_Boehm,Daniella_Osinski,Request
Anna,Ike_Jacobi,Accept
Anthony,Arvid,Reject
Maryam,Cordell,Accept
Bernardo,Jewel_Kautzer,Accept
Reilly.Anderson,Chad,Accept
Emily,Terence.Bartell,Reject
Steve.Purdy,Verdie.Schmeler,Reject
Ricardo,Karlie,Accept
Ulises_Windler,Shemar.Purdy,Accept
Constantin,Kayli,Request
Jeromy,Arden.Cassin,Request
Ines,Justyn,Accept
Catherine,Francis_Romaguera,Accept
Audreanne.Ankunding,Hilton_Ritchie,Request
Maurice.Hettinger,Myah.Rau,Accept
Audreanne,Angelo,Accept
Osborne_Murray,Benton,Accept
Esta.Gibson,August,Reject
Rylee,Moises.Botsford,Reject
Lily,Georgianna,Reject
Betsy.Ortiz,Meggie,Reject
Cielo.Donnelly,Tom,Accept
Russell_Eichmann,Lorena.Turner,Reject
Meta,Dane,Accept
Aurore,Percival,Reject
Germaine_Harris,Adella,Request
Hudson,Lynn,Request
Ruth.Greenfelder,Danny,Request
Franco,Sigmund,Request
Rex,Christa,Accept
Tyrese,Mackenzie,Request
Cynthia,Vern,Accept
Kacie,Einar.Gibson,Reject
Tatyana.Wunsch,Marisa,Request
Jaden.Hickle,Reed,Reject
Bette,Walker,Request
Vaughn,Alyce_Rosenbaum,Accept
Rudolph,Yazmin,Reject
Elnora,Lolita_Corkery,Accept
Rylee,Lou.Frami,Request
Yasmeen,Jeffry,Request
Kattie,Ernest,Reject
Vicenta,Gavin_Wuckert,Accept
Kyra,Saul_Kovacek,Reject
Prudence_Nicolas,Morris_Harris,Request
Candace,Virgie.Ankunding,Request
Jaunita.Kovacek,Randal,Accept
Johathan.Collier,Chelsea,Request
Samson_Heidenreich,Gianni.Franecki,Request
Emil,Giles_Monahan,Reject
Brown,Wade_Gottlieb,Reject
Helena.Koss,Judge.Kub,Reject
Toby_Lynch,Margaret,Request
Clare.Waelchi,Edwina.Reichel,Request
Rene_Gutkowski,Demond_Veum,Accept
Matteo,Trinity,Request
Oswald,Carlotta.Quigley,Request
Mylene,Jillian.Roberts,Accept
Jamal.Conroy,Tyra_Macejkovic,Accept
Carey.Zieme,Kristian,Accept
Cory.Murphy,Victoria,Accept
August,Unique_Zieme,Reject
Archibald.Cole,Shaniya,Accept
Theresa,Baylee.Waelchi,Accept
Sidney_Kessler,Xavier_Lynch,Request
Jermain.McKenzie,Emmanuel_Balistreri,Request
Okey.Predovic,Florian_Cole,Reject
Dillan.Champlin,Noemy_McGlynn,Accept
Selmer.McGlynn,Rose.Thiel,Reject
Kendra,Jennings_Lynch,Accept
Shayna.Hegmann,Donato,Request
Ulices.Bode,Arnoldo,Request
Berenice.Parker,Maverick.Beatty,Reject
Mertie,Antonette_Hilpert,Request
Mina_Kirlin,Lincoln,Reject
Miracle,Garrison,Accept
Soledad,Justen_Hessel,Reject
Davonte,Mariano_O'Hara,Reject
Dave.Ryan,Rory.Skiles,Reject
Rene_Gutkowski,Destini_Hirthe,Reject
Amira.Nikolaus,Rick,Request
Ward_Bergstrom,Amy,Reject
Talon_Nienow,Schuyler_Hand,Request
Arvel_Schimmel,Ruthe_Cole,Accept
Adrienne,Darius,Accept
Deondre_Kemmer,Rylan_Stamm,Reject
Bertrand.Hauck,Esmeralda,Reject
Maryjane_Brakus,Guillermo,Request
Dedric_Harris,Violette,Request
Flavio,Louie,Reject
Rozella,Deondre_Kemmer,Request
Florine_Beatty,Serena,Reject
Bessie_Prosacco,Giovani_Flatley,Accept
Lelah,Moises.Botsford,Accept
Jorge,Dovie_Mueller,Accept
Dudley.Cummerata,Joey,Accept
Kaylah.Leuschke,Delaney.Ondricka,Request
Presley_Blanda,Jayson,Request
Cleo.Bahringer,Layne,Request
Kallie_Johns,Floy.Beier,Request
Connie,Liana.Gerlach,Reject
Natalie,Annette.Fisher,Accept
Toney.Vandervort,Jarod,Request
Lisette_Hand,Amos,Request
Gerard,Destini.Kassulke,Accept
Ollie_Gaylord,Taryn,Accept
Mona_Jerde,Johnpaul_Turcotte,Accept
Brandyn,Maude,Reject
Eliseo_Wehner,Marty_Stroman,Request
Brayan_Larkin,Yasmeen_Grant,Request
Vaughn,Icie,Request
Alexandra.O'Keefe,Tess,Reject
Leola.Hayes,Ed,Request
Archibald,Einar.Jast,Request
Dario_Breitenberg,Jazmin,Reject
Carmel_Littel,Jonathan.Douglas,Request
Jammie,Reynold.Gerhold,Reject
Lavada_Bayer,Maggie_Skiles,Reject
Carolina.Friesen,Vallie.Barrows,Accept
Erling.Reichert,Micheal.Keeling,Request
Arianna.Sanford,Christina_Lemke,Reject
Krista_Kerluke,Gerald,Reject
Kasandra,Wyatt_Shanahan,Request
Eloisa.Marks,Ryley.Gaylord,Request
Payton.Wisozk,Aliyah.Jacobson,Reject
Niko_Cronin,Mekhi_O'Reilly,Reject
Filomena_Tromp,Nathen,Request
Tyrique,Rhiannon,Accept
Terrance.Lakin,Nettie,Reject
Zane.Ernser,Alta_Ortiz,Request
Adolphus,Amalia.Rutherford,Accept
Carmel,Deron_Gibson,Request
Florencio.Goodwin,Jalon,Reject
Breanna_Kuhic,Tyler,Request
Luigi,Shanie,Accept
Jett.Kling,Kayden.Bernier,Reject
Toney.Heidenreich,Danielle,Request
Gillian.Macejkovic,Edmond,Accept
Bethany,Eugene,Request
Jayden.Crooks,Otto,Request
Mertie,Onie,Reject
Marshall.Schowalter,Marshall,Request
Heather.Mitchell,Mossie_Effertz,Accept
Elise.Schmidt,Karley.Reinger,Accept
Milton,Isabelle.Johns,Request
Stanley_Johnson,Frederik,Accept
Dudley,Abigale,Accept
Sarah,Wyman,Accept
Ella_Schoen,Faustino,Reject
America_Predovic,Sterling,Accept
Joseph,Lizeth,Accept
Bridie,Gust_Heaney,Request
Khalil,Jarret.Russel,Reject
Adan_Rice,Candido_Flatley,Reject
Jalon,Garrett.Hauck,Reject
Aisha.Nitzsche,Santos,Reject
Sydni,Keven_Boyle,Reject
Barrett,Theo.Sporer,Reject
Ronaldo,Marcelo.Ankunding,Reject
Kailey,Bud.Hackett,Request
Florida,Liliane,Request
Elisa,Kyleigh.Beier,Request
Seth,Misael,Accept
Santos.Bruen,Athena.Kohler,Request
Morgan.Zboncak,Trent_Cole,Request
Simone,Camylle_Christiansen,Reject
Sidney,Linnea.Swift,Accept
Mario,Bernice,Accept
Imelda_Barrows,Woodrow,Reject
Ezekiel,Melvina.Veum,Accept
Beulah_Koepp,Kirsten,Accept
Raheem,Virgie_Mann,Accept
Ophelia,Josephine,Accept
Roma.HarÂªann,Cristina,Accept
Armando,Luther_Rosenbaum,Reject
Rory_Luettgen,Eino,Reject
Zelda_Connelly,Milford,Reject
Clare,Garrison.Koelpin,Reject
Freddie,Leonor.Auer,Accept
Kassandra_Thompson,Simone_Predovic,Accept
Sabina_Brakus,Alphonso,Reject
Kadin,Toy_Klein,Request
Jordy,Ephraim,Reject
Lessie,Mikel,Accept
Casey,Abdullah.Swaniawski,Accept
Lisette_Rohan,Marcus,Accept
Martine,King.Corkery,Request
Zelda,Dewayne_Jaskolski,Accept
Mollie.Watsica,Dasia,Request
Yolanda,Creola.Bayer,Reject
Freda,Madelynn,Accept
Reynold_Schulist,Alejandra,Accept
Jesus.Goodwin,Jillian.Roberts,Request
Lesly_Reilly,Javon.Mitchell,Reject
Gracie,Kristofer,Reject
Garrison.Koelpin,Tianna.Renner,Reject
Kristian,Antonina_Rohan,Reject
Tamara.Gaylord,Flossie,Request
Maribel_Medhurst,Robb,Reject
Shaun.Denesik,Brody.Hudson,Accept
Hallie,Pedro,Accept
Abbie.Murray,Saige,Reject
Domenick,Jorge,Request
Randall.Kshlerin,Teresa,Reject
Emelia,Hilma,Accept
Ken_Hills,Nedra.Schmidt,Reject
Vanessa_Cruickshank,Rudolph,Reject
Lacy.Gottlieb,Alia.Weimann,Reject
Kristofer_Parisian,Rudolph_Stroman,Accept
Bryana.Wilkinson,Gerhard,Request
Cornell.McDermott,Savanna,Reject
Madelynn.Moore,Lacey,Request
Zetta,Laurine.Trantow,Reject
Percy,Aletha.Welch,Request
Luciano_Frami,Lavina.Smith,Reject
Garfield_Collins,Margret.Watsica,Reject
Laurie.Smitham,Zachary_Kemmer,Request
Myrtice,Colton,Reject
Faye,Delta.Toy,Request
Elijah,Marlon.Spencer,Request
Lavinia.Simonis,Betty,Request
Halle_Howe,Mario,Reject
Sean,Allison.Boyer,Request
Dylan_Mayert,Cody,Request
Dixie,Amelie_Cummerata,Reject
Ubaldo,Elian_Parisian,Request
Mabel,Griffin,Request
Rickie,Khalil.Cormier,Request
Dedric,Magnus.Powlowski,Request
Toney,Wade.Gusikowski,Accept
Blair_Bode,Al,Accept
Ambrose,Kayley.Cruickshank,Request
Anissa_Harvey,Corbin,Reject
Alejandrin.D'Amore,Ryley_Reichel,Reject
Jamison,Talon,Request
Roosevelt_Gislason,Troy,Accept
Dedrick.Beatty,Candelario,Reject
Karianne,Juwan,Request
Clara,Athena,Accept
Jordane_Boehm,Willis.Adams,Reject
Anna,Leann,Request
Anthony,Hannah_Lesch,Request
Maryam,Kurt_Abshire,Accept
Bernardo,Marjolaine.Littel,Reject
Reilly.Anderson,Dorthy,Request
Emily,Emanuel_Kovacek,Reject
Steve.Purdy,Stewart,Accept
Ricardo,Amelie_Carroll,Request
Ulises_Windler,Scotty.Ledner,Reject
Constantin,Ward,Request
Jeromy,Layla.Schoen,Request
Ines,Jennifer,Request
Catherine,Carmine.Weimann,Accept
Audreanne.Ankunding,Salvatore_Grimes,Accept
Maurice.Hettinger,Omer,Reject
Audreanne,Sharon,Request
Osborne_Murray,Misael,Reject
Esta.Gibson,Leta,Request
Rylee,Lera,Request
Lily,Mattie_Lesch,Request
Betsy.Ortiz,Morgan_Altenwerth,Accept
Cielo.Donnelly,Nayeli_Lubowitz,Accept
Russell_Eichmann,Javonte_Brown,Request
Meta,Kathlyn_Stehr,Request
Aurore,David_Heidenreich,Request
Germaine_Harris,Dax,Request
Hudson,Dorthy.Nitzsche,Reject
Ruth.Greenfelder,Fay_Bogan,Request
Franco,Brooke,Request
Rex,Aileen_Wilderman,Reject
Tyrese,Furman_West,Accept
Cynthia,Fausto_Ankunding,Request
Kacie,Fausto_Boyle,Reject
Tatyana.Wunsch,Osvaldo,Reject
Jaden.Hickle,Camden,Accept
Bette,Bryana.Rice,Reject
Vaughn,Niko,Accept
Rudolph,Timmothy_Gleichner,Request
Elnora,Solon.Simonis,Accept
Rylee,Roberta_Block,Accept
Yasmeen,Kraig.Shanahan,Request
Kattie,Myron.Deckow,Request
Vicenta,Cordelia,Reject
Kyra,Cathy,Reject
Prudence_Nicolas,Mitchell,Accept
Candace,Colten,Request
Jaunita.Kovacek,Korey.Heller,Accept
Johathan.Collier,Candace,Request
Samson_Heidenreich,Mitchel.Harvey,Request
Emil,Trudie_Kozey,Accept
Brown,Claudia_Mills,Reject
Helena.Koss,Ariel,Reject
Toby_Lynch,Leonardo.Ernser,Reject
Clare.Waelchi,Brannon_Strosin,Reject
Rene_Gutkowski,Rashad,Accept
Matteo,Patricia,Accept
Oswald,Gudrun,Reject
Mylene,Ryder,Accept
Jamal.Conroy,Twila,Request
Carey.Zieme,Alejandrin.D'Amore,Reject
Cory.Murphy,Pansy,Reject
August,Alia_Satterfield,Reject
Archibald.Cole,Roslyn_Stroman,Accept
Theresa,Derick,Reject
Sidney_Kessler,Helmer_Wisoky,Request
Jermain.McKenzie,Mertie,Reject
Okey.Predovic,Merle,Request
Dillan.Champlin,Vernon,Request
Selmer.McGlynn,Bart_Cormier,Reject
Kendra,Marquise_Quigley,Reject
Shayna.Hegmann,Kallie.Klein,Accept
Ulices.Bode,Katrine,Request
Berenice.Parker,Ola_Farrell,Reject
Mertie,Maximillia,Accept
Mina_Kirlin,Baron_Carter,Reject
Miracle,Devon,Request
Soledad,Antwan,Reject
Davonte,Max,Reject
Dave.Ryan,Abigayle.Krajcik,Accept
Rene_Gutkowski,Tatyana.VonRueden,Request
Amira.Nikolaus,Maggie,Reject
Ward_Bergstrom,Conrad,Accept
Talon_Nienow,Llewellyn_Kassulke,Request
Arvel_Schimmel,Nicolas.Koepp,Request
Adrienne,Elliott_Nolan,Reject
Deondre_Kemmer,Kaylin,Request
Bertrand.Hauck,Thomas,Accept
Maryjane_Brakus,Rigoberto_Cronin,Request
Dedric_Harris,Damion.Harris,Accept
Flavio,Ivah,Accept
Rozella,Adah.Bauch,Reject
Florine_Beatty,Gus.Harber,Request
Bessie_Prosacco,Charity,Reject
Lelah,Gabe.Carter,Request
Jorge,Autumn_Lynch,Request
Dudley.Cummerata,Dee.Lehner,Accept
Kaylah.Leuschke,Lucious,Accept
Presley_Blanda,Emilie_Ledner,Accept
Cleo.Bahringer,Leann,Reject
Kallie_Johns,Ruby,Reject
Connie,Chaim,Request
Natalie,Talon,Accept
Toney.Vandervort,Amani.Stracke,Reject
Lisette_Hand,Johnson,Request
Gerard,Anika.O'Connell,Accept
Ollie_Gaylord,Chelsey,Request
Mona_Jerde,Erick,Reject
Brandyn,Ibrahim,Accept
Eliseo_Wehner,Carolina.Thompson,Request
Brayan_Larkin,Norris,Request
Vaughn,Maude,Request
Alexandra.O'Keefe,Jennie,Request
Leola.Hayes,Vita,Accept
Archibald,Jillian,Reject
Dario_Breitenberg,Noah_Leannon,Reject
Carmel_Littel,Cooper,Reject
Jammie,Anita,Request
Lavada_Bayer,Madison_Stark,Request
Carolina.Friesen,Ursula,Reject
Erling.Reichert,Macey.Mayer,Accept
Arianna.Sanford,Chance,Reject
Krista_Kerluke,Coy.Lesch,Accept
Kasandra,Nigel,Accept
Eloisa.Marks,Oran_Romaguera,Reject
Payton.Wisozk,Leola,Reject
Niko_Cronin,Barry,Accept
Filomena_Tromp,Abbey,Reject
Tyrique,Jaqueline,Request
Terrance.Lakin,Eldora_Parisian,Request
Zane.Ernser,Felicita,Request
Adolphus,Nedra_Batz,Request
Carmel,Diana_Homenick,Accept
Florencio.Goodwin,Cordia,Reject
Breanna_Kuhic,Jaunita,Reject
Luigi,Kelly,Request
Jett.Kling,Dayne_Kreiger,Reject
Toney.Heidenreich,Madilyn_O'Reilly,Reject
Gillian.Macejkovic,Kobe.Gibson,Accept
Bethany,Kitty,Reject
Jayden.Crooks,Kelsi,Request
Mertie,Chyna.Reichert,Request
Marshall.Schowalter,Lourdes.Terry,Accept
Heather.Mitchell,Sandrine,Reject
Elise.Schmidt,Tessie.Gleason,Request
Milton,Karine_Swift,Accept
Stanley_Johnson,Hillary,Reject
Dudley,Carson,Request
Sarah,Ida,Request
Ella_Schoen,Ryleigh,Request
America_Predovic,Cara.Ankunding,Request
Joseph,Isabelle,Accept
Bridie,Lilla_Hayes,Reject
Khalil,Ethyl,Request
Adan_Rice,Augustine_Dibbert,Accept
Jalon,Corbin,Reject
Aisha.Nitzsche,Eulalia,Accept
Sydni,Emmalee.Runolfsdottir,Accept
Barrett,Jerrod,Request
Ronaldo,Evalyn,Reject
Kailey,Rylan.Rippin,Reject
Florida,Margret_Marks,Reject
Elisa,Pablo.Bogan,Accept
Seth,Jettie.Nikolaus,Request
Santos.Bruen,Vivianne,Request
Morgan.Zboncak,Edyth_Abbott,Reject
Simone,Everardo,Reject
Sidney,Chance,Accept
Mario,Thelma,Accept
Imelda_Barrows,Guiseppe_Hauck,Reject
Ezekiel,Libbie_Wisozk,Accept
Beulah_Koepp,Brionna,Accept
Raheem,Elmer,Request
Ophelia,Cindy,Accept
Roma.HarÂªann,Jaeden,Reject
Armando,Kaleb.Heller,Accept
Rory_Luettgen,Heath_Block,Request
Zelda_Connelly,Demetrius,Request
Clare,Gisselle,Request
Freddie,Alverta,Reject
Kassandra_Thompson,Beau.Runolfsson,Reject
Sabina_Brakus,Jodie,Reject
Kadin,Stanley_Considine,Reject
Jordy,Fay,Reject
Lessie,Alvis,Reject
Casey,Laverna,Reject
Lisette_Rohan,Marisol.Purdy,Accept
Martine,Blair_Blanda,Reject
Zelda,Desiree,Reject
Mollie.Watsica,Fleta,Request
Yolanda,Bradly.Stroman,Reject
Freda,Walter,Request
Reynold_Schulist,Carmella,Accept
Jesus.Goodwin,Rigoberto,Accept
Lesly_Reilly,Julianne.Heathcote,Reject
Gracie,Marilie,Accept
Garrison.Koelpin,Kamille_Oberbrunner,Request
Kristian,Isabella_Tremblay,Accept
Tamara.Gaylord,Stephan_Schowalter,Reject
Maribel_Medhurst,Eliza_Brown,Request
Shaun.Denesik,Corene,Reject
Hallie,Brenna.Feil,Request
Abbie.Murray,Faye,Reject
Domenick,Clinton_Kulas,Reject
Randall.Kshlerin,Alvina,Reject
Emelia,Jeffery,Request
Ken_Hills,Zechariah,Reject
Vanessa_Cruickshank,Tyra_Macejkovic,Request
Lacy.Gottlieb,Murphy_Swaniawski,Accept
Kristofer_Parisian,Vernice_Sawayn,Request
Bryana.Wilkinson,Clint_Mayer,Request
Cornell.McDermott,Sigurd,Request
Madelynn.Moore,Leo_Lakin,Accept
Zetta,Jude,Reject
Percy,Trisha.Doyle,Accept
Luciano_Frami,Steve,Request
Garfield_Collins,Chadrick_Skiles,Accept
Laurie.Smitham,Margarita,Request
Myrtice,Moses,Request
Faye,Ulices_Russel,Accept
Elijah,Isabelle.Johns,Accept
Lavinia.Simonis,Stanley,Accept
Halle_Howe,Nola,Reject
Sean,Clifton.Kirlin,Reject
Dylan_Mayert,Cecile_Smitham,Accept
Dixie,Onie,Reject
Ubaldo,Lucio,Reject
Mabel,Virgil,Reject
Rickie,Aiyana,Accept
Dedric,Selena_Wintheiser,Request
Toney,Leon.Ward,Reject
Blair_Bode,Mariela_Crona,Accept
Ambrose,Cathrine_Lebsack,Accept
Anissa_Harvey,Colten,Request
Alejandrin.D'Amore,Harold,Accept
Jamison,Susie.Krajcik,Accept
Roosevelt_Gislason,Kyleigh,Reject
Dedrick.Beatty,Janiya,Accept
Karianne,Daisha,Reject
Clara,Idella,Reject
Jordane_Boehm,Gudrun,Reject
Anna,Kevin,Request
Anthony,Santa,Accept
Maryam,Cesar,Request
Bernardo,Lorenz,Request
Reilly.Anderson,Ashlee,Reject
Emily,Odessa_Ortiz,Reject
Steve.Purdy,Rick,Reject
Ricardo,Wanda,Reject
Ulises_Windler,Amya,Reject
Constantin,Bud.Kertzmann,Reject
Jeromy,Guillermo,Request
Ines,Cecile_Legros,Request
Catherine,Mabel,Request
Audreanne.Ankunding,Autumn.Rolfson,Accept
Maurice.Hettinger,Austen_Harvey,Reject
Audreanne,Harrison,Request
Osborne_Murray,Brendon,Accept
Esta.Gibson,Claudie,Reject
Rylee,Kacey_Parker,Reject
Lily,Gina.Quigley,Request
Betsy.Ortiz,Emmy.Ebert,Request
Cielo.Donnelly,Barrett,Request
Russell_Eichmann,Serenity.Buckridge,Reject
Meta,Brigitte_Strosin,Reject
Aurore,Dino,Request
Germaine_Harris,Beryl_Trantow,Reject
Hudson,Rolando,Accept
Ruth.Greenfelder,Adah,Reject
Franco,Garrett_Zieme,Accept
Rex,Mazie,Accept
Tyrese,Theresia,Request
Cynthia,Kaci_Parisian,Accept
Kacie,Erling,Request
Tatyana.Wunsch,Leta.Shanahan,Reject
Jaden.Hickle,Johanna_Durgan,Request
Bette,Esta,Request
Vaughn,Mateo.Wisozk,Request
Rudolph,Trace.Koss,Request
Elnora,Alia,Request
Rylee,Derick_Jewess,Accept
Yasmeen,Maxine,Request
Kattie,Michael.Walsh,Accept
Vicenta,Percy,Reject
Kyra,Wilbert,Accept
Prudence_Nicolas,Kelton.Keebler,Accept
Candace,Edgar,Request
Jaunita.Kovacek,Allie,Reject
Johathan.Collier,Ethelyn,Request
Samson_Heidenreich,Isom_Reynolds,Reject
Emil,Destany,Accept
Brown,Weldon_Williamson,Reject
Helena.Koss,Alyce_Russel,Accept
Toby_Lynch,Mike_Gleichner,Accept
Clare.Waelchi,Meagan_Dicki,Accept
Rene_Gutkowski,Aurore_Lubowitz,Request
Matteo,Furman.Considine,Reject
Oswald,Cayla,Reject
Mylene,Angelita,Accept
Jamal.Conroy,Zackary_Medhurst,Accept
Carey.Zieme,Rosalyn_Barrows,Accept
Cory.Murphy,Ryann,Request
August,Maud_Bogisich,Request
Archibald.Cole,Aron_Grady,Request
Theresa,Crystal,Accept
Sidney_Kessler,Elise_Bauch,Reject
Jermain.McKenzie,Ebba_Runte,Reject
Okey.Predovic,Jordyn.Dibbert,Reject
Dillan.Champlin,Pasquale.Emard,Accept
Selmer.McGlynn,Jana,Reject
Kendra,Sammie.Little,Reject
Shayna.Hegmann,Katharina,Reject
Ulices.Bode,Hollie,Accept
Berenice.Parker,Damion.Harris,Reject
Mertie,Ozella,Accept
Mina_Kirlin,Dennis_Cummerata,Accept
Miracle,Tyrel,Accept
Soledad,Lamar_Eichmann,Request
Davonte,Evie,Reject
Dave.Ryan,Clifford,Accept
Rene_Gutkowski,Napoleon,Request
Amira.Nikolaus,Meggie,Reject
Ward_Bergstrom,Aletha_Baumbach,Accept
Talon_Nienow,Albina.Morissette,Accept
Arvel_Schimmel,Emile.Kulas,Reject
Adrienne,Darrin.Kuphal,Accept
Deondre_Kemmer,Alanna,Accept
Bertrand.Hauck,Andres,Request
Maryjane_Brakus,Kirk_Kuphal,Request
Dedric_Harris,Adriana,Reject
Flavio,Valentin,Reject
Rozella,Jamil,Reject
Florine_Beatty,Boris_Romaguera,Accept
Bessie_Prosacco,Jeanne.Spinka,Reject
Lelah,Javon,Reject
Jorge,Mario,Request
Dudley.Cummerata,Morgan,Accept
Kaylah.Leuschke,Deonte.Hills,Reject
Presley_Blanda,Karianne.Steuber,Reject
Cleo.Bahringer,Curtis,Request
Kallie_Johns,Troy,Request
Connie,Maribel,Accept
Natalie,Bo,Accept
Toney.Vandervort,Micah_Zboncak,Reject
Lisette_Hand,Hoyt_Larson,Accept
Gerard,Jermaine,Request
Ollie_Gaylord,Imelda_Jacobs,Request
Mona_Jerde,Karlee_Lehner,Accept
Brandyn,Gardner_Adams,Accept
Eliseo_Wehner,Baron,Reject
Brayan_Larkin,Myah,Request
Vaughn,Clyde,Accept
Alexandra.O'Keefe,General,Accept
Leola.Hayes,Tobin.Waters,Accept
Archibald,Genevieve,Accept
Dario_Breitenberg,Alene_Bergstrom,Accept
Carmel_Littel,Alvina,Accept
Jammie,Krystina_Watsica,Reject
Lavada_Bayer,Nestor,Request
Carolina.Friesen,Janelle,Request
Erling.Reichert,Tina,Request
Arianna.Sanford,Donnell_Pfeffer,Request
Krista_Kerluke,Maryse_Gibson,Accept
Kasandra,Silas.Stamm,Accept
Eloisa.Marks,Pablo_Wilderman,Accept
Payton.Wisozk,Kaitlin,Request
Niko_Cronin,Leonor_Torphy,Reject
Filomena_Tromp,Everett.Sauer,Accept
Tyrique,Eddie,Reject
Terrance.Lakin,Watson,Accept
Zane.Ernser,Herta,Reject
Adolphus,Catherine_Feil,Request
Carmel,Arianna.Konopelski,Accept
Florencio.Goodwin,Brenna.Mosciski,Accept
Breanna_Kuhic,Noble,Accept
Luigi,Ozella_Bauch,Accept
Jett.Kling,Hanna,Accept
Toney.Heidenreich,Vaughn,Accept
Gillian.Macejkovic,Laury.Donnelly,Request
Bethany,Kenya,Request
Jayden.Crooks,Evan,Request
Mertie,Joseph_Effertz,Reject
Marshall.Schowalter,Elvis.Cummings,Accept
Heather.Mitchell,Lizzie.Gerhold,Accept
Elise.Schmidt,Mayra,Reject
Milton,Mariah.Lebsack,Reject
Stanley_Johnson,Tyrique_Wisoky,Request
Dudley,Stone.Gutkowski,Accept
Sarah,Jarrett,Reject
Ella_Schoen,Manuela.Olson,Reject
America_Predovic,Gina.Walker,Request
Joseph,Holden,Accept
Bridie,Stephon.Brakus,Reject
Khalil,Adolphus_Heidenreich,Request
Adan_Rice,Roosevelt.Towne,Reject
Jalon,Colten_Bahringer,Accept
Aisha.Nitzsche,Rosie,Reject
Sydni,Lori,Accept
Barrett,Elyssa,Reject
Ronaldo,Katelin.Adams,Reject
Kailey,Alexane,Reject
Florida,Alexanne,Request
Elisa,Domingo_Schowalter,Request
Seth,Cindy_Hills,Accept
Santos.Bruen,Eugenia,Accept
Morgan.Zboncak,Eldridge,Reject
Simone,Sabryna.Dickinson,Accept
Sidney,Kiel.Kihn,Accept
Mario,Raphael,Request
Imelda_Barrows,Alden_Effertz,Accept
Ezekiel,Reba,Reject
Beulah_Koepp,Edyth,Accept
Raheem,Lourdes,Request
Ophelia,Katlyn,Accept
Roma.HarÂªann,Therese,Reject
Armando,Keaton,Request
Rory_Luettgen,Ron.Schumm,Request
Zelda_Connelly,Ivory.Stark,Accept
Clare,Lorenza_Howe,Reject
Freddie,Verla,Request
Kassandra_Thompson,Quincy.Rutherford,Request
Sabina_Brakus,Bryce.Rath,Request
Kadin,Irma_Harris,Accept
Jordy,Lura,Request
Lessie,Jedidiah_Jerde,Accept
Casey,Henri,Request
Lisette_Rohan,Selmer.Windler,Request
Martine,Ronaldo,Accept
Zelda,Gail,Accept
Mollie.Watsica,Julian,Request
Yolanda,Marion_Nikolaus,Accept
Freda,Keith.Gusikowski,Accept
Reynold_Schulist,Jewell,Request
Jesus.Goodwin,Claud.Renner,Request
Lesly_Reilly,Wilmer,Request
Gracie,Cara_Bartell,Reject
Garrison.Koelpin,Gage_Bednar,Accept
Kristian,Adolfo.Will,Request
Tamara.Gaylord,Lyla_Auer,Accept
Maribel_Medhurst,Ryley,Reject
Shaun.Denesik,Kaya.Thiel,Accept
Hallie,Cheyenne.Russel,Request
Abbie.Murray,Jamey_Runte,Accept
Domenick,Viviane,Reject
Randall.Kshlerin,Sid.Mayer,Request
Emelia,Alanna,Request
Ken_Hills,Shaina,Request
Vanessa_Cruickshank,Quentin,Request
Lacy.Gottlieb,Kari.Gulgowski,Request
Kristofer_Parisian,Omer,Request
Bryana.Wilkinson,Caterina.Blanda,Request
Cornell.McDermott,Armand,Reject
Madelynn.Moore,Kristofer,Reject
Zetta,Genoveva_Schaefer,Reject
Percy,Weston_Swaniawski,Request
Luciano_Frami,Edmund.Keebler,Request
Garfield_Collins,Adam,Request
Laurie.Smitham,Stephen,Request
Myrtice,Dimitri,Request
Faye,Alexandra_Stroman,Reject
Elijah,Aidan_Orn,Accept
Lavinia.Simonis,Karlee_Lehner,Reject
Halle_Howe,Hulda_Wolff,Request
Sean,Dominique.Herman,Accept
Dylan_Mayert,Americo,Accept
Dixie,Raquel_Moore,Accept
Ubaldo,Priscilla,Reject
Mabel,Dawn,Request
Rickie,Jedidiah_Jerde,Reject
Dedric,Amos,Accept
Toney,Dixie_Waters,Reject
Blair_Bode,Larissa,Accept
Ambrose,Linnie,Request
Anissa_Harvey,Riley.Quigley,Request
Alejandrin.D'Amore,Haley,Request
Jamison,Madelyn_O'Kon,Request
Roosevelt_Gislason,Hillary,Request
Dedrick.Beatty,Eduardo_Balistreri,Request
Karianne,Jana_D'Amore,Reject
Clara,Hildegard,Request
Jordane_Boehm,Berneice,Request
Anna,Hanna_Becker,Request
Anthony,Verdie_Paucek,Request
Maryam,Reginald,Reject
Bernardo,Lorena.Daniel,Reject
Reilly.Anderson,Robin,Reject
Emily,Penelope,Request
Steve.Purdy,Elwyn,Request
Ricardo,Cecil.Becker,Accept
Ulises_Windler,Ramon.Rippin,Reject
Constantin,Devonte,Request
Jeromy,Anabelle,Request
Ines,Jeremy,Request
Catherine,Merle.Jaskolski,Accept
Audreanne.Ankunding,Michaela,Accept
Maurice.Hettinger,Devan_Hamill,Accept
Audreanne,Josefa,Reject
Osborne_Murray,Sven,Reject
Esta.Gibson,Gracie_Grant,Accept
Rylee,Trystan,Accept
Lily,Christian,Accept
Betsy.Ortiz,Jess,Accept
Cielo.Donnelly,Bradford.Blanda,Reject
Russell_Eichmann,Martin.DuBuque,Request
Meta,Kaitlin,Request
Aurore,Stefan,Reject
Germaine_Harris,Patricia_Barton,Request
Hudson,Linwood.Blick,Reject
Ruth.Greenfelder,Tessie,Accept
Franco,Mya_Heller,Reject
Rex,Brian,Accept
Tyrese,Roderick,Reject
Cynthia,Nola_Frami,Request
Kacie,Alberto,Reject
Tatyana.Wunsch,Erich_Johnson,Accept
Jaden.Hickle,Jaime_Rohan,Request
Bette,Giovanni,Request
Vaughn,Jerald,Request
Rudolph,Ed,Reject
Elnora,Bradly,Request
Rylee,Devan,Request
Yasmeen,Lurline,Accept
Kattie,Daryl,Reject
Vicenta,Rex,Reject
Kyra,Ryleigh_Rice,Reject
Prudence_Nicolas,Valerie,Accept
Candace,Jamir_Maggio,Request
Jaunita.Kovacek,Cristian_Veum,Request
Johathan.Collier,Angelita.Lynch,Reject
Samson_Heidenreich,Kay,Reject
Emil,Renee_Bartell,Reject
Brown,Rodrigo.Emard,Request
Helena.Koss,Diamond.Krajcik,Accept
Toby_Lynch,Jamie.Witting,Accept
Clare.Waelchi,Patience,Reject
Rene_Gutkowski,Erik,Request
Matteo,Orin,Accept
Oswald,Harry,Accept
Mylene,Nellie_Weimann,Reject
Jamal.Conroy,Raina.Glover,Reject
Carey.Zieme,Carlee,Accept
Cory.Murphy,Trycia.Lakin,Request
August,Liana.Berge,Reject
Archibald.Cole,Royal,Request
Theresa,Carmel,Reject
Sidney_Kessler,Sheila.Sipes,Request
Jermain.McKenzie,Aylin,Reject
Okey.Predovic,Mireille_Schumm,Request
Dillan.Champlin,Marcelo,Accept
Selmer.McGlynn,Lukas,Accept
Kendra,Buck,Accept
Shayna.Hegmann,Bernadine,Request
Ulices.Bode,Cassandre_Metz,Reject
Berenice.Parker,Flossie.Green,Reject
Mertie,Mack,Accept
Mina_Kirlin,Josue,Reject
Miracle,Name_Cummings,Accept
Soledad,Rigoberto,Accept
Davonte,Zachary.Langosh,Request
Dave.Ryan,Geo,Reject
Rene_Gutkowski,Roderick.Leuschke,Reject
Amira.Nikolaus,Ola,Request
Ward_Bergstrom,Verlie,Request
Talon_Nienow,Piper_Aufderhar,Request
Arvel_Schimmel,Alexanne.Kulas,Request
Adrienne,Rosella,Reject
Deondre_Kemmer,Bradley_Marquardt,Request
Bertrand.Hauck,Christy,Accept
Maryjane_Brakus,Bradford,Accept
Dedric_Harris,Korey.Heller,Reject
Flavio,Coleman_Orn,Reject
Rozella,Jameson.Smith,Request
Florine_Beatty,Elna,Request
Bessie_Prosacco,Addison,Reject
Lelah,Helene.O'Connell,Request
Jorge,Clementine_Bahringer,Accept
Dudley.Cummerata,Celestino,Request
Kaylah.Leuschke,Carmine.Schuster,Accept
Presley_Blanda,Aiden.Swaniawski,Reject
Cleo.Bahringer,Reina.Sanford,Accept
Kallie_Johns,Newton.Muller,Request
Connie,Larue,Reject
Natalie,Lexie.Schmitt,Accept
Toney.Vandervort,Lelah.Ward,Reject
Lisette_Hand,Adaline.Sawayn,Request
Gerard,Elna,Request
Ollie_Gaylord,Adrienne,Reject
Mona_Jerde,Giuseppe,Accept
Brandyn,Katrine,Request
Eliseo_Wehner,Amya,Request
Brayan_Larkin,Marcia,Accept
Vaughn,Vernon_Schneider,Reject
Alexandra.O'Keefe,Phoebe_Kemmer,Reject
Leola.Hayes,Delphia.Kiehn,Request
Archibald,Damion.Donnelly,Reject
Dario_Breitenberg,Theresa,Reject
Carmel_Littel,Crystal,Request
Jammie,Davon,Accept
Lavada_Bayer,Wallace.Bode,Reject
Carolina.Friesen,Tressie,Request
Erling.Reichert,Rachelle,Reject
Arianna.Sanford,Edyth.Zulauf,Accept
Krista_Kerluke,Thomas_Rosenbaum,Reject
Kasandra,Kurtis.Kilback,Reject
Eloisa.Marks,Orion,Reject
Payton.Wisozk,Neil,Request
Niko_Cronin,Tyreek,Accept
Filomena_Tromp,Ted,Request
Tyrique,Princess,Accept
Terrance.Lakin,Sallie,Accept
Zane.Ernser,Elmira.Kilback,Request
Adolphus,Thelma_Emmerich,Reject
Carmel,Owen,Accept
Florencio.Goodwin,Tito_Heaney,Request
Breanna_Kuhic,Rico,Request
Luigi,Lizzie_Breitenberg,Accept
Jett.Kling,Estel,Reject
Toney.Heidenreich,Laury.Kuhlman,Request
Gillian.Macejkovic,Barrett,Request
Bethany,Pasquale.Konopelski,Accept
Jayden.Crooks,Dana_Braun,Accept
Mertie,Alec,Request
Marshall.Schowalter,Laurence.Rath,Reject
Heather.Mitchell,Laurianne,Accept
Elise.Schmidt,Darien_Kuhn,Request
Milton,Braulio.Braun,Request
Stanley_Johnson,Helmer,Request
Dudley,Virgil,Reject
Sarah,Daisha.Ernser,Accept
Ella_Schoen,Eliza_Lubowitz,Accept
America_Predovic,Jessika.Champlin,Reject
Joseph,Evangeline_Hintz,Reject
Bridie,Mohammed_Leannon,Accept
Khalil,Ashleigh,Request
Adan_Rice,Mckayla_McDermott,Request
Jalon,Nikko,Accept
Aisha.Nitzsche,Blake,Reject
Sydni,Hobart,Accept
Barrett,Karelle,Reject
Ronaldo,Elissa,Request
Kailey,Nannie,Request
Florida,Mireille_Hyatt,Request
Elisa,Susana_DuBuque,Reject
Seth,Florida,Reject
Santos.Bruen,Lucio.Vandervort,Request
Morgan.Zboncak,Keeley,Reject
Simone,Penelope.Collier,Reject
Sidney,Kellie,Request
Mario,Eryn,Reject
Imelda_Barrows,Jon,Accept
Ezekiel,Cheyanne,Request
Beulah_Koepp,Chasity,Accept
Raheem,Roxane,Accept
Ophelia,Aniyah_Kub,Accept
Roma.HarÂªann,Luella,Accept
Armando,Margarette,Request
Rory_Luettgen,Cordia.Morar,Accept
Zelda_Connelly,Obie.Gerlach,Request
Clare,Augustine,Reject
Freddie,Alaina,Accept
Kassandra_Thompson,Sherman_Carroll,Reject
Sabina_Brakus,Deonte.Leannon,Reject
Kadin,Shakira,Accept
Jordy,Marcelo.Stokes,Request
Lessie,Charles.Hamill,Reject
Casey,Dejah.Rempel,Accept
Lisette_Rohan,Alfredo,Reject
Martine,Marilie,Reject
Zelda,Otis.Kuphal,Accept
Mollie.Watsica,Kenny_Kirlin,Accept
Yolanda,Felicia_Mraz,Request
Freda,Carmela_Rau,Request
Reynold_Schulist,Jessie.Gulgowski,Accept
Jesus.Goodwin,Pansy.Hessel,Reject
Lesly_Reilly,Kayleigh.Considine,Reject
Gracie,Billy.Hansen,Accept
Garrison.Koelpin,Kane_Gerlach,Request
Kristian,Kadin,Accept
Tamara.Gaylord,Norma.Ledner,Request
Maribel_Medhurst,Rollin,Accept
Shaun.Denesik,Rashad,Accept
Hallie,Rosamond,Accept
Abbie.Murray,Vicenta.Vandervort,Request
Domenick,Humberto_Hessel,Request
Randall.Kshlerin,Kacey,Accept
Emelia,Virgil,Reject
Ken_Hills,Darion,Reject
Vanessa_Cruickshank,Allan,Reject
Lacy.Gottlieb,Toby_Bergstrom,Request
Kristofer_Parisian,Roxane.Altenwerth,Request
Bryana.Wilkinson,Phoebe,Reject
Cornell.McDermott,Ruthe_Sauer,Request
Madelynn.Moore,Dorian,Request
Zetta,Raymundo_Macejkovic,Reject
Percy,Melba,Accept
Luciano_Frami,Aiyana_Reilly,Reject
Garfield_Collins,Aliyah,Accept
Laurie.Smitham,Lurline,Request
Myrtice,Delaney,Accept
Faye,Bonnie_Nienow,Accept
Elijah,Elouise_Harris,Reject
Lavinia.Simonis,Ottilie,Reject
Halle_Howe,Jailyn,Accept
Sean,Sabrina.Wehner,Reject
Dylan_Mayert,Laurel_Hegmann,Reject
Dixie,Tomasa,Accept
Ubaldo,Elissa,Accept
Mabel,Marcelino,Request
Rickie,Savannah_Ruecker,Request
Dedric,Dolores.Lueilwitz,Request
Toney,Annabelle,Request
Blair_Bode,Dimitri,Request
Ambrose,Hayley.Mertz,Accept
Anissa_Harvey,Georgianna.Wolff,Accept
Alejandrin.D'Amore,Houston,Request
Jamison,George.Davis,Request
Roosevelt_Gislason,Samson.Huel,Request
Dedrick.Beatty,Tyra,Request
Karianne,Zachariah.Hermann,Request
Clara,Joanny.Swift,Request
Jordane_Boehm,Liam.Prosacco,Accept
Anna,Vita,Request
Anthony,Laura,Request
Maryam,Brayan,Reject
Bernardo,Hailie,Request
Reilly.Anderson,Buck.Schultz,Reject
Emily,Kristoffer_Bernier,Request
Steve.Purdy,Cristina,Request
Ricardo,Name,Reject
Ulises_Windler,Stanton,Accept
Constantin,Faye,Accept
Jeromy,Evalyn,Reject
Ines,Una.Kerluke,Accept
Catherine,Hosea_Gibson,Reject
Audreanne.Ankunding,Karli,Request
Maurice.Hettinger,Aurelie,Reject
Audreanne,Xavier_Grant,Accept
Osborne_Murray,Harmony,Accept
Esta.Gibson,Khalil_Keebler,Request
Rylee,Douglas,Reject
Lily,Araceli_Schulist,Reject
Betsy.Ortiz,Eleanora,Reject
Cielo.Donnelly,Waylon,Reject
Russell_Eichmann,Willard.Schulist,Reject
Meta,Gracie,Request
Aurore,Rosanna.White,Reject
Germaine_Harris,Marquis.Boyer,Accept
Hudson,Ressie.Schaden,Request
Ruth.Greenfelder,Boris_Dooley,Request
Franco,Dominique,Accept
Rex,Wilbert,Accept
Tyrese,Nya.Powlowski,Reject
Cynthia,Dee,Accept
Kacie,Fredrick_Bode,Accept
Tatyana.Wunsch,Vivian,Reject
Jaden.Hickle,Henry.Fay,Reject
Bette,Urban,Accept
Vaughn,Kiera_GuÂªann,Accept
Rudolph,Jerod_Corwin,Accept
Elnora,Golden_Kerluke,Accept
Rylee,Daisy.Kulas,Accept
Yasmeen,Emmanuel.Kreiger,Request
Kattie,Tate.Kuhlman,Accept
Vicenta,Clemens,Reject
Kyra,Theo.Sporer,Accept
Prudence_Nicolas,Talon.Lowe,Reject
Candace,Lia.Heller,Reject
Jaunita.Kovacek,Aron,Request
Johathan.Collier,Skye.Wunsch,Accept
Samson_Heidenreich,Geraldine,Accept
Emil,Jennyfer,Accept
Brown,Alexander.Marquardt,Accept
Helena.Koss,Bernadine_Pfannerstill,Request
Toby_Lynch,Nola_Thiel,Request
Clare.Waelchi,Therese_Mitchell,Reject
Rene_Gutkowski,Roma.HarÂªann,Accept
Matteo,Trent.Satterfield,Accept
Oswald,Corine_Krajcik,Request
Mylene,Alyson.Beer,Accept
Jamal.Conroy,Weldon,Reject
Carey.Zieme,Louie,Accept
Cory.Murphy,Mateo,Request
August,Melisa,Request
Archibald.Cole,Jared,Reject
Theresa,Hal.Langosh,Request
Sidney_Kessler,Brionna.Cruickshank,Reject
Jermain.McKenzie,Pearlie_Emard,Accept
Okey.Predovic,Emma.Trantow,Request
Dillan.Champlin,Jerod_McGlynn,Request
Selmer.McGlynn,Samantha.Lowe,Request
Kendra,Kiel,Reject
Shayna.Hegmann,Gaston,Accept
Ulices.Bode,Herman_Schumm,Reject
Berenice.Parker,Albert.Zulauf,Reject
Mertie,Patsy_Harvey,Accept
Mina_Kirlin,Christian,Reject
Miracle,Isai.Mosciski,Reject
Soledad,Justus,Request
Davonte,Clare,Request
Dave.Ryan,Abigail,Accept
Rene_Gutkowski,William.Jacobi,Reject
Amira.Nikolaus,Jaqueline_Jacobson,Reject
Ward_Bergstrom,Evelyn_Hirthe,Accept
Talon_Nienow,Sheila_Powlowski,Reject
Arvel_Schimmel,Rosina,Accept
Adrienne,Coleman.Swaniawski,Request
Deondre_Kemmer,Nathanial,Reject
Bertrand.Hauck,Makenna,Accept
Maryjane_Brakus,Roma_Frami,Request
Dedric_Harris,Kraig_Corwin,Reject
Flavio,Kirk.Gusikowski,Accept
Rozella,Maximillia,Accept
Florine_Beatty,Kieran,Request
Bessie_Prosacco,Adrienne.Greenholt,Request
Lelah,Melany.Feest,Accept
Jorge,Garrett,Accept
Dudley.Cummerata,Nina,Reject
Kaylah.Leuschke,Edna,Request
Presley_Blanda,Mellie,Request
Cleo.Bahringer,Damaris,Request
Kallie_Johns,Earline_Nolan,Reject
Connie,Lamar,Accept
Natalie,Amparo.Murazik,Reject
Toney.Vandervort,Alyson_Schoen,Reject
Lisette_Hand,Eva,Accept
Gerard,Angelica_Lueilwitz,Request
Ollie_Gaylord,Melody_Hermann,Accept
Mona_Jerde,Verona,Reject
Brandyn,Rosario,Reject
Eliseo_Wehner,Sage_Zulauf,Reject
Brayan_Larkin,Dayne,Accept
Vaughn,Theodore,Request
Alexandra.O'Keefe,Retha,Accept
Leola.Hayes,Jake.Williamson,Accept
Archibald,Lavada_Hodkiewicz,Request
Dario_Breitenberg,Giovanny,Accept
Carmel_Littel,Camron_Kling,Accept
Jammie,Carli,Reject
Lavada_Bayer,Amparo.Borer,Reject
Carolina.Friesen,Tyler,Request
Erling.Reichert,Otho,Accept
Arianna.Sanford,Rae.Carter,Reject
Krista_Kerluke,Tamia_Larkin,Reject
Kasandra,Josh,Reject
Eloisa.Marks,Macie,Accept
Payton.Wisozk,Terry,Reject
Niko_Cronin,Terry,Reject
Filomena_Tromp,Keven,Reject
Tyrique,Hans.Treutel,Request
Terrance.Lakin,Russell_Hahn,Accept
Zane.Ernser,Twila.Klocko,Reject
Adolphus,Kennedy.Walter,Accept
Carmel,Bradley,Reject
Florencio.Goodwin,Melody,Request
Breanna_Kuhic,Mia,Request
Luigi,Keenan,Accept
Jett.Kling,Kathlyn_Funk,Reject
Toney.Heidenreich,Duane.Jaskolski,Reject
Gillian.Macejkovic,Grover,Request
Bethany,Hilario,Accept
Jayden.Crooks,Isabelle,Request
Mertie,Laisha,Reject
Marshall.Schowalter,Kari,Reject
Heather.Mitchell,Elmore,Reject
Elise.Schmidt,Kayleigh,Accept
Milton,Jordan_Larson,Request
Stanley_Johnson,Maida,Reject
Dudley,Alexys_Schuster,Reject
Sarah,Blaise.Mitchell,Request
Ella_Schoen,Caleigh_Schaefer,Accept
America_Predovic,Nova,Accept
Joseph,Amalia,Request
Bridie,Aylin,Request
Khalil,Dolores.Lueilwitz,Accept
Adan_Rice,Meagan.Beatty,Request
Jalon,Ambrose.Walsh,Accept
Aisha.Nitzsche,Travon.Goldner,Accept
Sydni,Caitlyn_Stoltenberg,Request
Barrett,Maynard,Accept
Ronaldo,Zoe,Request
Kailey,Franz,Request
Florida,Valerie_Funk,Accept
Elisa,Vidal_Bauch,Request
Seth,Krystina_Koss,Reject
Santos.Bruen,Jerod,Reject
Morgan.Zboncak,Francisco_Daugherty,Request
Simone,Ronaldo,Accept
Sidney,Loyce_Purdy,Accept
Mario,Hubert_Crona,Reject
Imelda_Barrows,Carmelo,Reject
Ezekiel,Angus,Reject
Beulah_Koepp,Cary_Frami,Reject
Raheem,Margret,Request
Ophelia,Misty_Murray,Request
Roma.HarÂªann,Deonte,Request
Armando,John_Feil,Reject
Rory_Luettgen,Edwina.Goodwin,Accept
Zelda_Connelly,Trudie,Reject
Clare,Emilia_Carter,Request
Freddie,Esperanza,Accept
Kassandra_Thompson,Princess.Langworth,Accept
Sabina_Brakus,Murphy_Swaniawski,Request
Kadin,Hosea.Cummings,Request
Jordy,Kaylee,Accept
Lessie,Sherwood,Reject
Casey,Mustafa,Accept
Lisette_Rohan,Imogene.Reynolds,Reject
Martine,Kaylie,Request
Zelda,Kody,Reject
Mollie.Watsica,Emmitt,Reject
Yolanda,Missouri_Schaefer,Reject
Freda,Lucie_Keebler,Request
Reynold_Schulist,Justice.Spencer,Reject
Jesus.Goodwin,Katheryn_Abshire,Request
Lesly_Reilly,Camron_Kutch,Reject
Gracie,Alexane_Fay,Reject
Garrison.Koelpin,Anne_Stokes,Request
Kristian,Wilson,Request
Tamara.Gaylord,Camille,Request
Maribel_Medhurst,Charity.Sauer,Reject
Shaun.Denesik,Trudie.Herzog,Request
Hallie,Joany,Request
Abbie.Murray,Jenifer,Reject
Domenick,Demarcus,Reject
Randall.Kshlerin,Yasmeen.Kovacek,Request
Emelia,Woodrow,Accept
Ken_Hills,Betsy_Collins,Reject
Vanessa_Cruickshank,Xavier,Request
Lacy.Gottlieb,Houston,Reject
Kristofer_Parisian,Trycia,Reject
Bryana.Wilkinson,Dena_Torphy,Accept
Cornell.McDermott,Ollie,Reject
Madelynn.Moore,Bryon,Accept
Zetta,Adaline.Keeling,Reject
Percy,Monte_Cartwright,Reject
Luciano_Frami,Bernhard_Larson,Accept
Garfield_Collins,Craig_Corkery,Reject
Laurie.Smitham,Tre_Crona,Accept
Myrtice,Filomena,Accept
Faye,Bruce,Request
Elijah,Mortimer,Request
Lavinia.Simonis,Demarco,Request
Halle_Howe,Travis,Reject
Sean,Zita,Accept
Dylan_Mayert,Giles_Wisoky,Reject
Dixie,Anabel,Accept
Ubaldo,Rico.Yost,Reject
Mabel,Deontae,Accept
Rickie,Jonathan,Reject
Dedric,Lulu.Deckow,Reject
Toney,Immanuel.Stracke,Request
Blair_Bode,Kelsie,Reject
Ambrose,Eunice.Torp,Request
Anissa_Harvey,Eula,Reject
Alejandrin.D'Amore,Lane,Accept
Jamison,Duane.Crist,Accept
Roosevelt_Gislason,Serena_West,Accept
Dedrick.Beatty,Viviane,Reject
Karianne,Alia,Accept
Clara,Olin,Accept
Jordane_Boehm,Pearline_Renner,Accept
Anna,Jack_Cole,Request
Anthony,Alexandria,Accept
Maryam,Carlotta.Quigley,Reject
Bernardo,Horacio.Feil,Reject
Reilly.Anderson,Arielle.Weissnat,Reject
Emily,Blaise,Reject
Steve.Purdy,Ignatius,Request
Ricardo,Emiliano,Request
Ulises_Windler,Lucas,Accept
Constantin,Isobel,Accept
Jeromy,Susan.Cummings,Request
Ines,Mckayla_Legros,Accept
Catherine,Halie_Koelpin,Accept
Audreanne.Ankunding,Grace_Simonis,Accept
Maurice.Hettinger,Kennedy_O'Keefe,Reject
Audreanne,Amani_Shields,Reject
Osborne_Murray,Tabitha.Fritsch,Accept
Esta.Gibson,Chaya,Accept
Rylee,Vicenta,Reject
Lily,Summer_Orn,Reject
Betsy.Ortiz,Bernhard_Hamill,Request
Cielo.Donnelly,Tristin_Armstrong,Reject
Russell_Eichmann,Fredy.Pfannerstill,Request
Meta,Adele,Request
Aurore,Kaleb,Reject
Germaine_Harris,Napoleon.Corwin,Reject
Hudson,Enid,Accept
Ruth.Greenfelder,Julia.Lemke,Accept
Franco,Broderick,Accept
Rex,Cecile.Bauch,Request
Tyrese,Kristofer,Accept
Cynthia,Okey,Reject
Kacie,Cristobal,Request
Tatyana.Wunsch,Jany,Request
Jaden.Hickle,Madie_Towne,Accept
Bette,Angelita.Paucek,Request
Vaughn,Cornell.McDermott,Accept
Rudolph,Sadye,Request
Elnora,Jeremy_Mertz,Reject
Rylee,Constantin.Weber,Request
Yasmeen,Fay_Yundt,Request
Kattie,Dana.O'Conner,Accept
Vicenta,Marie,Request
Kyra,Nakia_Hackett,Request
Prudence_Nicolas,Franz,Reject
Candace,Joshuah_Ullrich,Reject
Jaunita.Kovacek,Flavio,Request
Johathan.Collier,Walton,Reject
Samson_Heidenreich,Olen_Jacobs,Reject
Emil,Shyanne.Crona,Request
Brown,Torrey,Request
Helena.Koss,Eulalia,Reject
Toby_Lynch,Korbin,Request
Clare.Waelchi,Abbigail,Accept
Rene_Gutkowski,Dayna.Turner,Accept
Matteo,Nash_Mohr,Request
Oswald,Julia,Reject
Mylene,Dejon_Sanford,Request
Jamal.Conroy,Yazmin_Lehner,Reject
Carey.Zieme,Hallie,Request
Cory.Murphy,Naomie,Accept
August,Katlynn,Reject
Archibald.Cole,Pablo_Senger,Accept
Theresa,Karelle.Champlin,Request
Sidney_Kessler,Frederic.Heathcote,Accept
Jermain.McKenzie,Juwan.Marvin,Request
Okey.Predovic,Dorthy,Request
Dillan.Champlin,Vladimir_Waters,Accept
Selmer.McGlynn,Eloisa.Marks,Request
Kendra,Yvette,Request
Shayna.Hegmann,Audreanne_Boyer,Accept
Ulices.Bode,Erwin_Lowe,Request
Berenice.Parker,Halle_Howe,Reject
Mertie,Caleigh_Wiza,Request
Mina_Kirlin,Nona,Accept
Miracle,Duncan_Langworth,Reject
Soledad,Fabiola.Koepp,Accept
Davonte,Meagan,Accept
Dave.Ryan,Lexi.Vandervort,Reject
Rene_Gutkowski,Ophelia,Request
Amira.Nikolaus,Kiana,Accept
Ward_Bergstrom,Lucy,Accept
Talon_Nienow,Lucio,Accept
Arvel_Schimmel,Joanne,Request
Adrienne,Newton.Hettinger,Request
Deondre_Kemmer,Fermin,Reject
Bertrand.Hauck,Tess,Accept
Maryjane_Brakus,Moises,Request
Dedric_Harris,Kailyn.Farrell,Accept
Flavio,Rachael_Smitham,Accept
Rozella,Florian_Keebler,Reject
Florine_Beatty,Maggie,Reject
Bessie_Prosacco,Chelsie.Gerhold,Reject
Lelah,Jakob.Grimes,Reject
Jorge,Francesco,Accept
Dudley.Cummerata,Keely_Walter,Request
Kaylah.Leuschke,Heloise,Request
Presley_Blanda,Seth,Reject
Cleo.Bahringer,Gaston,Request
Kallie_Johns,Myles_McDermott,Accept
Connie,Dayton_Dach,Reject
Natalie,Anika.Breitenberg,Accept
Toney.Vandervort,Estel_Marvin,Accept
Lisette_Hand,Elisha,Accept
Gerard,Novella.Raynor,Accept
Ollie_Gaylord,Rasheed,Request
Mona_Jerde,Vernie.Schaefer,Request
Brandyn,Aubrey,Accept
Eliseo_Wehner,Coleman,Accept
Brayan_Larkin,Isabell,Request
Vaughn,Lukas,Reject
Alexandra.O'Keefe,Shayna.Rau,Reject
Leola.Hayes,Estevan.Bosco,Accept
Archibald,Angelina.Bartell,Reject
Dario_Breitenberg,Lottie_Klocko,Reject
Carmel_Littel,Daisy_Schuster,Accept
Jammie,Amanda,Reject
Lavada_Bayer,Lesly,Request
Carolina.Friesen,Brannon.Mohr,Reject
Erling.Reichert,Lyric,Reject
Arianna.Sanford,Tabitha,Accept
Krista_Kerluke,Freddy_Erdman,Reject
Kasandra,Norval_Russel,Request
Eloisa.Marks,Reta,Accept
Payton.Wisozk,Larry,Request
Niko_Cronin,Rupert,Reject
Filomena_Tromp,Valentina,Request
Tyrique,Hester.Nienow,Reject
Terrance.Lakin,Vinnie,Reject
Zane.Ernser,Donnie,Request
Adolphus,Eugene,Request
Carmel,Lourdes_Kemmer,Accept
Florencio.Goodwin,Alysa.Yost,Request
Breanna_Kuhic,Esmeralda,Reject
Luigi,Haylie,Reject
Jett.Kling,Agustin.Dietrich,Reject
Toney.Heidenreich,Dorothea,Accept
Gillian.Macejkovic,Elva.Kemmer,Reject
Bethany,Amanda.Jast,Accept
Jayden.Crooks,Liza,Reject
Mertie,Bernadine,Accept
Marshall.Schowalter,Saul,Reject
Heather.Mitchell,Antwon.Feest,Reject
Elise.Schmidt,Hal.Lehner,Accept
Milton,Junius,Request
Stanley_Johnson,Edgardo.Aufderhar,Accept
Dudley,Miguel,Reject
Sarah,Fermin.Runte,Reject
Ella_Schoen,Ottilie_Raynor,Request
America_Predovic,Rory,Reject
Joseph,Sylvan.Doyle,Accept
Bridie,Genesis,Accept
Khalil,Araceli,Accept
Adan_Rice,Cheyenne_Stokes,Reject
Jalon,Jacinto_Shields,Accept
Aisha.Nitzsche,Jason.Koch,Reject
Sydni,Devon_Lehner,Request
Barrett,Jeanie,Reject
Ronaldo,Caterina.Blanda,Request
Kailey,Conor_Flatley,Reject
Florida,Benny_Turner,Reject
Elisa,Rosalind,Accept
Seth,Janelle.Nikolaus,Request
Santos.Bruen,Laurence,Accept
Morgan.Zboncak,Reece,Reject
Simone,Lavonne_Lind,Accept
Sidney,Kolby_Tillman,Reject
Mario,Alba,Request
Imelda_Barrows,Kristin,Request
Ezekiel,Grant_Hudson,Request
Beulah_Koepp,Jillian_Yost,Reject
Raheem,Al_Kessler,Accept
Ophelia,Alyson_Reilly,Request
Roma.HarÂªann,Avis,Accept
Armando,Eliezer,Request
Rory_Luettgen,Onie.McClure,Reject
Zelda_Connelly,Litzy_Morissette,Accept
Clare,Rigoberto_Baumbach,Reject
Freddie,Sydney_Beatty,Accept
Kassandra_Thompson,Garrick_Cruickshank,Reject
Sabina_Brakus,Lionel_Johnson,Reject
Kadin,Americo_Rempel,Reject
Jordy,Pinkie,Accept
Lessie,Rosalee.Schuppe,Reject
Casey,Monty,Reject
Lisette_Rohan,Valerie_Green,Accept
Martine,Brittany_Erdman,Request
Zelda,Cleora,Reject
Mollie.Watsica,Darrell.Weissnat,Request
Yolanda,Nova.Bruen,Request
Freda,Chadrick.Bode,Accept
Reynold_Schulist,Fabiola.Aufderhar,Reject
Jesus.Goodwin,Allie.D'Amore,Request
Lesly_Reilly,Sienna_DuBuque,Reject
Gracie,Ellsworth,Accept
Garrison.Koelpin,Nigel,Accept
Kristian,Seamus.Kozey,Reject
Tamara.Gaylord,Jose,Accept
Maribel_Medhurst,Katlynn.Jewess,Accept
Shaun.Denesik,Emily_Mohr,Accept
Hallie,Guadalupe,Reject
Abbie.Murray,Luigi,Request
Domenick,Fausto_Boyle,Accept
Randall.Kshlerin,Johan_Bogan,Accept
Emelia,Brenden.Grimes,Accept
Ken_Hills,Mohamed,Accept
Vanessa_Cruickshank,Alfreda.Shanahan,Request
Lacy.Gottlieb,Jacklyn,Reject
Kristofer_Parisian,Avery_Koch,Reject
Bryana.Wilkinson,Daphney,Accept
Cornell.McDermott,Haylie,Reject
Madelynn.Moore,Helga,Reject
Zetta,Joesph,Accept
Percy,Dahlia,Reject
Luciano_Frami,Mozelle,Reject
Garfield_Collins,Elsa,Request
Laurie.Smitham,Miguel_Stehr,Reject
Myrtice,Barrett,Request
Faye,Billie,Accept
Elijah,Alivia_Gleichner,Accept
Lavinia.Simonis,Eli.Harris,Reject
Halle_Howe,Misty.Lynch,Request
Sean,Ross,Request
Dylan_Mayert,Angeline,Request
Dixie,Eleanore,Request
Ubaldo,Jennyfer_McLaughlin,Request
Mabel,Bruce,Request
Rickie,Aliya,Accept
Dedric,Shayna.Hegmann,Request
Toney,Angela_Mertz,Accept
Blair_Bode,Derek,Reject
Ambrose,Ken_Hills,Reject
Anissa_Harvey,Ryley.Hahn,Accept
Alejandrin.D'Amore,Helene.Schultz,Request
Jamison,Flavio,Request
Roosevelt_Gislason,Marielle,Request
Dedrick.Beatty,Margarett.Thiel,Request
Karianne,Marco_Schumm,Accept
Clara,Chance_Prosacco,Accept
Jordane_Boehm,Ardella_Walsh,Reject
Anna,Lenna_Jenkins,Accept
Anthony,Angelica_Lueilwitz,Request
Maryam,Van,Accept
Bernardo,Ulises_Ebert,Accept
Reilly.Anderson,Sid,Request
Emily,Isac,Request
Steve.Purdy,Katelyn.Barton,Reject
Ricardo,Terry,Request
Ulises_Windler,Raleigh.Klein,Request
Constantin,Zola.Weber,Reject
Jeromy,Ima_Stamm,Accept
Ines,Jewel,Request
Catherine,Matilde_Russel,Request
Audreanne.Ankunding,Isabell.Prosacco,Request
Maurice.Hettinger,Scotty,Request
Audreanne,Leonard,Reject
Osborne_Murray,Lynn,Reject
Esta.Gibson,Arjun_Bruen,Accept
Rylee,Jean.Nader,Reject
Lily,Asia.Flatley,Request
Betsy.Ortiz,August.Kihn,Request
Cielo.Donnelly,Kiel,Accept
Russell_Eichmann,Jorge_Okuneva,Accept
Meta,Logan,Request
Aurore,Abbie.Funk,Request
Germaine_Harris,Vince_Schulist,Accept
Hudson,Estell_Kiehn,Request
Ruth.Greenfelder,Michelle,Accept
Franco,Santina,Reject
Rex,Nola_Frami,Accept
Tyrese,Dennis,Request
Cynthia,Alyson,Reject
Kacie,Leopoldo,Request
Tatyana.Wunsch,Hollis,Request
Jaden.Hickle,Yoshiko_Wuckert,Accept
Bette,Adriel,Request
Vaughn,Xavier_Nolan,Reject
Rudolph,Brian,Reject
Elnora,Marlin.White,Request
Rylee,Lelah,Accept
Yasmeen,Gustave,Reject
Kattie,Rowan,Accept
Vicenta,Gracie,Accept
Kyra,Cassie.O'Kon,Request
Prudence_Nicolas,Stephon_Feest,Accept
Candace,Jaylen.Emard,Reject
Jaunita.Kovacek,Ricky_Bayer,Reject
Johathan.Collier,Barney,Accept
Samson_Heidenreich,Vito,Request
Emil,Isaias.Cummerata,Accept
Brown,Damaris,Accept
Helena.Koss,Laurie_Fisher,Request
Toby_Lynch,Sabina.Trantow,Reject
Clare.Waelchi,Arjun_Bruen,Request
Rene_Gutkowski,Giles_Anderson,Request
Matteo,Bonita.O'Hara,Accept
Oswald,Whitney.Bechtelar,Request
Mylene,Ibrahim_Lockman,Request
Jamal.Conroy,Jared,Request
Carey.Zieme,Minerva,Reject
Cory.Murphy,Bernardo.Blanda,Request
August,Agustin.Dietrich,Reject
Archibald.Cole,Kiley.Kuhlman,Accept
Theresa,Cordell_Strosin,Reject
Sidney_Kessler,Marjolaine.Lemke,Request
Jermain.McKenzie,Odell_Cole,Accept
Okey.Predovic,Stephan.Corkery,Request
Dillan.Champlin,Camden.Bartoletti,Request
Selmer.McGlynn,Noemy.HarÂªann,Reject
Kendra,Jocelyn,Reject
Shayna.Hegmann,Owen.Feil,Accept
Ulices.Bode,Jennyfer_Daniel,Reject
Berenice.Parker,Judy,Request
Mertie,Jayce,Accept
Mina_Kirlin,Emmalee,Accept
Miracle,Quincy.Bergnaum,Request
Soledad,Willy,Reject
Davonte,Katelyn,Request
Dave.Ryan,Abdullah,Accept
Rene_Gutkowski,Laurie.Goodwin,Request
Amira.Nikolaus,Louvenia,Reject
Ward_Bergstrom,Anissa.Ferry,Request
Talon_Nienow,Roberta_Block,Accept
Arvel_Schimmel,Janice_Medhurst,Accept
Adrienne,Alford,Reject
Deondre_Kemmer,Brandon.Sipes,Request
Bertrand.Hauck,Jesse,Request
Maryjane_Brakus,Marty_Hirthe,Request
Dedric_Harris,Celestine,Accept
Flavio,Micah,Accept
Rozella,Ernesto,Request
Florine_Beatty,Patricia_Renner,Request
Bessie_Prosacco,Rene,Reject
Lelah,Efren.Okuneva,Accept
Jorge,Creola_Bahringer,Accept
Dudley.Cummerata,Cordelia_Keebler,Request
Kaylah.Leuschke,Marguerite_Leffler,Accept
Presley_Blanda,Clifton,Accept
Cleo.Bahringer,Kenny,Accept
Kallie_Johns,Deshaun,Request
Connie,Dewitt.Cassin,Request
Natalie,Tania_Konopelski,Reject
Toney.Vandervort,Sheila_Powlowski,Reject
Lisette_Hand,Ludie_Kovacek,Reject
Gerard,Percival,Reject
Ollie_Gaylord,Pat_Wiegand,Accept
Mona_Jerde,Abe,Request
Brandyn,Durward_Dibbert,Request
Eliseo_Wehner,Santina,Reject
Brayan_Larkin,Hayley_Monahan,Reject
Vaughn,Cordia,Request
Alexandra.O'Keefe,Judge.Kertzmann,Accept
Leola.Hayes,Giovanna,Request
Archibald,Grady,Reject
Dario_Breitenberg,Favian,Reject
Carmel_Littel,Treva,Request
Jammie,Caden,Accept
Lavada_Bayer,Laurence,Request
Carolina.Friesen,Newton_Connelly,Request
Erling.Reichert,Golda_Schiller,Reject
Arianna.Sanford,Alexane,Request
Krista_Kerluke,Furman,Accept
Kasandra,Jerel_Zieme,Request
Eloisa.Marks,Talon,Request
Payton.Wisozk,Elmer_Kuhic,Accept
Niko_Cronin,Jeffery,Accept
Filomena_Tromp,Amya.Wehner,Accept
Tyrique,Solon_Gottlieb,Accept
Terrance.Lakin,Crystel_Schmeler,Request
Zane.Ernser,Martin,Reject
Adolphus,Wilfred_Tremblay,Request
Carmel,Khalil,Reject
Florencio.Goodwin,Kane_Cummings,Request
Breanna_Kuhic,Brock_Marvin,Request
Luigi,Mohamed.Ryan,Request
Jett.Kling,Gino,Request
Toney.Heidenreich,Alverta,Accept
Gillian.Macejkovic,Imani_Gleason,Reject
Bethany,Mireya,Reject
Jayden.Crooks,Felton_Torp,Accept
Mertie,Athena,Accept
Marshall.Schowalter,Delphine.Jacobson,Request
Heather.Mitchell,Madelynn_Wiegand,Reject
Elise.Schmidt,Araceli_Schulist,Accept
Milton,Eve_Dach,Accept
Stanley_Johnson,Ona_Beier,Accept
Dudley,Raegan_Bergstrom,Reject
Sarah,Shanna_Auer,Request
Ella_Schoen,Finn.Hane,Request
America_Predovic,Joesph.Hane,Reject
Joseph,Arne,Reject
Bridie,Gene.Runolfsdottir,Accept
Khalil,Hillary.Stanton,Request
Adan_Rice,Sean,Reject
Jalon,Dina_Weissnat,Request
Aisha.Nitzsche,Chadd_Olson,Accept
Sydni,Lemuel,Request
Barrett,Eve,Accept
Ronaldo,Tremaine_Lockman,Request
Kailey,Claude.Powlowski,Accept
Florida,Flossie.McLaughlin,Accept
Elisa,Kaia,Request
Seth,Lennie,Reject
Santos.Bruen,Missouri_Schaden,Accept
Morgan.Zboncak,Tracey.Sawayn,Request
Simone,Loyce_Bauch,Reject
Sidney,Keanu,Reject
Mario,Franz,Request
Imelda_Barrows,Flossie.Green,Reject
Ezekiel,Elsie,Reject
Beulah_Koepp,Raphael_Kovacek,Accept
Raheem,Destin_Collins,Accept
Ophelia,Connie,Accept
Roma.HarÂªann,Nestor.Schuppe,Accept
Armando,Salvatore,Accept
Rory_Luettgen,Andres_Russel,Accept
Zelda_Connelly,Shanna_Mitchell,Request
Clare,Alaina.Nicolas,Accept
Freddie,Monroe,Accept
Kassandra_Thompson,Mary,Request
Sabina_Brakus,Frida,Reject
Kadin,Jeff.Harris,Request
Jordy,Zella,Request
Lessie,Lucio,Reject
Casey,Marta.Adams,Accept
Lisette_Rohan,Hyman_Wintheiser,Request
Martine,Unique.Bechtelar,Reject
Zelda,Randall.Steuber,Request
Mollie.Watsica,Jacquelyn_Rice,Request
Yolanda,Kiara.Cummerata,Request
Freda,Stephen,Reject
Reynold_Schulist,Greg,Accept
Jesus.Goodwin,Brock.Corkery,Request
Lesly_Reilly,Laurine,Request
Gracie,Eveline,Accept
Garrison.Koelpin,Theo,Accept
Kristian,Adrienne,Accept
Tamara.Gaylord,Mackenzie_Ziemann,Reject
Maribel_Medhurst,Sophie.Crist,Request
Shaun.Denesik,Ezra_Rolfson,Request
Hallie,Laurine.Trantow,Request
Abbie.Murray,Chet.Bradtke,Accept
Domenick,Morton,Request
Randall.Kshlerin,Javonte.Marquardt,Reject
Emelia,Rickie,Accept
Ken_Hills,Watson.Oberbrunner,Reject
Vanessa_Cruickshank,Karlie.Jewess,Reject
Lacy.Gottlieb,Jerod,Accept
Kristofer_Parisian,Deshaun.Dooley,Request
Bryana.Wilkinson,Cleora_Reynolds,Request
Cornell.McDermott,Randi,Reject
Madelynn.Moore,Berry_Hilpert,Request
Zetta,Eileen_Jakubowski,Accept
Percy,Hanna.O'Hara,Request
Luciano_Frami,Kacey,Request
Garfield_Collins,Ariel,Request
Laurie.Smitham,Dustin,Request
Myrtice,Cecilia.Lind,Accept
Faye,Destiney,Reject
Elijah,Brooks,Reject
Lavinia.Simonis,Dasia,Reject
Halle_Howe,Trycia,Reject
Sean,Allan,Request
Dylan_Mayert,Vernice,Request
Dixie,Annamarie,Request
Ubaldo,Ettie_Rohan,Accept
Mabel,Tabitha,Accept
Rickie,Chadrick.Beahan,Reject
Dedric,Carley.Aufderhar,Accept
Toney,Devan,Accept
Blair_Bode,Dean_Quigley,Accept
Ambrose,Annabel,Accept
Anissa_Harvey,Raquel,Accept
Jamison,Sarai,Request
Roosevelt_Gislason,Rozella,Reject
Dedrick.Beatty,Harmon,Accept
Karianne,Effie_Schneider,Reject
Clara,Ezra.Reinger,Request
Jordane_Boehm,Nyah.Roob,Accept
Anna,Jan,Accept
Anthony,Dorian,Accept
Maryam,Maeve,Reject
Bernardo,Ellis,Reject
Reilly.Anderson,Oran,Accept
Emily,Dahlia_Strosin,Reject
Steve.Purdy,Lane.Fay,Reject
Ricardo,Lisandro,Request
Ulises_Windler,Courtney,Accept
Constantin,Daniela,Request
Jeromy,Jeromy,Accept
Ines,Emerson_Wehner,Reject
Catherine,Dasia.Hand,Accept
Audreanne.Ankunding,Sammie_Howell,Reject
Maurice.Hettinger,Kayley,Accept
Audreanne,Riley_Shanahan,Request
Osborne_Murray,Luigi.Jaskolski,Reject
Esta.Gibson,Markus.Aufderhar,Accept
Rylee,Mina_Huel,Request
Lily,Antonia,Accept
Betsy.Ortiz,Nikita,Accept
Cielo.Donnelly,Johathan,Request
Russell_Eichmann,Maxime_Goldner,Accept
Meta,Jett_Walsh,Request
Aurore,Cassandra,Reject
Germaine_Harris,Carter.Douglas,Reject
Hudson,Adell,Request
Ruth.Greenfelder,Maida,Reject
Franco,Marisol,Accept
Rex,Billie,Request
Tyrese,Marco_Schumm,Reject
Cynthia,Ubaldo,Reject
Kacie,Hayley,Request
Tatyana.Wunsch,Efrain_Fisher,Request
Jaden.Hickle,Eunice,Request
Bette,Sherwood,Reject
Vaughn,Vergie.Harris,Reject
Rudolph,Litzy,Request
Elnora,Alfonzo,Reject
Rylee,Lisandro_Watsica,Reject
Yasmeen,Ted.Russel,Accept
Kattie,Maribel.Wisozk,Accept
Vicenta,June_Smitham,Request
Kyra,Daryl.Carter,Reject
Prudence_Nicolas,Foster.Gottlieb,Request
Candace,Ila.Ullrich,Accept
Jaunita.Kovacek,Murray_Ankunding,Reject
Johathan.Collier,Jaylan,Reject
Samson_Heidenreich,Ahmed.Schulist,Reject
Emil,Myrtis_Ullrich,Reject
Brown,Beryl_Watsica,Accept
Helena.Koss,Scottie_Davis,Request
Toby_Lynch,Sydnie.Larkin,Reject
Clare.Waelchi,Theron,Reject
Rene_Gutkowski,Alice_Tillman,Accept
Matteo,Coleman,Request
Oswald,Icie.Greenfelder,Request
Mylene,Dakota,Reject
Jamal.Conroy,Evan,Request
Carey.Zieme,Joana,Reject
Cory.Murphy,Aiden.Zieme,Accept
August,Geoffrey.Hoppe,Accept
Archibald.Cole,Sebastian,Reject
Theresa,Marilyne_Kutch,Accept
Sidney_Kessler,Eloy_Lueilwitz,Request
Jermain.McKenzie,Nathanial,Reject
Okey.Predovic,Rosalinda,Accept
Dillan.Champlin,Mckenna.Feest,Request
Selmer.McGlynn,Kevin_Monahan,Accept
Kendra,Leopold,Request
Shayna.Hegmann,Jordy.Green,Request
Ulices.Bode,Jeanie,Reject
Berenice.Parker,Kennedy.Predovic,Request
Mertie,Roman,Accept
Mina_Kirlin,Betty,Reject
Miracle,Emmet,Reject
Soledad,Angelina_Metz,Accept
Davonte,Alison.Rogahn,Accept
Dave.Ryan,Britney,Reject
Rene_Gutkowski,Mercedes,Accept
Amira.Nikolaus,Jarrell,Accept
Ward_Bergstrom,Philip,Reject
Talon_Nienow,Madison_Zboncak,Reject
Arvel_Schimmel,Vita_Langosh,Accept
Adrienne,Jennings_Lynch,Request
Deondre_Kemmer,Lorine_Wilkinson,Accept
Bertrand.Hauck,Arvilla.Waelchi,Reject
Maryjane_Brakus,Cleta,Accept
Dedric_Harris,Rachael,Request
Flavio,Ray,Request
Rozella,Shane_Emard,Reject
Florine_Beatty,Annabel_Harris,Accept
Lorenzo,Verla,Accept
Newell,Lempi_Torp,Accept
Eliezer_Donnelly,Emely.Howell,Reject
Brannon_Strosin,Trenton.Wisozk,Reject
Una,Cordelia,Accept
Jayda,Zella.Goyette,Accept
Mauricio_Rau,Raphaelle.Yundt,Request
Carroll.Cronin,Thurman,Request
Percy_Hegmann,Caleigh.Stehr,Accept
Ernestine.Hegmann,Felipe,Accept
Ludie,Russell_Hahn,Request
Amaya.Kirlin,Angus,Reject
Bruce_Flatley,Delaney_Williamson,Request
William,Lindsay.Fay,Reject
Ardith,Taurean,Reject
Robert_Kunde,Keon,Request
Abigale.Moore,Raina,Request
Reed,Riley_Shanahan,Reject
Karen.Reichel,Giles,Accept
Alta_Quitzon,Jude,Reject
Fritz.McCullough,Art,Request
Leda_Johnson,Garth.Swaniawski,Request
Eduardo,Leilani,Reject
Sallie,Dena,Request
Jalyn,Era_Stroman,Request
Warren_Crooks,Maxine,Request
Kailee_Anderson,Marilyne,Accept
Eladio_Carter,Nat,Reject
Ayana,Jennie,Reject
Antwan_Price,Kay,Reject
Alford.Fritsch,Hipolito.Schoen,Accept
Ova_Kiehn,Jamarcus,Request
Sarah,Travon.Barton,Accept
Wilbert,Emile,Accept
Alivia.Larson,Baron.Wyman,Request
Jerrold,Christy.Hyatt,Request
Izabella_Green,Royal,Reject
Axel_Flatley,Brian,Accept
Deron_Gibson,Delta,Accept
Junior,Laury.Schiller,Reject
Jaden,Raven,Reject
Makenna_Cartwright,Lionel,Accept
Mikayla_Pouros,Jeramie,Reject
Anya_Mayer,Dock,Reject
Craig,Payton,Request
Scotty.Ledner,Teagan.McCullough,Request
Noemie,Adelia_Howell,Request
Dahlia_Strosin,Bella_Schuster,Accept
Jaylin_Considine,Brianne_Jacobson,Request
Angelica.Mante,Allene_Okuneva,Accept
Freddy_Koch,Andreanne.Kunze,Request
Dayna.Shields,Abbie_Ratke,Request
Robbie.Prohaska,Marlee.Koch,Accept
Drew_Bednar,Brooke_Casper,Reject
Demetris.Beatty,Josianne,Request
Elaina,Narciso_Gusikowski,Request
Mose,Jammie.Braun,Reject
Robin.Gottlieb,Catherine,Request
Javonte_Brown,Nathen,Request
Sunny,Cecilia,Reject
Rosemarie_Huel,Lucius,Accept
Melvin_Swift,Linwood,Reject
Hershel.O'Reilly,Gwendolyn,Reject
Hadley.Blick,Joy,Accept
Zackary.Waters,Wilbert.Fisher,Request
Dawn,Lucio,Request
Jasen.Wuckert,Magali,Request
Kaitlyn,Janiya,Accept
Raymundo.O'Reilly,Dameon.Lockman,Reject
Alfreda_Kilback,Jamir_Maggio,Request
Virginie,Lowell_Bosco,Request
Aliza,Spencer_Bahringer,Request
Alison,Clifford,Accept
Madyson.Rohan,Millie_Watsica,Reject
Madie,Jasmin.Kiehn,Reject
Glen.Rogahn,Ferne,Request
Verona,Harold.Morar,Reject
Keaton_Mayert,Frederic_Wehner,Request
Rico,Sonny_Ondricka,Reject
Justina,Rigoberto,Accept
Maximillia.Ondricka,Amie,Accept
Casimir,Jedediah_Mraz,Request
Ryley_Steuber,Maegan,Accept
Kayli,Kameron,Reject
Toni_Beier,Name.Mueller,Reject
Solon,Jed.Berge,Reject
Georgianna.Reynolds,Eduardo.Rolfson,Accept
Blaze.Ankunding,Kristofer_Schmidt,Request
Tierra.Wyman,Sandy_Abshire,Request
Scotty.Hickle,Rodger,Request
Jaylan_Koch,Eunice_Schroeder,Request
Tavares.Metz,Frieda,Reject
Brennon,Godfrey.Kuhn,Reject
Sabryna,Shanie.Langosh,Accept
Rene.Russel,Caesar.Medhurst,Accept
Gerardo,Hoyt,Accept
Judge.Lind,Stefanie,Request
Cynthia_D'Amore,Kristoffer.Prosacco,Accept
Karelle.Cole,Jett,Accept
Natalia.Gutkowski,Nya,Accept
Wilson_Hudson,Elinor,Reject
Hipolito_Lind,Marjory_Fahey,Accept
Leonardo,Reilly.Nicolas,Reject
Nina,Ashlee,Accept
Yadira.Breitenberg,Daren,Reject
Pearlie_Emard,Janet,Reject
Kailyn.Farrell,Darrick,Reject
Kaylah.Wintheiser,Judson,Reject
Jamir,Mary_Klein,Reject
Concepcion.White,Abner,Reject
Omer_Carter,Cara_Price,Request
Kaden,Maxime.Dickinson,Request
Bridie_Bode,Gabrielle.Fay,Reject
Hollis,Brycen.Walker,Reject
Rosalinda,Herminia,Accept
Chelsea,Jasmin.Cormier,Request
Dusty,Martin,Request
Orie_Farrell,Sammy_Kautzer,Request
Constance,Eliezer,Accept
Manley,Estel_Casper,Accept
Audrey.Crist,Hal.Wunsch,Reject
Reba_Huels,Marcia,Accept
Mikayla_Wyman,Leonora,Accept
Arthur,Daisha,Reject
Hassan_Olson,Janice_Wisoky,Accept
Irwin.Bashirian,Dovie,Reject
Zion,Samantha.O'Reilly,Accept
Zola,Edna,Accept
Lenore_Mosciski,Javon,Accept
Quinten,Alexanne.Yundt,Accept
Dalton,Thea,Request
Kailyn_Mohr,Mallie_Fahey,Request
Alan_Eichmann,Alexanne_Flatley,Accept
Ashly,Milo,Reject
Elbert,Stefanie,Request
Aaron_Lind,Elna,Accept
Cydney_Ondricka,Katrina,Accept
Ed_Collier,Chaya,Accept
Charles,Eula,Request
Merlin.Mills,Mya_Mante,Accept
Kaela.Labadie,Lane,Request
Sim,Alvena,Request
Rollin_Yundt,Maybelle,Accept
Lenora_Donnelly,Aglae_Streich,Request
Lysanne_Marquardt,Guy.Schultz,Reject
Reece,Ellsworth_Nader,Accept
Abigale,Willow.Watsica,Reject
Garth,Karine_Wolff,Reject
Joseph_Deckow,Ken,Request
Horace.Boyle,Joanne,Accept
Dominique.Rowe,Janis,Accept
Jan,Will,Reject
Wilmer_Runte,Itzel,Request
Heloise.Feil,Alec_Effertz,Request
Patricia.Rodriguez,Alden,Reject
Julius.Reichel,Curt,Accept
Jocelyn,Nicola.McKenzie,Request
Lempi_Cruickshank,Clair,Reject
Michelle,Tom.Orn,Accept
Zul.Hegmann,Cloyd.Heller,Accept
Brenna.Jacobson,Kailyn,Reject
Gudrun,Bud_Wolff,Accept
Cathrine,Rex,Request
Geovanny.Nader,Elna,Request
Vita,Patience.Sauer,Reject
Else.Heller,Chanelle.McCullough,Reject
Emanuel,Camryn_Emmerich,Reject
Madilyn.Hudson,Zora,Reject
Helena_Pfannerstill,Suzanne_Nienow,Reject
Conor.Kihn,Lyla,Request
Clark_Streich,Elian,Request
Stacey_Weimann,Johann,Request
Sarai.Bogisich,Monica_Muller,Accept
Karelle,Alicia,Accept
Grant,Crystal.Torphy,Reject
Harmony,Sam_Eichmann,Accept
Carmel_Kreiger,Emile,Accept
Antonio_Rutherford,Florian_Keebler,Request
Dario_Carter,Retha,Reject
Reagan,Althea_O'Hara,Reject
Jillian.McClure,Ollie.Witting,Accept
Beulah,Theron.Mitchell,Request
Cody_Bashirian,Guillermo,Reject
Sigmund,Kiana_Pfeffer,Request
Alda_Becker,Kaylah_Lindgren,Accept
Misty.Sawayn,Monte,Accept
Andres,Ozella,Request
Josie.Heidenreich,Belle,Request
Cade_Bayer,Corine,Reject
Marty,Nettie.Daniel,Request
Sandy,Porter.Sipes,Reject
Jasmin_Terry,Sallie.Cormier,Accept
Jacklyn,Domenica,Reject
Rebeca,Emelie,Reject
Jensen,Rollin_Zboncak,Request
Claude_Renner,Hector,Request
Emma_Lebsack,Blaze_Kemmer,Reject
Alfreda.Rosenbaum,Finn,Request
Alfredo,Lorena,Reject
Kenya.Bergstrom,Rubie,Request
Darryl,Holly,Request
Gisselle,Green,Request
Weldon.Tromp,Elizabeth_Upton,Accept
Reva.Rolfson,Rosamond.Krajcik,Accept
Dortha,Zackery,Reject
Joey,Brendan_Russel,Reject
Devonte,Erica.Wunsch,Reject
Al_Kessler,Newell_Connelly,Accept
Jules,Austyn,Reject
Albina_Koelpin,Muriel,Request
Makenzie,Haleigh,Accept
Ezequiel,Cale.Lubowitz,Request
Joshua_Hamill,Osbaldo,Reject
Pasquale.Russel,Eduardo,Reject
Hayley.Farrell,Edwina_Kuhn,Accept
